,city,state,city_id,parkid,location_name,location_type,parkstatus,developmentstatus,parkplanningarea,mgtpriorty,landowner,acreage,acresource,address,classic,park_link,shape_length,shape_area,address_old,location_type_old,location_name_old,43.6610652,43.6828866,43.679896,43.6605954,43.6104879,,43.6130114,43.6532929,43.6146316,43.5475988,43.6503693,43.617887,43.626294,43.6449789,43.6436012,43.638452,43.636504,43.6351477,43.6319851,43.6303104,43.626552,43.6248542,43.622819,43.6181311,43.6175837,43.616731,43.615077,43.616591,43.6144756,43.613066,43.6103798,43.610273,43.615726,43.6092033,43.614215,43.6151446,43.6144897,43.6052277,43.603333,43.6019085,43.604337,43.601044,43.5973645,43.5953347,43.6147002,43.5944027,43.5960863,43.5933122,43.590637,43.587635,43.5908829,43.5856801,43.5815,43.5883943,43.5783797,43.5774967,43.5772726,43.5880929,43.5734826,43.56389,43.5656557,43.6085474,43.6256985,43.61205,43.6338044,43.5600487,43.595756,43.6093837,43.468523,43.6899475,43.6574399,43.6554753,43.6019602,43.6521854,43.645009,43.6379565,43.6339837,43.6265791,43.6164788,43.6011568,43.5807801,43.563206,43.6147656,43.6187073,43.6112937,43.5824429,43.613342,43.6213324,43.573703,43.5751881,43.6116233,43.611803,43.5290362,43.6519645,43.615314,43.5732785,43.557425,43.6046661,43.610827,43.6153342,43.618824,43.613564,43.6236296,43.6265626,43.6329444,43.5898161,43.6384932,43.6483863,43.681303,43.5992087,43.568633,43.544704,43.626365,43.594577,43.5903778,43.632641,43.5931564,43.551804,43.585974,43.60454,43.620747,43.5947431,43.6688466,43.6555526,43.645532,43.5624883,43.6491983,43.6123158,43.5711014,43.6406514,43.6803871,43.6015064,43.599288,43.6157222,43.6018468,43.639151,43.5834967,43.647575,43.5707023,43.615799,43.552877,43.5689565,43.648724,43.633893,43.6183551,43.5926761,43.590282,43.586311,43.648962,43.6058354,43.5732588,43.5942341,43.6176437,43.635982,43.6129405,43.5734437,43.6194423,43.6023878,43.6122779,43.625927,43.620931,43.6173997,43.615751,43.6171003,43.5526915,43.6920387,-116.2135745,-116.2919211,-116.284887,-116.3456794,-116.2082807,-116.1799021,-116.2960007,-116.2145508,-116.1534075,-116.3544153,-116.2102005,-116.230735,-116.2466671,-116.2284526,-116.194785,-116.215855,-116.2234691,-116.3160828,-116.3243743,-116.268053,-116.1964928,-116.218515,-116.1940438,-116.2226005,-116.199126,-116.191985,-116.2201504,-116.2188586,-116.200583,-116.1898411,-116.208625,-116.2016517,-116.1729855,-116.203086,-116.2147125,-116.2123541,-116.1833698,-116.185561,-116.2149029,-116.321398,-116.337034,-116.2621912,-116.2387254,-116.1858868,-116.1633768,-116.2187273,-116.1777398,-116.184313,-116.198734,-116.2941272,-116.3312438,-116.248724,-116.1735301,-116.1571147,-116.2943564,-116.214027,-116.1910508,-116.2216564,-116.32195,-116.1540997,-116.2610448,-116.2078795,-116.171538,-116.202894,-116.1322349,-116.3140766,-116.2610432,-116.069723,-116.3020825,-116.2330146,-116.3063828,-116.1743447,-116.3007286,-116.305672,-116.27027,-116.2692501,-116.2830959,-116.3192311,-116.1680331,-116.1857617,-116.153317,-116.1786617,-116.2137274,-116.1943893,-116.1696052,-116.2841691,-116.2102647,-116.159217,-116.140329,-116.1827547,-116.207153,-116.1564325,-116.236936,-116.222081,-116.1406764,-116.125789,-116.2333794,-116.228565,-116.314295,-116.223728,-116.189305,-116.1780806,-116.2077292,-116.208244,-116.2443622,-116.2372639,-116.3219028,-116.2134882,-116.1425104,-116.274251,-116.284287,-116.2287023,-116.18477,-116.2741747,-116.180993,-116.205531,-116.132874,-116.172557,-116.2123044,-116.195633,-116.2285497,-116.2217642,-116.2633144,-116.238387,-116.3472997,-116.1629067,-116.3268437,-116.1704825,-116.1633,-116.2344009,-116.2684177,-116.2130446,-116.293971,-116.3050215,-116.245916,-116.2743595,-116.1573813,-116.203326,-116.1335834,-116.22412,-116.098622,-116.1210522,-116.222835,-116.326042,-116.2309316,-116.2504264,-116.2709188,-116.183356,-116.247889,-116.1931448,-116.193697,-116.213678,-116.2536306,-116.033712,-116.2297304,-116.192158,-116.3342868,-116.1884035,-116.2085864,-116.191698,-116.2142557,-116.1982766,-116.203924,-116.2036778,-116.0986275,-116.2376974
0,Boise,Idaho,150920,215,Stewart gulch park,Neighborhood,Open,Partially Developed,North River,Active Park,BOISE CITY (BOISE PARKS & RECREATION),5.81,Ada County Database,N Eyrie Way,Classic,Stewart-Gulch-Park,0.008218853,2.66e-06,N EYRIE WAY,Neighborhood,Stewart Gulch Park,43.6610652,43.6828866,43.679896,43.6605954,43.6104879,,43.6130114,43.6532929,43.6146316,43.5475988,43.6503693,43.617887,43.626294,43.6449789,43.6436012,43.638452,43.636504,43.6351477,43.6319851,43.6303104,43.626552,43.6248542,43.622819,43.6181311,43.6175837,43.616731,43.615077,43.616591,43.6144756,43.613066,43.6103798,43.610273,43.615726,43.6092033,43.614215,43.6151446,43.6144897,43.6052277,43.603333,43.6019085,43.604337,43.601044,43.5973645,43.5953347,43.6147002,43.5944027,43.5960863,43.5933122,43.590637,43.587635,43.5908829,43.5856801,43.5815,43.5883943,43.5783797,43.5774967,43.5772726,43.5880929,43.5734826,43.56389,43.5656557,43.6085474,43.6256985,43.61205,43.6338044,43.5600487,43.595756,43.6093837,43.468523,43.6899475,43.6574399,43.6554753,43.6019602,43.6521854,43.645009,43.6379565,43.6339837,43.6265791,43.6164788,43.6011568,43.5807801,43.563206,43.6147656,43.6187073,43.6112937,43.5824429,43.613342,43.6213324,43.573703,43.5751881,43.6116233,43.611803,43.5290362,43.6519645,43.615314,43.5732785,43.557425,43.6046661,43.610827,43.6153342,43.618824,43.613564,43.6236296,43.6265626,43.6329444,43.5898161,43.6384932,43.6483863,43.681303,43.5992087,43.568633,43.544704,43.626365,43.594577,43.5903778,43.632641,43.5931564,43.551804,43.585974,43.60454,43.620747,43.5947431,43.6688466,43.6555526,43.645532,43.5624883,43.6491983,43.6123158,43.5711014,43.6406514,43.6803871,43.6015064,43.599288,43.6157222,43.6018468,43.639151,43.5834967,43.647575,43.5707023,43.615799,43.552877,43.5689565,43.648724,43.633893,43.6183551,43.5926761,43.590282,43.586311,43.648962,43.6058354,43.5732588,43.5942341,43.6176437,43.635982,43.6129405,43.5734437,43.6194423,43.6023878,43.6122779,43.625927,43.620931,43.6173997,43.615751,43.6171003,43.5526915,43.6920387,-116.2135745,-116.2919211,-116.284887,-116.3456794,-116.2082807,-116.1799021,-116.2960007,-116.2145508,-116.1534075,-116.3544153,-116.2102005,-116.230735,-116.2466671,-116.2284526,-116.194785,-116.215855,-116.2234691,-116.3160828,-116.3243743,-116.268053,-116.1964928,-116.218515,-116.1940438,-116.2226005,-116.199126,-116.191985,-116.2201504,-116.2188586,-116.200583,-116.1898411,-116.208625,-116.2016517,-116.1729855,-116.203086,-116.2147125,-116.2123541,-116.1833698,-116.185561,-116.2149029,-116.321398,-116.337034,-116.2621912,-116.2387254,-116.1858868,-116.1633768,-116.2187273,-116.1777398,-116.184313,-116.198734,-116.2941272,-116.3312438,-116.248724,-116.1735301,-116.1571147,-116.2943564,-116.214027,-116.1910508,-116.2216564,-116.32195,-116.1540997,-116.2610448,-116.2078795,-116.171538,-116.202894,-116.1322349,-116.3140766,-116.2610432,-116.069723,-116.3020825,-116.2330146,-116.3063828,-116.1743447,-116.3007286,-116.305672,-116.27027,-116.2692501,-116.2830959,-116.3192311,-116.1680331,-116.1857617,-116.153317,-116.1786617,-116.2137274,-116.1943893,-116.1696052,-116.2841691,-116.2102647,-116.159217,-116.140329,-116.1827547,-116.207153,-116.1564325,-116.236936,-116.222081,-116.1406764,-116.125789,-116.2333794,-116.228565,-116.314295,-116.223728,-116.189305,-116.1780806,-116.2077292,-116.208244,-116.2443622,-116.2372639,-116.3219028,-116.2134882,-116.1425104,-116.274251,-116.284287,-116.2287023,-116.18477,-116.2741747,-116.180993,-116.205531,-116.132874,-116.172557,-116.2123044,-116.195633,-116.2285497,-116.2217642,-116.2633144,-116.238387,-116.3472997,-116.1629067,-116.3268437,-116.1704825,-116.1633,-116.2344009,-116.2684177,-116.2130446,-116.293971,-116.3050215,-116.245916,-116.2743595,-116.1573813,-116.203326,-116.1335834,-116.22412,-116.098622,-116.1210522,-116.222835,-116.326042,-116.2309316,-116.2504264,-116.2709188,-116.183356,-116.247889,-116.1931448,-116.193697,-116.213678,-116.2536306,-116.033712,-116.2297304,-116.192158,-116.3342868,-116.1884035,-116.2085864,-116.191698,-116.2142557,-116.1982766,-116.203924,-116.2036778,-116.0986275,-116.2376974
1,Boise,Idaho,150921,212,Magnolia park,Neighborhood,Open,Partially Developed,North River,Active Park,BOISE CITY (BOISE PARKS & RECREATION),7.25207793,GIS,8505 W Sloan St,Not Classic,Magnolia-Park,0.008440403,3.27e-06,8505 W SLOAN ST,Neighborhood,Magnolia Park,43.6610652,43.6828866,43.679896,43.6605954,43.6104879,,43.6130114,43.6532929,43.6146316,43.5475988,43.6503693,43.617887,43.626294,43.6449789,43.6436012,43.638452,43.636504,43.6351477,43.6319851,43.6303104,43.626552,43.6248542,43.622819,43.6181311,43.6175837,43.616731,43.615077,43.616591,43.6144756,43.613066,43.6103798,43.610273,43.615726,43.6092033,43.614215,43.6151446,43.6144897,43.6052277,43.603333,43.6019085,43.604337,43.601044,43.5973645,43.5953347,43.6147002,43.5944027,43.5960863,43.5933122,43.590637,43.587635,43.5908829,43.5856801,43.5815,43.5883943,43.5783797,43.5774967,43.5772726,43.5880929,43.5734826,43.56389,43.5656557,43.6085474,43.6256985,43.61205,43.6338044,43.5600487,43.595756,43.6093837,43.468523,43.6899475,43.6574399,43.6554753,43.6019602,43.6521854,43.645009,43.6379565,43.6339837,43.6265791,43.6164788,43.6011568,43.5807801,43.563206,43.6147656,43.6187073,43.6112937,43.5824429,43.613342,43.6213324,43.573703,43.5751881,43.6116233,43.611803,43.5290362,43.6519645,43.615314,43.5732785,43.557425,43.6046661,43.610827,43.6153342,43.618824,43.613564,43.6236296,43.6265626,43.6329444,43.5898161,43.6384932,43.6483863,43.681303,43.5992087,43.568633,43.544704,43.626365,43.594577,43.5903778,43.632641,43.5931564,43.551804,43.585974,43.60454,43.620747,43.5947431,43.6688466,43.6555526,43.645532,43.5624883,43.6491983,43.6123158,43.5711014,43.6406514,43.6803871,43.6015064,43.599288,43.6157222,43.6018468,43.639151,43.5834967,43.647575,43.5707023,43.615799,43.552877,43.5689565,43.648724,43.633893,43.6183551,43.5926761,43.590282,43.586311,43.648962,43.6058354,43.5732588,43.5942341,43.6176437,43.635982,43.6129405,43.5734437,43.6194423,43.6023878,43.6122779,43.625927,43.620931,43.6173997,43.615751,43.6171003,43.5526915,43.6920387,-116.2135745,-116.2919211,-116.284887,-116.3456794,-116.2082807,-116.1799021,-116.2960007,-116.2145508,-116.1534075,-116.3544153,-116.2102005,-116.230735,-116.2466671,-116.2284526,-116.194785,-116.215855,-116.2234691,-116.3160828,-116.3243743,-116.268053,-116.1964928,-116.218515,-116.1940438,-116.2226005,-116.199126,-116.191985,-116.2201504,-116.2188586,-116.200583,-116.1898411,-116.208625,-116.2016517,-116.1729855,-116.203086,-116.2147125,-116.2123541,-116.1833698,-116.185561,-116.2149029,-116.321398,-116.337034,-116.2621912,-116.2387254,-116.1858868,-116.1633768,-116.2187273,-116.1777398,-116.184313,-116.198734,-116.2941272,-116.3312438,-116.248724,-116.1735301,-116.1571147,-116.2943564,-116.214027,-116.1910508,-116.2216564,-116.32195,-116.1540997,-116.2610448,-116.2078795,-116.171538,-116.202894,-116.1322349,-116.3140766,-116.2610432,-116.069723,-116.3020825,-116.2330146,-116.3063828,-116.1743447,-116.3007286,-116.305672,-116.27027,-116.2692501,-116.2830959,-116.3192311,-116.1680331,-116.1857617,-116.153317,-116.1786617,-116.2137274,-116.1943893,-116.1696052,-116.2841691,-116.2102647,-116.159217,-116.140329,-116.1827547,-116.207153,-116.1564325,-116.236936,-116.222081,-116.1406764,-116.125789,-116.2333794,-116.228565,-116.314295,-116.223728,-116.189305,-116.1780806,-116.2077292,-116.208244,-116.2443622,-116.2372639,-116.3219028,-116.2134882,-116.1425104,-116.274251,-116.284287,-116.2287023,-116.18477,-116.2741747,-116.180993,-116.205531,-116.132874,-116.172557,-116.2123044,-116.195633,-116.2285497,-116.2217642,-116.2633144,-116.238387,-116.3472997,-116.1629067,-116.3268437,-116.1704825,-116.1633,-116.2344009,-116.2684177,-116.2130446,-116.293971,-116.3050215,-116.245916,-116.2743595,-116.1573813,-116.203326,-116.1335834,-116.22412,-116.098622,-116.1210522,-116.222835,-116.326042,-116.2309316,-116.2504264,-116.2709188,-116.183356,-116.247889,-116.1931448,-116.193697,-116.213678,-116.2536306,-116.033712,-116.2297304,-116.192158,-116.3342868,-116.1884035,-116.2085864,-116.191698,-116.2142557,-116.1982766,-116.203924,-116.2036778,-116.0986275,-116.2376974
2,Boise,Idaho,150922,402,Alder point - pocono pathway,Linear,Open,Developed,North River,Corridor,BOISE CITY (BOISE PARKS & RECREATION),0.1,Ada County Database,N Prescott Ave,Not Classic,,0.001798242,4.64e-08,N PRESCOTT AVE,Linear,Alder Point - Pocono Pathway,43.6610652,43.6828866,43.679896,43.6605954,43.6104879,,43.6130114,43.6532929,43.6146316,43.5475988,43.6503693,43.617887,43.626294,43.6449789,43.6436012,43.638452,43.636504,43.6351477,43.6319851,43.6303104,43.626552,43.6248542,43.622819,43.6181311,43.6175837,43.616731,43.615077,43.616591,43.6144756,43.613066,43.6103798,43.610273,43.615726,43.6092033,43.614215,43.6151446,43.6144897,43.6052277,43.603333,43.6019085,43.604337,43.601044,43.5973645,43.5953347,43.6147002,43.5944027,43.5960863,43.5933122,43.590637,43.587635,43.5908829,43.5856801,43.5815,43.5883943,43.5783797,43.5774967,43.5772726,43.5880929,43.5734826,43.56389,43.5656557,43.6085474,43.6256985,43.61205,43.6338044,43.5600487,43.595756,43.6093837,43.468523,43.6899475,43.6574399,43.6554753,43.6019602,43.6521854,43.645009,43.6379565,43.6339837,43.6265791,43.6164788,43.6011568,43.5807801,43.563206,43.6147656,43.6187073,43.6112937,43.5824429,43.613342,43.6213324,43.573703,43.5751881,43.6116233,43.611803,43.5290362,43.6519645,43.615314,43.5732785,43.557425,43.6046661,43.610827,43.6153342,43.618824,43.613564,43.6236296,43.6265626,43.6329444,43.5898161,43.6384932,43.6483863,43.681303,43.5992087,43.568633,43.544704,43.626365,43.594577,43.5903778,43.632641,43.5931564,43.551804,43.585974,43.60454,43.620747,43.5947431,43.6688466,43.6555526,43.645532,43.5624883,43.6491983,43.6123158,43.5711014,43.6406514,43.6803871,43.6015064,43.599288,43.6157222,43.6018468,43.639151,43.5834967,43.647575,43.5707023,43.615799,43.552877,43.5689565,43.648724,43.633893,43.6183551,43.5926761,43.590282,43.586311,43.648962,43.6058354,43.5732588,43.5942341,43.6176437,43.635982,43.6129405,43.5734437,43.6194423,43.6023878,43.6122779,43.625927,43.620931,43.6173997,43.615751,43.6171003,43.5526915,43.6920387,-116.2135745,-116.2919211,-116.284887,-116.3456794,-116.2082807,-116.1799021,-116.2960007,-116.2145508,-116.1534075,-116.3544153,-116.2102005,-116.230735,-116.2466671,-116.2284526,-116.194785,-116.215855,-116.2234691,-116.3160828,-116.3243743,-116.268053,-116.1964928,-116.218515,-116.1940438,-116.2226005,-116.199126,-116.191985,-116.2201504,-116.2188586,-116.200583,-116.1898411,-116.208625,-116.2016517,-116.1729855,-116.203086,-116.2147125,-116.2123541,-116.1833698,-116.185561,-116.2149029,-116.321398,-116.337034,-116.2621912,-116.2387254,-116.1858868,-116.1633768,-116.2187273,-116.1777398,-116.184313,-116.198734,-116.2941272,-116.3312438,-116.248724,-116.1735301,-116.1571147,-116.2943564,-116.214027,-116.1910508,-116.2216564,-116.32195,-116.1540997,-116.2610448,-116.2078795,-116.171538,-116.202894,-116.1322349,-116.3140766,-116.2610432,-116.069723,-116.3020825,-116.2330146,-116.3063828,-116.1743447,-116.3007286,-116.305672,-116.27027,-116.2692501,-116.2830959,-116.3192311,-116.1680331,-116.1857617,-116.153317,-116.1786617,-116.2137274,-116.1943893,-116.1696052,-116.2841691,-116.2102647,-116.159217,-116.140329,-116.1827547,-116.207153,-116.1564325,-116.236936,-116.222081,-116.1406764,-116.125789,-116.2333794,-116.228565,-116.314295,-116.223728,-116.189305,-116.1780806,-116.2077292,-116.208244,-116.2443622,-116.2372639,-116.3219028,-116.2134882,-116.1425104,-116.274251,-116.284287,-116.2287023,-116.18477,-116.2741747,-116.180993,-116.205531,-116.132874,-116.172557,-116.2123044,-116.195633,-116.2285497,-116.2217642,-116.2633144,-116.238387,-116.3472997,-116.1629067,-116.3268437,-116.1704825,-116.1633,-116.2344009,-116.2684177,-116.2130446,-116.293971,-116.3050215,-116.245916,-116.2743595,-116.1573813,-116.203326,-116.1335834,-116.22412,-116.098622,-116.1210522,-116.222835,-116.326042,-116.2309316,-116.2504264,-116.2709188,-116.183356,-116.247889,-116.1931448,-116.193697,-116.213678,-116.2536306,-116.033712,-116.2297304,-116.192158,-116.3342868,-116.1884035,-116.2085864,-116.191698,-116.2142557,-116.1982766,-116.203924,-116.2036778,-116.0986275,-116.2376974
3,Boise,Idaho,150923,130,Hobble creek park,Community,Open,Developed,West Bench,Active Park,BOISE CITY (BOISE PARKS & RECREATION),19.95,Ada County Database,6050 N Park Meadow Way,Classic,Hobble-Creek-Park,0.021375424,9.01e-06,6050 N PARK MEADOW WAY,Community,Hobble Creek Park,43.6610652,43.6828866,43.679896,43.6605954,43.6104879,,43.6130114,43.6532929,43.6146316,43.5475988,43.6503693,43.617887,43.626294,43.6449789,43.6436012,43.638452,43.636504,43.6351477,43.6319851,43.6303104,43.626552,43.6248542,43.622819,43.6181311,43.6175837,43.616731,43.615077,43.616591,43.6144756,43.613066,43.6103798,43.610273,43.615726,43.6092033,43.614215,43.6151446,43.6144897,43.6052277,43.603333,43.6019085,43.604337,43.601044,43.5973645,43.5953347,43.6147002,43.5944027,43.5960863,43.5933122,43.590637,43.587635,43.5908829,43.5856801,43.5815,43.5883943,43.5783797,43.5774967,43.5772726,43.5880929,43.5734826,43.56389,43.5656557,43.6085474,43.6256985,43.61205,43.6338044,43.5600487,43.595756,43.6093837,43.468523,43.6899475,43.6574399,43.6554753,43.6019602,43.6521854,43.645009,43.6379565,43.6339837,43.6265791,43.6164788,43.6011568,43.5807801,43.563206,43.6147656,43.6187073,43.6112937,43.5824429,43.613342,43.6213324,43.573703,43.5751881,43.6116233,43.611803,43.5290362,43.6519645,43.615314,43.5732785,43.557425,43.6046661,43.610827,43.6153342,43.618824,43.613564,43.6236296,43.6265626,43.6329444,43.5898161,43.6384932,43.6483863,43.681303,43.5992087,43.568633,43.544704,43.626365,43.594577,43.5903778,43.632641,43.5931564,43.551804,43.585974,43.60454,43.620747,43.5947431,43.6688466,43.6555526,43.645532,43.5624883,43.6491983,43.6123158,43.5711014,43.6406514,43.6803871,43.6015064,43.599288,43.6157222,43.6018468,43.639151,43.5834967,43.647575,43.5707023,43.615799,43.552877,43.5689565,43.648724,43.633893,43.6183551,43.5926761,43.590282,43.586311,43.648962,43.6058354,43.5732588,43.5942341,43.6176437,43.635982,43.6129405,43.5734437,43.6194423,43.6023878,43.6122779,43.625927,43.620931,43.6173997,43.615751,43.6171003,43.5526915,43.6920387,-116.2135745,-116.2919211,-116.284887,-116.3456794,-116.2082807,-116.1799021,-116.2960007,-116.2145508,-116.1534075,-116.3544153,-116.2102005,-116.230735,-116.2466671,-116.2284526,-116.194785,-116.215855,-116.2234691,-116.3160828,-116.3243743,-116.268053,-116.1964928,-116.218515,-116.1940438,-116.2226005,-116.199126,-116.191985,-116.2201504,-116.2188586,-116.200583,-116.1898411,-116.208625,-116.2016517,-116.1729855,-116.203086,-116.2147125,-116.2123541,-116.1833698,-116.185561,-116.2149029,-116.321398,-116.337034,-116.2621912,-116.2387254,-116.1858868,-116.1633768,-116.2187273,-116.1777398,-116.184313,-116.198734,-116.2941272,-116.3312438,-116.248724,-116.1735301,-116.1571147,-116.2943564,-116.214027,-116.1910508,-116.2216564,-116.32195,-116.1540997,-116.2610448,-116.2078795,-116.171538,-116.202894,-116.1322349,-116.3140766,-116.2610432,-116.069723,-116.3020825,-116.2330146,-116.3063828,-116.1743447,-116.3007286,-116.305672,-116.27027,-116.2692501,-116.2830959,-116.3192311,-116.1680331,-116.1857617,-116.153317,-116.1786617,-116.2137274,-116.1943893,-116.1696052,-116.2841691,-116.2102647,-116.159217,-116.140329,-116.1827547,-116.207153,-116.1564325,-116.236936,-116.222081,-116.1406764,-116.125789,-116.2333794,-116.228565,-116.314295,-116.223728,-116.189305,-116.1780806,-116.2077292,-116.208244,-116.2443622,-116.2372639,-116.3219028,-116.2134882,-116.1425104,-116.274251,-116.284287,-116.2287023,-116.18477,-116.2741747,-116.180993,-116.205531,-116.132874,-116.172557,-116.2123044,-116.195633,-116.2285497,-116.2217642,-116.2633144,-116.238387,-116.3472997,-116.1629067,-116.3268437,-116.1704825,-116.1633,-116.2344009,-116.2684177,-116.2130446,-116.293971,-116.3050215,-116.245916,-116.2743595,-116.1573813,-116.203326,-116.1335834,-116.22412,-116.098622,-116.1210522,-116.222835,-116.326042,-116.2309316,-116.2504264,-116.2709188,-116.183356,-116.247889,-116.1931448,-116.193697,-116.213678,-116.2536306,-116.033712,-116.2297304,-116.192158,-116.3342868,-116.1884035,-116.2085864,-116.191698,-116.2142557,-116.1982766,-116.203924,-116.2036778,-116.0986275,-116.2376974
4,Boise,Idaho,150924,132,Idaho anne frank human rights memorial,Special use,Open,Developed,North River,Historical/Cultural,BOISE CITY,0.57825404,GIS,770 S 8th St,Classic,Idaho-Anne-Frank-Human-Rights-Memorial,0.0039273220000000005,2.61e-07,770 S 8TH ST,Special Use,Idaho Anne Frank Human Rights Memorial,43.6610652,43.6828866,43.679896,43.6605954,43.6104879,,43.6130114,43.6532929,43.6146316,43.5475988,43.6503693,43.617887,43.626294,43.6449789,43.6436012,43.638452,43.636504,43.6351477,43.6319851,43.6303104,43.626552,43.6248542,43.622819,43.6181311,43.6175837,43.616731,43.615077,43.616591,43.6144756,43.613066,43.6103798,43.610273,43.615726,43.6092033,43.614215,43.6151446,43.6144897,43.6052277,43.603333,43.6019085,43.604337,43.601044,43.5973645,43.5953347,43.6147002,43.5944027,43.5960863,43.5933122,43.590637,43.587635,43.5908829,43.5856801,43.5815,43.5883943,43.5783797,43.5774967,43.5772726,43.5880929,43.5734826,43.56389,43.5656557,43.6085474,43.6256985,43.61205,43.6338044,43.5600487,43.595756,43.6093837,43.468523,43.6899475,43.6574399,43.6554753,43.6019602,43.6521854,43.645009,43.6379565,43.6339837,43.6265791,43.6164788,43.6011568,43.5807801,43.563206,43.6147656,43.6187073,43.6112937,43.5824429,43.613342,43.6213324,43.573703,43.5751881,43.6116233,43.611803,43.5290362,43.6519645,43.615314,43.5732785,43.557425,43.6046661,43.610827,43.6153342,43.618824,43.613564,43.6236296,43.6265626,43.6329444,43.5898161,43.6384932,43.6483863,43.681303,43.5992087,43.568633,43.544704,43.626365,43.594577,43.5903778,43.632641,43.5931564,43.551804,43.585974,43.60454,43.620747,43.5947431,43.6688466,43.6555526,43.645532,43.5624883,43.6491983,43.6123158,43.5711014,43.6406514,43.6803871,43.6015064,43.599288,43.6157222,43.6018468,43.639151,43.5834967,43.647575,43.5707023,43.615799,43.552877,43.5689565,43.648724,43.633893,43.6183551,43.5926761,43.590282,43.586311,43.648962,43.6058354,43.5732588,43.5942341,43.6176437,43.635982,43.6129405,43.5734437,43.6194423,43.6023878,43.6122779,43.625927,43.620931,43.6173997,43.615751,43.6171003,43.5526915,43.6920387,-116.2135745,-116.2919211,-116.284887,-116.3456794,-116.2082807,-116.1799021,-116.2960007,-116.2145508,-116.1534075,-116.3544153,-116.2102005,-116.230735,-116.2466671,-116.2284526,-116.194785,-116.215855,-116.2234691,-116.3160828,-116.3243743,-116.268053,-116.1964928,-116.218515,-116.1940438,-116.2226005,-116.199126,-116.191985,-116.2201504,-116.2188586,-116.200583,-116.1898411,-116.208625,-116.2016517,-116.1729855,-116.203086,-116.2147125,-116.2123541,-116.1833698,-116.185561,-116.2149029,-116.321398,-116.337034,-116.2621912,-116.2387254,-116.1858868,-116.1633768,-116.2187273,-116.1777398,-116.184313,-116.198734,-116.2941272,-116.3312438,-116.248724,-116.1735301,-116.1571147,-116.2943564,-116.214027,-116.1910508,-116.2216564,-116.32195,-116.1540997,-116.2610448,-116.2078795,-116.171538,-116.202894,-116.1322349,-116.3140766,-116.2610432,-116.069723,-116.3020825,-116.2330146,-116.3063828,-116.1743447,-116.3007286,-116.305672,-116.27027,-116.2692501,-116.2830959,-116.3192311,-116.1680331,-116.1857617,-116.153317,-116.1786617,-116.2137274,-116.1943893,-116.1696052,-116.2841691,-116.2102647,-116.159217,-116.140329,-116.1827547,-116.207153,-116.1564325,-116.236936,-116.222081,-116.1406764,-116.125789,-116.2333794,-116.228565,-116.314295,-116.223728,-116.189305,-116.1780806,-116.2077292,-116.208244,-116.2443622,-116.2372639,-116.3219028,-116.2134882,-116.1425104,-116.274251,-116.284287,-116.2287023,-116.18477,-116.2741747,-116.180993,-116.205531,-116.132874,-116.172557,-116.2123044,-116.195633,-116.2285497,-116.2217642,-116.2633144,-116.238387,-116.3472997,-116.1629067,-116.3268437,-116.1704825,-116.1633,-116.2344009,-116.2684177,-116.2130446,-116.293971,-116.3050215,-116.245916,-116.2743595,-116.1573813,-116.203326,-116.1335834,-116.22412,-116.098622,-116.1210522,-116.222835,-116.326042,-116.2309316,-116.2504264,-116.2709188,-116.183356,-116.247889,-116.1931448,-116.193697,-116.213678,-116.2536306,-116.033712,-116.2297304,-116.192158,-116.3342868,-116.1884035,-116.2085864,-116.191698,-116.2142557,-116.1982766,-116.203924,-116.2036778,-116.0986275,-116.2376974
5,Boise,Idaho,150925,710,Stack rock reserve,Open space,Open,Reserve,North River,Natural Area,BOISE CITY,2173.510436,GIS,,Reserve,Stack-Rock-Reserve,0.20934306100000002,0.000982634,,Open Space,Stack Rock Reserve,43.6610652,43.6828866,43.679896,43.6605954,43.6104879,,43.6130114,43.6532929,43.6146316,43.5475988,43.6503693,43.617887,43.626294,43.6449789,43.6436012,43.638452,43.636504,43.6351477,43.6319851,43.6303104,43.626552,43.6248542,43.622819,43.6181311,43.6175837,43.616731,43.615077,43.616591,43.6144756,43.613066,43.6103798,43.610273,43.615726,43.6092033,43.614215,43.6151446,43.6144897,43.6052277,43.603333,43.6019085,43.604337,43.601044,43.5973645,43.5953347,43.6147002,43.5944027,43.5960863,43.5933122,43.590637,43.587635,43.5908829,43.5856801,43.5815,43.5883943,43.5783797,43.5774967,43.5772726,43.5880929,43.5734826,43.56389,43.5656557,43.6085474,43.6256985,43.61205,43.6338044,43.5600487,43.595756,43.6093837,43.468523,43.6899475,43.6574399,43.6554753,43.6019602,43.6521854,43.645009,43.6379565,43.6339837,43.6265791,43.6164788,43.6011568,43.5807801,43.563206,43.6147656,43.6187073,43.6112937,43.5824429,43.613342,43.6213324,43.573703,43.5751881,43.6116233,43.611803,43.5290362,43.6519645,43.615314,43.5732785,43.557425,43.6046661,43.610827,43.6153342,43.618824,43.613564,43.6236296,43.6265626,43.6329444,43.5898161,43.6384932,43.6483863,43.681303,43.5992087,43.568633,43.544704,43.626365,43.594577,43.5903778,43.632641,43.5931564,43.551804,43.585974,43.60454,43.620747,43.5947431,43.6688466,43.6555526,43.645532,43.5624883,43.6491983,43.6123158,43.5711014,43.6406514,43.6803871,43.6015064,43.599288,43.6157222,43.6018468,43.639151,43.5834967,43.647575,43.5707023,43.615799,43.552877,43.5689565,43.648724,43.633893,43.6183551,43.5926761,43.590282,43.586311,43.648962,43.6058354,43.5732588,43.5942341,43.6176437,43.635982,43.6129405,43.5734437,43.6194423,43.6023878,43.6122779,43.625927,43.620931,43.6173997,43.615751,43.6171003,43.5526915,43.6920387,-116.2135745,-116.2919211,-116.284887,-116.3456794,-116.2082807,-116.1799021,-116.2960007,-116.2145508,-116.1534075,-116.3544153,-116.2102005,-116.230735,-116.2466671,-116.2284526,-116.194785,-116.215855,-116.2234691,-116.3160828,-116.3243743,-116.268053,-116.1964928,-116.218515,-116.1940438,-116.2226005,-116.199126,-116.191985,-116.2201504,-116.2188586,-116.200583,-116.1898411,-116.208625,-116.2016517,-116.1729855,-116.203086,-116.2147125,-116.2123541,-116.1833698,-116.185561,-116.2149029,-116.321398,-116.337034,-116.2621912,-116.2387254,-116.1858868,-116.1633768,-116.2187273,-116.1777398,-116.184313,-116.198734,-116.2941272,-116.3312438,-116.248724,-116.1735301,-116.1571147,-116.2943564,-116.214027,-116.1910508,-116.2216564,-116.32195,-116.1540997,-116.2610448,-116.2078795,-116.171538,-116.202894,-116.1322349,-116.3140766,-116.2610432,-116.069723,-116.3020825,-116.2330146,-116.3063828,-116.1743447,-116.3007286,-116.305672,-116.27027,-116.2692501,-116.2830959,-116.3192311,-116.1680331,-116.1857617,-116.153317,-116.1786617,-116.2137274,-116.1943893,-116.1696052,-116.2841691,-116.2102647,-116.159217,-116.140329,-116.1827547,-116.207153,-116.1564325,-116.236936,-116.222081,-116.1406764,-116.125789,-116.2333794,-116.228565,-116.314295,-116.223728,-116.189305,-116.1780806,-116.2077292,-116.208244,-116.2443622,-116.2372639,-116.3219028,-116.2134882,-116.1425104,-116.274251,-116.284287,-116.2287023,-116.18477,-116.2741747,-116.180993,-116.205531,-116.132874,-116.172557,-116.2123044,-116.195633,-116.2285497,-116.2217642,-116.2633144,-116.238387,-116.3472997,-116.1629067,-116.3268437,-116.1704825,-116.1633,-116.2344009,-116.2684177,-116.2130446,-116.293971,-116.3050215,-116.245916,-116.2743595,-116.1573813,-116.203326,-116.1335834,-116.22412,-116.098622,-116.1210522,-116.222835,-116.326042,-116.2309316,-116.2504264,-116.2709188,-116.183356,-116.247889,-116.1931448,-116.193697,-116.213678,-116.2536306,-116.033712,-116.2297304,-116.192158,-116.3342868,-116.1884035,-116.2085864,-116.191698,-116.2142557,-116.1982766,-116.203924,-116.2036778,-116.0986275,-116.2376974
6,Boise,Idaho,150926,709,Johnston parcel,Open space,Open,Reserve,North River,Natural Area,BOISE CITY,10.0,Ada County Database,E Shaw Mountain Rd,Reserve,,0.008615788000000001,4.51e-06,E SHAW MOUNTAIN RD,Open Space,Johnston Parcel,43.6610652,43.6828866,43.679896,43.6605954,43.6104879,,43.6130114,43.6532929,43.6146316,43.5475988,43.6503693,43.617887,43.626294,43.6449789,43.6436012,43.638452,43.636504,43.6351477,43.6319851,43.6303104,43.626552,43.6248542,43.622819,43.6181311,43.6175837,43.616731,43.615077,43.616591,43.6144756,43.613066,43.6103798,43.610273,43.615726,43.6092033,43.614215,43.6151446,43.6144897,43.6052277,43.603333,43.6019085,43.604337,43.601044,43.5973645,43.5953347,43.6147002,43.5944027,43.5960863,43.5933122,43.590637,43.587635,43.5908829,43.5856801,43.5815,43.5883943,43.5783797,43.5774967,43.5772726,43.5880929,43.5734826,43.56389,43.5656557,43.6085474,43.6256985,43.61205,43.6338044,43.5600487,43.595756,43.6093837,43.468523,43.6899475,43.6574399,43.6554753,43.6019602,43.6521854,43.645009,43.6379565,43.6339837,43.6265791,43.6164788,43.6011568,43.5807801,43.563206,43.6147656,43.6187073,43.6112937,43.5824429,43.613342,43.6213324,43.573703,43.5751881,43.6116233,43.611803,43.5290362,43.6519645,43.615314,43.5732785,43.557425,43.6046661,43.610827,43.6153342,43.618824,43.613564,43.6236296,43.6265626,43.6329444,43.5898161,43.6384932,43.6483863,43.681303,43.5992087,43.568633,43.544704,43.626365,43.594577,43.5903778,43.632641,43.5931564,43.551804,43.585974,43.60454,43.620747,43.5947431,43.6688466,43.6555526,43.645532,43.5624883,43.6491983,43.6123158,43.5711014,43.6406514,43.6803871,43.6015064,43.599288,43.6157222,43.6018468,43.639151,43.5834967,43.647575,43.5707023,43.615799,43.552877,43.5689565,43.648724,43.633893,43.6183551,43.5926761,43.590282,43.586311,43.648962,43.6058354,43.5732588,43.5942341,43.6176437,43.635982,43.6129405,43.5734437,43.6194423,43.6023878,43.6122779,43.625927,43.620931,43.6173997,43.615751,43.6171003,43.5526915,43.6920387,-116.2135745,-116.2919211,-116.284887,-116.3456794,-116.2082807,-116.1799021,-116.2960007,-116.2145508,-116.1534075,-116.3544153,-116.2102005,-116.230735,-116.2466671,-116.2284526,-116.194785,-116.215855,-116.2234691,-116.3160828,-116.3243743,-116.268053,-116.1964928,-116.218515,-116.1940438,-116.2226005,-116.199126,-116.191985,-116.2201504,-116.2188586,-116.200583,-116.1898411,-116.208625,-116.2016517,-116.1729855,-116.203086,-116.2147125,-116.2123541,-116.1833698,-116.185561,-116.2149029,-116.321398,-116.337034,-116.2621912,-116.2387254,-116.1858868,-116.1633768,-116.2187273,-116.1777398,-116.184313,-116.198734,-116.2941272,-116.3312438,-116.248724,-116.1735301,-116.1571147,-116.2943564,-116.214027,-116.1910508,-116.2216564,-116.32195,-116.1540997,-116.2610448,-116.2078795,-116.171538,-116.202894,-116.1322349,-116.3140766,-116.2610432,-116.069723,-116.3020825,-116.2330146,-116.3063828,-116.1743447,-116.3007286,-116.305672,-116.27027,-116.2692501,-116.2830959,-116.3192311,-116.1680331,-116.1857617,-116.153317,-116.1786617,-116.2137274,-116.1943893,-116.1696052,-116.2841691,-116.2102647,-116.159217,-116.140329,-116.1827547,-116.207153,-116.1564325,-116.236936,-116.222081,-116.1406764,-116.125789,-116.2333794,-116.228565,-116.314295,-116.223728,-116.189305,-116.1780806,-116.2077292,-116.208244,-116.2443622,-116.2372639,-116.3219028,-116.2134882,-116.1425104,-116.274251,-116.284287,-116.2287023,-116.18477,-116.2741747,-116.180993,-116.205531,-116.132874,-116.172557,-116.2123044,-116.195633,-116.2285497,-116.2217642,-116.2633144,-116.238387,-116.3472997,-116.1629067,-116.3268437,-116.1704825,-116.1633,-116.2344009,-116.2684177,-116.2130446,-116.293971,-116.3050215,-116.245916,-116.2743595,-116.1573813,-116.203326,-116.1335834,-116.22412,-116.098622,-116.1210522,-116.222835,-116.326042,-116.2309316,-116.2504264,-116.2709188,-116.183356,-116.247889,-116.1931448,-116.193697,-116.213678,-116.2536306,-116.033712,-116.2297304,-116.192158,-116.3342868,-116.1884035,-116.2085864,-116.191698,-116.2142557,-116.1982766,-116.203924,-116.2036778,-116.0986275,-116.2376974
7,Boise,Idaho,150927,131,Hyatt hidden lakes reserve,Open space,Open,Reserve,West Bench,Natural Area,BOISE CITY (BOISE PARKS & RECREATION),53.34271198,Ada County Database,5301 N Maple Grove Rd,Reserve,Hyatt-Hidden-Lakes-Reserve,0.02028002,2.4100000000000003e-05,5301 N MAPLE GROVE RD,Open Space,Hyatt Hidden Lakes Reserve,43.6610652,43.6828866,43.679896,43.6605954,43.6104879,,43.6130114,43.6532929,43.6146316,43.5475988,43.6503693,43.617887,43.626294,43.6449789,43.6436012,43.638452,43.636504,43.6351477,43.6319851,43.6303104,43.626552,43.6248542,43.622819,43.6181311,43.6175837,43.616731,43.615077,43.616591,43.6144756,43.613066,43.6103798,43.610273,43.615726,43.6092033,43.614215,43.6151446,43.6144897,43.6052277,43.603333,43.6019085,43.604337,43.601044,43.5973645,43.5953347,43.6147002,43.5944027,43.5960863,43.5933122,43.590637,43.587635,43.5908829,43.5856801,43.5815,43.5883943,43.5783797,43.5774967,43.5772726,43.5880929,43.5734826,43.56389,43.5656557,43.6085474,43.6256985,43.61205,43.6338044,43.5600487,43.595756,43.6093837,43.468523,43.6899475,43.6574399,43.6554753,43.6019602,43.6521854,43.645009,43.6379565,43.6339837,43.6265791,43.6164788,43.6011568,43.5807801,43.563206,43.6147656,43.6187073,43.6112937,43.5824429,43.613342,43.6213324,43.573703,43.5751881,43.6116233,43.611803,43.5290362,43.6519645,43.615314,43.5732785,43.557425,43.6046661,43.610827,43.6153342,43.618824,43.613564,43.6236296,43.6265626,43.6329444,43.5898161,43.6384932,43.6483863,43.681303,43.5992087,43.568633,43.544704,43.626365,43.594577,43.5903778,43.632641,43.5931564,43.551804,43.585974,43.60454,43.620747,43.5947431,43.6688466,43.6555526,43.645532,43.5624883,43.6491983,43.6123158,43.5711014,43.6406514,43.6803871,43.6015064,43.599288,43.6157222,43.6018468,43.639151,43.5834967,43.647575,43.5707023,43.615799,43.552877,43.5689565,43.648724,43.633893,43.6183551,43.5926761,43.590282,43.586311,43.648962,43.6058354,43.5732588,43.5942341,43.6176437,43.635982,43.6129405,43.5734437,43.6194423,43.6023878,43.6122779,43.625927,43.620931,43.6173997,43.615751,43.6171003,43.5526915,43.6920387,-116.2135745,-116.2919211,-116.284887,-116.3456794,-116.2082807,-116.1799021,-116.2960007,-116.2145508,-116.1534075,-116.3544153,-116.2102005,-116.230735,-116.2466671,-116.2284526,-116.194785,-116.215855,-116.2234691,-116.3160828,-116.3243743,-116.268053,-116.1964928,-116.218515,-116.1940438,-116.2226005,-116.199126,-116.191985,-116.2201504,-116.2188586,-116.200583,-116.1898411,-116.208625,-116.2016517,-116.1729855,-116.203086,-116.2147125,-116.2123541,-116.1833698,-116.185561,-116.2149029,-116.321398,-116.337034,-116.2621912,-116.2387254,-116.1858868,-116.1633768,-116.2187273,-116.1777398,-116.184313,-116.198734,-116.2941272,-116.3312438,-116.248724,-116.1735301,-116.1571147,-116.2943564,-116.214027,-116.1910508,-116.2216564,-116.32195,-116.1540997,-116.2610448,-116.2078795,-116.171538,-116.202894,-116.1322349,-116.3140766,-116.2610432,-116.069723,-116.3020825,-116.2330146,-116.3063828,-116.1743447,-116.3007286,-116.305672,-116.27027,-116.2692501,-116.2830959,-116.3192311,-116.1680331,-116.1857617,-116.153317,-116.1786617,-116.2137274,-116.1943893,-116.1696052,-116.2841691,-116.2102647,-116.159217,-116.140329,-116.1827547,-116.207153,-116.1564325,-116.236936,-116.222081,-116.1406764,-116.125789,-116.2333794,-116.228565,-116.314295,-116.223728,-116.189305,-116.1780806,-116.2077292,-116.208244,-116.2443622,-116.2372639,-116.3219028,-116.2134882,-116.1425104,-116.274251,-116.284287,-116.2287023,-116.18477,-116.2741747,-116.180993,-116.205531,-116.132874,-116.172557,-116.2123044,-116.195633,-116.2285497,-116.2217642,-116.2633144,-116.238387,-116.3472997,-116.1629067,-116.3268437,-116.1704825,-116.1633,-116.2344009,-116.2684177,-116.2130446,-116.293971,-116.3050215,-116.245916,-116.2743595,-116.1573813,-116.203326,-116.1335834,-116.22412,-116.098622,-116.1210522,-116.222835,-116.326042,-116.2309316,-116.2504264,-116.2709188,-116.183356,-116.247889,-116.1931448,-116.193697,-116.213678,-116.2536306,-116.033712,-116.2297304,-116.192158,-116.3342868,-116.1884035,-116.2085864,-116.191698,-116.2142557,-116.1982766,-116.203924,-116.2036778,-116.0986275,-116.2376974
8,Boise,Idaho,150928,502,Greenbelt nw,Linear,Open,Partially Developed,North River,Corridor,BOISE CITY (BOISE PARKS & RECREATION),16.55,Ada County Database,W River St,Not Classic,,0.061425007999999996,7.87e-06,W RIVER ST,Linear,Greenbelt NW,43.6610652,43.6828866,43.679896,43.6605954,43.6104879,,43.6130114,43.6532929,43.6146316,43.5475988,43.6503693,43.617887,43.626294,43.6449789,43.6436012,43.638452,43.636504,43.6351477,43.6319851,43.6303104,43.626552,43.6248542,43.622819,43.6181311,43.6175837,43.616731,43.615077,43.616591,43.6144756,43.613066,43.6103798,43.610273,43.615726,43.6092033,43.614215,43.6151446,43.6144897,43.6052277,43.603333,43.6019085,43.604337,43.601044,43.5973645,43.5953347,43.6147002,43.5944027,43.5960863,43.5933122,43.590637,43.587635,43.5908829,43.5856801,43.5815,43.5883943,43.5783797,43.5774967,43.5772726,43.5880929,43.5734826,43.56389,43.5656557,43.6085474,43.6256985,43.61205,43.6338044,43.5600487,43.595756,43.6093837,43.468523,43.6899475,43.6574399,43.6554753,43.6019602,43.6521854,43.645009,43.6379565,43.6339837,43.6265791,43.6164788,43.6011568,43.5807801,43.563206,43.6147656,43.6187073,43.6112937,43.5824429,43.613342,43.6213324,43.573703,43.5751881,43.6116233,43.611803,43.5290362,43.6519645,43.615314,43.5732785,43.557425,43.6046661,43.610827,43.6153342,43.618824,43.613564,43.6236296,43.6265626,43.6329444,43.5898161,43.6384932,43.6483863,43.681303,43.5992087,43.568633,43.544704,43.626365,43.594577,43.5903778,43.632641,43.5931564,43.551804,43.585974,43.60454,43.620747,43.5947431,43.6688466,43.6555526,43.645532,43.5624883,43.6491983,43.6123158,43.5711014,43.6406514,43.6803871,43.6015064,43.599288,43.6157222,43.6018468,43.639151,43.5834967,43.647575,43.5707023,43.615799,43.552877,43.5689565,43.648724,43.633893,43.6183551,43.5926761,43.590282,43.586311,43.648962,43.6058354,43.5732588,43.5942341,43.6176437,43.635982,43.6129405,43.5734437,43.6194423,43.6023878,43.6122779,43.625927,43.620931,43.6173997,43.615751,43.6171003,43.5526915,43.6920387,-116.2135745,-116.2919211,-116.284887,-116.3456794,-116.2082807,-116.1799021,-116.2960007,-116.2145508,-116.1534075,-116.3544153,-116.2102005,-116.230735,-116.2466671,-116.2284526,-116.194785,-116.215855,-116.2234691,-116.3160828,-116.3243743,-116.268053,-116.1964928,-116.218515,-116.1940438,-116.2226005,-116.199126,-116.191985,-116.2201504,-116.2188586,-116.200583,-116.1898411,-116.208625,-116.2016517,-116.1729855,-116.203086,-116.2147125,-116.2123541,-116.1833698,-116.185561,-116.2149029,-116.321398,-116.337034,-116.2621912,-116.2387254,-116.1858868,-116.1633768,-116.2187273,-116.1777398,-116.184313,-116.198734,-116.2941272,-116.3312438,-116.248724,-116.1735301,-116.1571147,-116.2943564,-116.214027,-116.1910508,-116.2216564,-116.32195,-116.1540997,-116.2610448,-116.2078795,-116.171538,-116.202894,-116.1322349,-116.3140766,-116.2610432,-116.069723,-116.3020825,-116.2330146,-116.3063828,-116.1743447,-116.3007286,-116.305672,-116.27027,-116.2692501,-116.2830959,-116.3192311,-116.1680331,-116.1857617,-116.153317,-116.1786617,-116.2137274,-116.1943893,-116.1696052,-116.2841691,-116.2102647,-116.159217,-116.140329,-116.1827547,-116.207153,-116.1564325,-116.236936,-116.222081,-116.1406764,-116.125789,-116.2333794,-116.228565,-116.314295,-116.223728,-116.189305,-116.1780806,-116.2077292,-116.208244,-116.2443622,-116.2372639,-116.3219028,-116.2134882,-116.1425104,-116.274251,-116.284287,-116.2287023,-116.18477,-116.2741747,-116.180993,-116.205531,-116.132874,-116.172557,-116.2123044,-116.195633,-116.2285497,-116.2217642,-116.2633144,-116.238387,-116.3472997,-116.1629067,-116.3268437,-116.1704825,-116.1633,-116.2344009,-116.2684177,-116.2130446,-116.293971,-116.3050215,-116.245916,-116.2743595,-116.1573813,-116.203326,-116.1335834,-116.22412,-116.098622,-116.1210522,-116.222835,-116.326042,-116.2309316,-116.2504264,-116.2709188,-116.183356,-116.247889,-116.1931448,-116.193697,-116.213678,-116.2536306,-116.033712,-116.2297304,-116.192158,-116.3342868,-116.1884035,-116.2085864,-116.191698,-116.2142557,-116.1982766,-116.203924,-116.2036778,-116.0986275,-116.2376974
9,Boise,Idaho,150929,161,Simplot sports complex,Special use,Open,Developed,Southeast,Active Park,ADA COUNTY - TREASURER'S OFFICE,159.04,Ada County Database,2437 E Lake Forest Dr,Classic,Simplot-Sports-Complex,0.034482043,7.11e-05,2437 E LAKE FOREST DR,Special Use,Simplot Sports Complex,43.6610652,43.6828866,43.679896,43.6605954,43.6104879,,43.6130114,43.6532929,43.6146316,43.5475988,43.6503693,43.617887,43.626294,43.6449789,43.6436012,43.638452,43.636504,43.6351477,43.6319851,43.6303104,43.626552,43.6248542,43.622819,43.6181311,43.6175837,43.616731,43.615077,43.616591,43.6144756,43.613066,43.6103798,43.610273,43.615726,43.6092033,43.614215,43.6151446,43.6144897,43.6052277,43.603333,43.6019085,43.604337,43.601044,43.5973645,43.5953347,43.6147002,43.5944027,43.5960863,43.5933122,43.590637,43.587635,43.5908829,43.5856801,43.5815,43.5883943,43.5783797,43.5774967,43.5772726,43.5880929,43.5734826,43.56389,43.5656557,43.6085474,43.6256985,43.61205,43.6338044,43.5600487,43.595756,43.6093837,43.468523,43.6899475,43.6574399,43.6554753,43.6019602,43.6521854,43.645009,43.6379565,43.6339837,43.6265791,43.6164788,43.6011568,43.5807801,43.563206,43.6147656,43.6187073,43.6112937,43.5824429,43.613342,43.6213324,43.573703,43.5751881,43.6116233,43.611803,43.5290362,43.6519645,43.615314,43.5732785,43.557425,43.6046661,43.610827,43.6153342,43.618824,43.613564,43.6236296,43.6265626,43.6329444,43.5898161,43.6384932,43.6483863,43.681303,43.5992087,43.568633,43.544704,43.626365,43.594577,43.5903778,43.632641,43.5931564,43.551804,43.585974,43.60454,43.620747,43.5947431,43.6688466,43.6555526,43.645532,43.5624883,43.6491983,43.6123158,43.5711014,43.6406514,43.6803871,43.6015064,43.599288,43.6157222,43.6018468,43.639151,43.5834967,43.647575,43.5707023,43.615799,43.552877,43.5689565,43.648724,43.633893,43.6183551,43.5926761,43.590282,43.586311,43.648962,43.6058354,43.5732588,43.5942341,43.6176437,43.635982,43.6129405,43.5734437,43.6194423,43.6023878,43.6122779,43.625927,43.620931,43.6173997,43.615751,43.6171003,43.5526915,43.6920387,-116.2135745,-116.2919211,-116.284887,-116.3456794,-116.2082807,-116.1799021,-116.2960007,-116.2145508,-116.1534075,-116.3544153,-116.2102005,-116.230735,-116.2466671,-116.2284526,-116.194785,-116.215855,-116.2234691,-116.3160828,-116.3243743,-116.268053,-116.1964928,-116.218515,-116.1940438,-116.2226005,-116.199126,-116.191985,-116.2201504,-116.2188586,-116.200583,-116.1898411,-116.208625,-116.2016517,-116.1729855,-116.203086,-116.2147125,-116.2123541,-116.1833698,-116.185561,-116.2149029,-116.321398,-116.337034,-116.2621912,-116.2387254,-116.1858868,-116.1633768,-116.2187273,-116.1777398,-116.184313,-116.198734,-116.2941272,-116.3312438,-116.248724,-116.1735301,-116.1571147,-116.2943564,-116.214027,-116.1910508,-116.2216564,-116.32195,-116.1540997,-116.2610448,-116.2078795,-116.171538,-116.202894,-116.1322349,-116.3140766,-116.2610432,-116.069723,-116.3020825,-116.2330146,-116.3063828,-116.1743447,-116.3007286,-116.305672,-116.27027,-116.2692501,-116.2830959,-116.3192311,-116.1680331,-116.1857617,-116.153317,-116.1786617,-116.2137274,-116.1943893,-116.1696052,-116.2841691,-116.2102647,-116.159217,-116.140329,-116.1827547,-116.207153,-116.1564325,-116.236936,-116.222081,-116.1406764,-116.125789,-116.2333794,-116.228565,-116.314295,-116.223728,-116.189305,-116.1780806,-116.2077292,-116.208244,-116.2443622,-116.2372639,-116.3219028,-116.2134882,-116.1425104,-116.274251,-116.284287,-116.2287023,-116.18477,-116.2741747,-116.180993,-116.205531,-116.132874,-116.172557,-116.2123044,-116.195633,-116.2285497,-116.2217642,-116.2633144,-116.238387,-116.3472997,-116.1629067,-116.3268437,-116.1704825,-116.1633,-116.2344009,-116.2684177,-116.2130446,-116.293971,-116.3050215,-116.245916,-116.2743595,-116.1573813,-116.203326,-116.1335834,-116.22412,-116.098622,-116.1210522,-116.222835,-116.326042,-116.2309316,-116.2504264,-116.2709188,-116.183356,-116.247889,-116.1931448,-116.193697,-116.213678,-116.2536306,-116.033712,-116.2297304,-116.192158,-116.3342868,-116.1884035,-116.2085864,-116.191698,-116.2142557,-116.1982766,-116.203924,-116.2036778,-116.0986275,-116.2376974
10,Boise,Idaho,150931,109,Charles f. mcdevitt youth sports complex,Special use,Open,Developed,West Bench,Active Park,BOISE CITY (BOISE PARKS & RECREATION),38.1,Ada County Database,5101 N Eagle Rd,Classic,Charles-F-McDevitt-Youth-Sports-Complex,0.016935933,1.75e-05,5101 N EAGLE RD,Special Use,Charles F. McDevitt Youth Sports Complex,43.6610652,43.6828866,43.679896,43.6605954,43.6104879,,43.6130114,43.6532929,43.6146316,43.5475988,43.6503693,43.617887,43.626294,43.6449789,43.6436012,43.638452,43.636504,43.6351477,43.6319851,43.6303104,43.626552,43.6248542,43.622819,43.6181311,43.6175837,43.616731,43.615077,43.616591,43.6144756,43.613066,43.6103798,43.610273,43.615726,43.6092033,43.614215,43.6151446,43.6144897,43.6052277,43.603333,43.6019085,43.604337,43.601044,43.5973645,43.5953347,43.6147002,43.5944027,43.5960863,43.5933122,43.590637,43.587635,43.5908829,43.5856801,43.5815,43.5883943,43.5783797,43.5774967,43.5772726,43.5880929,43.5734826,43.56389,43.5656557,43.6085474,43.6256985,43.61205,43.6338044,43.5600487,43.595756,43.6093837,43.468523,43.6899475,43.6574399,43.6554753,43.6019602,43.6521854,43.645009,43.6379565,43.6339837,43.6265791,43.6164788,43.6011568,43.5807801,43.563206,43.6147656,43.6187073,43.6112937,43.5824429,43.613342,43.6213324,43.573703,43.5751881,43.6116233,43.611803,43.5290362,43.6519645,43.615314,43.5732785,43.557425,43.6046661,43.610827,43.6153342,43.618824,43.613564,43.6236296,43.6265626,43.6329444,43.5898161,43.6384932,43.6483863,43.681303,43.5992087,43.568633,43.544704,43.626365,43.594577,43.5903778,43.632641,43.5931564,43.551804,43.585974,43.60454,43.620747,43.5947431,43.6688466,43.6555526,43.645532,43.5624883,43.6491983,43.6123158,43.5711014,43.6406514,43.6803871,43.6015064,43.599288,43.6157222,43.6018468,43.639151,43.5834967,43.647575,43.5707023,43.615799,43.552877,43.5689565,43.648724,43.633893,43.6183551,43.5926761,43.590282,43.586311,43.648962,43.6058354,43.5732588,43.5942341,43.6176437,43.635982,43.6129405,43.5734437,43.6194423,43.6023878,43.6122779,43.625927,43.620931,43.6173997,43.615751,43.6171003,43.5526915,43.6920387,-116.2135745,-116.2919211,-116.284887,-116.3456794,-116.2082807,-116.1799021,-116.2960007,-116.2145508,-116.1534075,-116.3544153,-116.2102005,-116.230735,-116.2466671,-116.2284526,-116.194785,-116.215855,-116.2234691,-116.3160828,-116.3243743,-116.268053,-116.1964928,-116.218515,-116.1940438,-116.2226005,-116.199126,-116.191985,-116.2201504,-116.2188586,-116.200583,-116.1898411,-116.208625,-116.2016517,-116.1729855,-116.203086,-116.2147125,-116.2123541,-116.1833698,-116.185561,-116.2149029,-116.321398,-116.337034,-116.2621912,-116.2387254,-116.1858868,-116.1633768,-116.2187273,-116.1777398,-116.184313,-116.198734,-116.2941272,-116.3312438,-116.248724,-116.1735301,-116.1571147,-116.2943564,-116.214027,-116.1910508,-116.2216564,-116.32195,-116.1540997,-116.2610448,-116.2078795,-116.171538,-116.202894,-116.1322349,-116.3140766,-116.2610432,-116.069723,-116.3020825,-116.2330146,-116.3063828,-116.1743447,-116.3007286,-116.305672,-116.27027,-116.2692501,-116.2830959,-116.3192311,-116.1680331,-116.1857617,-116.153317,-116.1786617,-116.2137274,-116.1943893,-116.1696052,-116.2841691,-116.2102647,-116.159217,-116.140329,-116.1827547,-116.207153,-116.1564325,-116.236936,-116.222081,-116.1406764,-116.125789,-116.2333794,-116.228565,-116.314295,-116.223728,-116.189305,-116.1780806,-116.2077292,-116.208244,-116.2443622,-116.2372639,-116.3219028,-116.2134882,-116.1425104,-116.274251,-116.284287,-116.2287023,-116.18477,-116.2741747,-116.180993,-116.205531,-116.132874,-116.172557,-116.2123044,-116.195633,-116.2285497,-116.2217642,-116.2633144,-116.238387,-116.3472997,-116.1629067,-116.3268437,-116.1704825,-116.1633,-116.2344009,-116.2684177,-116.2130446,-116.293971,-116.3050215,-116.245916,-116.2743595,-116.1573813,-116.203326,-116.1335834,-116.22412,-116.098622,-116.1210522,-116.222835,-116.326042,-116.2309316,-116.2504264,-116.2709188,-116.183356,-116.247889,-116.1931448,-116.193697,-116.213678,-116.2536306,-116.033712,-116.2297304,-116.192158,-116.3342868,-116.1884035,-116.2085864,-116.191698,-116.2142557,-116.1982766,-116.203924,-116.2036778,-116.0986275,-116.2376974
11,Boise,Idaho,150932,503,Greenbelt sw,Linear,Open,Undeveloped,North River,Corridor,BOISE CITY,3.85,Ada County Database,W Grove St,Not Classic,,0.02835687,2.79e-06,W GROVE ST,Linear,Greenbelt SW,43.6610652,43.6828866,43.679896,43.6605954,43.6104879,,43.6130114,43.6532929,43.6146316,43.5475988,43.6503693,43.617887,43.626294,43.6449789,43.6436012,43.638452,43.636504,43.6351477,43.6319851,43.6303104,43.626552,43.6248542,43.622819,43.6181311,43.6175837,43.616731,43.615077,43.616591,43.6144756,43.613066,43.6103798,43.610273,43.615726,43.6092033,43.614215,43.6151446,43.6144897,43.6052277,43.603333,43.6019085,43.604337,43.601044,43.5973645,43.5953347,43.6147002,43.5944027,43.5960863,43.5933122,43.590637,43.587635,43.5908829,43.5856801,43.5815,43.5883943,43.5783797,43.5774967,43.5772726,43.5880929,43.5734826,43.56389,43.5656557,43.6085474,43.6256985,43.61205,43.6338044,43.5600487,43.595756,43.6093837,43.468523,43.6899475,43.6574399,43.6554753,43.6019602,43.6521854,43.645009,43.6379565,43.6339837,43.6265791,43.6164788,43.6011568,43.5807801,43.563206,43.6147656,43.6187073,43.6112937,43.5824429,43.613342,43.6213324,43.573703,43.5751881,43.6116233,43.611803,43.5290362,43.6519645,43.615314,43.5732785,43.557425,43.6046661,43.610827,43.6153342,43.618824,43.613564,43.6236296,43.6265626,43.6329444,43.5898161,43.6384932,43.6483863,43.681303,43.5992087,43.568633,43.544704,43.626365,43.594577,43.5903778,43.632641,43.5931564,43.551804,43.585974,43.60454,43.620747,43.5947431,43.6688466,43.6555526,43.645532,43.5624883,43.6491983,43.6123158,43.5711014,43.6406514,43.6803871,43.6015064,43.599288,43.6157222,43.6018468,43.639151,43.5834967,43.647575,43.5707023,43.615799,43.552877,43.5689565,43.648724,43.633893,43.6183551,43.5926761,43.590282,43.586311,43.648962,43.6058354,43.5732588,43.5942341,43.6176437,43.635982,43.6129405,43.5734437,43.6194423,43.6023878,43.6122779,43.625927,43.620931,43.6173997,43.615751,43.6171003,43.5526915,43.6920387,-116.2135745,-116.2919211,-116.284887,-116.3456794,-116.2082807,-116.1799021,-116.2960007,-116.2145508,-116.1534075,-116.3544153,-116.2102005,-116.230735,-116.2466671,-116.2284526,-116.194785,-116.215855,-116.2234691,-116.3160828,-116.3243743,-116.268053,-116.1964928,-116.218515,-116.1940438,-116.2226005,-116.199126,-116.191985,-116.2201504,-116.2188586,-116.200583,-116.1898411,-116.208625,-116.2016517,-116.1729855,-116.203086,-116.2147125,-116.2123541,-116.1833698,-116.185561,-116.2149029,-116.321398,-116.337034,-116.2621912,-116.2387254,-116.1858868,-116.1633768,-116.2187273,-116.1777398,-116.184313,-116.198734,-116.2941272,-116.3312438,-116.248724,-116.1735301,-116.1571147,-116.2943564,-116.214027,-116.1910508,-116.2216564,-116.32195,-116.1540997,-116.2610448,-116.2078795,-116.171538,-116.202894,-116.1322349,-116.3140766,-116.2610432,-116.069723,-116.3020825,-116.2330146,-116.3063828,-116.1743447,-116.3007286,-116.305672,-116.27027,-116.2692501,-116.2830959,-116.3192311,-116.1680331,-116.1857617,-116.153317,-116.1786617,-116.2137274,-116.1943893,-116.1696052,-116.2841691,-116.2102647,-116.159217,-116.140329,-116.1827547,-116.207153,-116.1564325,-116.236936,-116.222081,-116.1406764,-116.125789,-116.2333794,-116.228565,-116.314295,-116.223728,-116.189305,-116.1780806,-116.2077292,-116.208244,-116.2443622,-116.2372639,-116.3219028,-116.2134882,-116.1425104,-116.274251,-116.284287,-116.2287023,-116.18477,-116.2741747,-116.180993,-116.205531,-116.132874,-116.172557,-116.2123044,-116.195633,-116.2285497,-116.2217642,-116.2633144,-116.238387,-116.3472997,-116.1629067,-116.3268437,-116.1704825,-116.1633,-116.2344009,-116.2684177,-116.2130446,-116.293971,-116.3050215,-116.245916,-116.2743595,-116.1573813,-116.203326,-116.1335834,-116.22412,-116.098622,-116.1210522,-116.222835,-116.326042,-116.2309316,-116.2504264,-116.2709188,-116.183356,-116.247889,-116.1931448,-116.193697,-116.213678,-116.2536306,-116.033712,-116.2297304,-116.192158,-116.3342868,-116.1884035,-116.2085864,-116.191698,-116.2142557,-116.1982766,-116.203924,-116.2036778,-116.0986275,-116.2376974
12,Boise,Idaho,150933,910,Jakaff boise whitewater park,Special use,Open,Developed,North River,Special Use Area,RIVER,1.43308002,,3400 W Pleasonton Ave,Not Classic,JA-And-Kathryn-Albertson-Family-Foundation-Boise-Whitewater-Park,0.003728505,7.5e-07,3400 W PLEASONTON AVE,Special Use,JAKAFF Boise Whitewater Park,43.6610652,43.6828866,43.679896,43.6605954,43.6104879,,43.6130114,43.6532929,43.6146316,43.5475988,43.6503693,43.617887,43.626294,43.6449789,43.6436012,43.638452,43.636504,43.6351477,43.6319851,43.6303104,43.626552,43.6248542,43.622819,43.6181311,43.6175837,43.616731,43.615077,43.616591,43.6144756,43.613066,43.6103798,43.610273,43.615726,43.6092033,43.614215,43.6151446,43.6144897,43.6052277,43.603333,43.6019085,43.604337,43.601044,43.5973645,43.5953347,43.6147002,43.5944027,43.5960863,43.5933122,43.590637,43.587635,43.5908829,43.5856801,43.5815,43.5883943,43.5783797,43.5774967,43.5772726,43.5880929,43.5734826,43.56389,43.5656557,43.6085474,43.6256985,43.61205,43.6338044,43.5600487,43.595756,43.6093837,43.468523,43.6899475,43.6574399,43.6554753,43.6019602,43.6521854,43.645009,43.6379565,43.6339837,43.6265791,43.6164788,43.6011568,43.5807801,43.563206,43.6147656,43.6187073,43.6112937,43.5824429,43.613342,43.6213324,43.573703,43.5751881,43.6116233,43.611803,43.5290362,43.6519645,43.615314,43.5732785,43.557425,43.6046661,43.610827,43.6153342,43.618824,43.613564,43.6236296,43.6265626,43.6329444,43.5898161,43.6384932,43.6483863,43.681303,43.5992087,43.568633,43.544704,43.626365,43.594577,43.5903778,43.632641,43.5931564,43.551804,43.585974,43.60454,43.620747,43.5947431,43.6688466,43.6555526,43.645532,43.5624883,43.6491983,43.6123158,43.5711014,43.6406514,43.6803871,43.6015064,43.599288,43.6157222,43.6018468,43.639151,43.5834967,43.647575,43.5707023,43.615799,43.552877,43.5689565,43.648724,43.633893,43.6183551,43.5926761,43.590282,43.586311,43.648962,43.6058354,43.5732588,43.5942341,43.6176437,43.635982,43.6129405,43.5734437,43.6194423,43.6023878,43.6122779,43.625927,43.620931,43.6173997,43.615751,43.6171003,43.5526915,43.6920387,-116.2135745,-116.2919211,-116.284887,-116.3456794,-116.2082807,-116.1799021,-116.2960007,-116.2145508,-116.1534075,-116.3544153,-116.2102005,-116.230735,-116.2466671,-116.2284526,-116.194785,-116.215855,-116.2234691,-116.3160828,-116.3243743,-116.268053,-116.1964928,-116.218515,-116.1940438,-116.2226005,-116.199126,-116.191985,-116.2201504,-116.2188586,-116.200583,-116.1898411,-116.208625,-116.2016517,-116.1729855,-116.203086,-116.2147125,-116.2123541,-116.1833698,-116.185561,-116.2149029,-116.321398,-116.337034,-116.2621912,-116.2387254,-116.1858868,-116.1633768,-116.2187273,-116.1777398,-116.184313,-116.198734,-116.2941272,-116.3312438,-116.248724,-116.1735301,-116.1571147,-116.2943564,-116.214027,-116.1910508,-116.2216564,-116.32195,-116.1540997,-116.2610448,-116.2078795,-116.171538,-116.202894,-116.1322349,-116.3140766,-116.2610432,-116.069723,-116.3020825,-116.2330146,-116.3063828,-116.1743447,-116.3007286,-116.305672,-116.27027,-116.2692501,-116.2830959,-116.3192311,-116.1680331,-116.1857617,-116.153317,-116.1786617,-116.2137274,-116.1943893,-116.1696052,-116.2841691,-116.2102647,-116.159217,-116.140329,-116.1827547,-116.207153,-116.1564325,-116.236936,-116.222081,-116.1406764,-116.125789,-116.2333794,-116.228565,-116.314295,-116.223728,-116.189305,-116.1780806,-116.2077292,-116.208244,-116.2443622,-116.2372639,-116.3219028,-116.2134882,-116.1425104,-116.274251,-116.284287,-116.2287023,-116.18477,-116.2741747,-116.180993,-116.205531,-116.132874,-116.172557,-116.2123044,-116.195633,-116.2285497,-116.2217642,-116.2633144,-116.238387,-116.3472997,-116.1629067,-116.3268437,-116.1704825,-116.1633,-116.2344009,-116.2684177,-116.2130446,-116.293971,-116.3050215,-116.245916,-116.2743595,-116.1573813,-116.203326,-116.1335834,-116.22412,-116.098622,-116.1210522,-116.222835,-116.326042,-116.2309316,-116.2504264,-116.2709188,-116.183356,-116.247889,-116.1931448,-116.193697,-116.213678,-116.2536306,-116.033712,-116.2297304,-116.192158,-116.3342868,-116.1884035,-116.2085864,-116.191698,-116.2142557,-116.1982766,-116.203924,-116.2036778,-116.0986275,-116.2376974
13,Boise,Idaho,150934,172,Willow lane park,Neighborhood,Open,Developed,North River,Active Park,BOISE CITY (BOISE PARKS & RECREATION),4.49146395,GIS,4623 W Willow Ln,Classic,Willow-Lane-Park,0.007403326,2.03e-06,4623 W WILLOW LN,Neighborhood,Willow Lane Park,43.6610652,43.6828866,43.679896,43.6605954,43.6104879,,43.6130114,43.6532929,43.6146316,43.5475988,43.6503693,43.617887,43.626294,43.6449789,43.6436012,43.638452,43.636504,43.6351477,43.6319851,43.6303104,43.626552,43.6248542,43.622819,43.6181311,43.6175837,43.616731,43.615077,43.616591,43.6144756,43.613066,43.6103798,43.610273,43.615726,43.6092033,43.614215,43.6151446,43.6144897,43.6052277,43.603333,43.6019085,43.604337,43.601044,43.5973645,43.5953347,43.6147002,43.5944027,43.5960863,43.5933122,43.590637,43.587635,43.5908829,43.5856801,43.5815,43.5883943,43.5783797,43.5774967,43.5772726,43.5880929,43.5734826,43.56389,43.5656557,43.6085474,43.6256985,43.61205,43.6338044,43.5600487,43.595756,43.6093837,43.468523,43.6899475,43.6574399,43.6554753,43.6019602,43.6521854,43.645009,43.6379565,43.6339837,43.6265791,43.6164788,43.6011568,43.5807801,43.563206,43.6147656,43.6187073,43.6112937,43.5824429,43.613342,43.6213324,43.573703,43.5751881,43.6116233,43.611803,43.5290362,43.6519645,43.615314,43.5732785,43.557425,43.6046661,43.610827,43.6153342,43.618824,43.613564,43.6236296,43.6265626,43.6329444,43.5898161,43.6384932,43.6483863,43.681303,43.5992087,43.568633,43.544704,43.626365,43.594577,43.5903778,43.632641,43.5931564,43.551804,43.585974,43.60454,43.620747,43.5947431,43.6688466,43.6555526,43.645532,43.5624883,43.6491983,43.6123158,43.5711014,43.6406514,43.6803871,43.6015064,43.599288,43.6157222,43.6018468,43.639151,43.5834967,43.647575,43.5707023,43.615799,43.552877,43.5689565,43.648724,43.633893,43.6183551,43.5926761,43.590282,43.586311,43.648962,43.6058354,43.5732588,43.5942341,43.6176437,43.635982,43.6129405,43.5734437,43.6194423,43.6023878,43.6122779,43.625927,43.620931,43.6173997,43.615751,43.6171003,43.5526915,43.6920387,-116.2135745,-116.2919211,-116.284887,-116.3456794,-116.2082807,-116.1799021,-116.2960007,-116.2145508,-116.1534075,-116.3544153,-116.2102005,-116.230735,-116.2466671,-116.2284526,-116.194785,-116.215855,-116.2234691,-116.3160828,-116.3243743,-116.268053,-116.1964928,-116.218515,-116.1940438,-116.2226005,-116.199126,-116.191985,-116.2201504,-116.2188586,-116.200583,-116.1898411,-116.208625,-116.2016517,-116.1729855,-116.203086,-116.2147125,-116.2123541,-116.1833698,-116.185561,-116.2149029,-116.321398,-116.337034,-116.2621912,-116.2387254,-116.1858868,-116.1633768,-116.2187273,-116.1777398,-116.184313,-116.198734,-116.2941272,-116.3312438,-116.248724,-116.1735301,-116.1571147,-116.2943564,-116.214027,-116.1910508,-116.2216564,-116.32195,-116.1540997,-116.2610448,-116.2078795,-116.171538,-116.202894,-116.1322349,-116.3140766,-116.2610432,-116.069723,-116.3020825,-116.2330146,-116.3063828,-116.1743447,-116.3007286,-116.305672,-116.27027,-116.2692501,-116.2830959,-116.3192311,-116.1680331,-116.1857617,-116.153317,-116.1786617,-116.2137274,-116.1943893,-116.1696052,-116.2841691,-116.2102647,-116.159217,-116.140329,-116.1827547,-116.207153,-116.1564325,-116.236936,-116.222081,-116.1406764,-116.125789,-116.2333794,-116.228565,-116.314295,-116.223728,-116.189305,-116.1780806,-116.2077292,-116.208244,-116.2443622,-116.2372639,-116.3219028,-116.2134882,-116.1425104,-116.274251,-116.284287,-116.2287023,-116.18477,-116.2741747,-116.180993,-116.205531,-116.132874,-116.172557,-116.2123044,-116.195633,-116.2285497,-116.2217642,-116.2633144,-116.238387,-116.3472997,-116.1629067,-116.3268437,-116.1704825,-116.1633,-116.2344009,-116.2684177,-116.2130446,-116.293971,-116.3050215,-116.245916,-116.2743595,-116.1573813,-116.203326,-116.1335834,-116.22412,-116.098622,-116.1210522,-116.222835,-116.326042,-116.2309316,-116.2504264,-116.2709188,-116.183356,-116.247889,-116.1931448,-116.193697,-116.213678,-116.2536306,-116.033712,-116.2297304,-116.192158,-116.3342868,-116.1884035,-116.2085864,-116.191698,-116.2142557,-116.1982766,-116.203924,-116.2036778,-116.0986275,-116.2376974
14,Boise,Idaho,150935,163,Sunset park,Neighborhood,Open,Developed,North River,Active Park,BOISE CITY (BOISE PARKS & RECREATION),10.12060417,GIS,2625 N 32Nd St,Classic,Sunset-Park,0.013231293,4.57e-06,2625 N 32ND ST,Neighborhood,Sunset Park,43.6610652,43.6828866,43.679896,43.6605954,43.6104879,,43.6130114,43.6532929,43.6146316,43.5475988,43.6503693,43.617887,43.626294,43.6449789,43.6436012,43.638452,43.636504,43.6351477,43.6319851,43.6303104,43.626552,43.6248542,43.622819,43.6181311,43.6175837,43.616731,43.615077,43.616591,43.6144756,43.613066,43.6103798,43.610273,43.615726,43.6092033,43.614215,43.6151446,43.6144897,43.6052277,43.603333,43.6019085,43.604337,43.601044,43.5973645,43.5953347,43.6147002,43.5944027,43.5960863,43.5933122,43.590637,43.587635,43.5908829,43.5856801,43.5815,43.5883943,43.5783797,43.5774967,43.5772726,43.5880929,43.5734826,43.56389,43.5656557,43.6085474,43.6256985,43.61205,43.6338044,43.5600487,43.595756,43.6093837,43.468523,43.6899475,43.6574399,43.6554753,43.6019602,43.6521854,43.645009,43.6379565,43.6339837,43.6265791,43.6164788,43.6011568,43.5807801,43.563206,43.6147656,43.6187073,43.6112937,43.5824429,43.613342,43.6213324,43.573703,43.5751881,43.6116233,43.611803,43.5290362,43.6519645,43.615314,43.5732785,43.557425,43.6046661,43.610827,43.6153342,43.618824,43.613564,43.6236296,43.6265626,43.6329444,43.5898161,43.6384932,43.6483863,43.681303,43.5992087,43.568633,43.544704,43.626365,43.594577,43.5903778,43.632641,43.5931564,43.551804,43.585974,43.60454,43.620747,43.5947431,43.6688466,43.6555526,43.645532,43.5624883,43.6491983,43.6123158,43.5711014,43.6406514,43.6803871,43.6015064,43.599288,43.6157222,43.6018468,43.639151,43.5834967,43.647575,43.5707023,43.615799,43.552877,43.5689565,43.648724,43.633893,43.6183551,43.5926761,43.590282,43.586311,43.648962,43.6058354,43.5732588,43.5942341,43.6176437,43.635982,43.6129405,43.5734437,43.6194423,43.6023878,43.6122779,43.625927,43.620931,43.6173997,43.615751,43.6171003,43.5526915,43.6920387,-116.2135745,-116.2919211,-116.284887,-116.3456794,-116.2082807,-116.1799021,-116.2960007,-116.2145508,-116.1534075,-116.3544153,-116.2102005,-116.230735,-116.2466671,-116.2284526,-116.194785,-116.215855,-116.2234691,-116.3160828,-116.3243743,-116.268053,-116.1964928,-116.218515,-116.1940438,-116.2226005,-116.199126,-116.191985,-116.2201504,-116.2188586,-116.200583,-116.1898411,-116.208625,-116.2016517,-116.1729855,-116.203086,-116.2147125,-116.2123541,-116.1833698,-116.185561,-116.2149029,-116.321398,-116.337034,-116.2621912,-116.2387254,-116.1858868,-116.1633768,-116.2187273,-116.1777398,-116.184313,-116.198734,-116.2941272,-116.3312438,-116.248724,-116.1735301,-116.1571147,-116.2943564,-116.214027,-116.1910508,-116.2216564,-116.32195,-116.1540997,-116.2610448,-116.2078795,-116.171538,-116.202894,-116.1322349,-116.3140766,-116.2610432,-116.069723,-116.3020825,-116.2330146,-116.3063828,-116.1743447,-116.3007286,-116.305672,-116.27027,-116.2692501,-116.2830959,-116.3192311,-116.1680331,-116.1857617,-116.153317,-116.1786617,-116.2137274,-116.1943893,-116.1696052,-116.2841691,-116.2102647,-116.159217,-116.140329,-116.1827547,-116.207153,-116.1564325,-116.236936,-116.222081,-116.1406764,-116.125789,-116.2333794,-116.228565,-116.314295,-116.223728,-116.189305,-116.1780806,-116.2077292,-116.208244,-116.2443622,-116.2372639,-116.3219028,-116.2134882,-116.1425104,-116.274251,-116.284287,-116.2287023,-116.18477,-116.2741747,-116.180993,-116.205531,-116.132874,-116.172557,-116.2123044,-116.195633,-116.2285497,-116.2217642,-116.2633144,-116.238387,-116.3472997,-116.1629067,-116.3268437,-116.1704825,-116.1633,-116.2344009,-116.2684177,-116.2130446,-116.293971,-116.3050215,-116.245916,-116.2743595,-116.1573813,-116.203326,-116.1335834,-116.22412,-116.098622,-116.1210522,-116.222835,-116.326042,-116.2309316,-116.2504264,-116.2709188,-116.183356,-116.247889,-116.1931448,-116.193697,-116.213678,-116.2536306,-116.033712,-116.2297304,-116.192158,-116.3342868,-116.1884035,-116.2085864,-116.191698,-116.2142557,-116.1982766,-116.203924,-116.2036778,-116.0986275,-116.2376974
15,Boise,Idaho,150936,702,Hulls gulch reserve,Open space,Open,Reserve,North River,Natural Area,BOISE CITY,291.66,Ada County Database,3001 N Sunset Peak Rd,Reserve,Hulls-Gulch-Reserve,0.115454845,0.000131585,3001 N SUNSET PEAK RD,Open Space,Hulls Gulch Reserve,43.6610652,43.6828866,43.679896,43.6605954,43.6104879,,43.6130114,43.6532929,43.6146316,43.5475988,43.6503693,43.617887,43.626294,43.6449789,43.6436012,43.638452,43.636504,43.6351477,43.6319851,43.6303104,43.626552,43.6248542,43.622819,43.6181311,43.6175837,43.616731,43.615077,43.616591,43.6144756,43.613066,43.6103798,43.610273,43.615726,43.6092033,43.614215,43.6151446,43.6144897,43.6052277,43.603333,43.6019085,43.604337,43.601044,43.5973645,43.5953347,43.6147002,43.5944027,43.5960863,43.5933122,43.590637,43.587635,43.5908829,43.5856801,43.5815,43.5883943,43.5783797,43.5774967,43.5772726,43.5880929,43.5734826,43.56389,43.5656557,43.6085474,43.6256985,43.61205,43.6338044,43.5600487,43.595756,43.6093837,43.468523,43.6899475,43.6574399,43.6554753,43.6019602,43.6521854,43.645009,43.6379565,43.6339837,43.6265791,43.6164788,43.6011568,43.5807801,43.563206,43.6147656,43.6187073,43.6112937,43.5824429,43.613342,43.6213324,43.573703,43.5751881,43.6116233,43.611803,43.5290362,43.6519645,43.615314,43.5732785,43.557425,43.6046661,43.610827,43.6153342,43.618824,43.613564,43.6236296,43.6265626,43.6329444,43.5898161,43.6384932,43.6483863,43.681303,43.5992087,43.568633,43.544704,43.626365,43.594577,43.5903778,43.632641,43.5931564,43.551804,43.585974,43.60454,43.620747,43.5947431,43.6688466,43.6555526,43.645532,43.5624883,43.6491983,43.6123158,43.5711014,43.6406514,43.6803871,43.6015064,43.599288,43.6157222,43.6018468,43.639151,43.5834967,43.647575,43.5707023,43.615799,43.552877,43.5689565,43.648724,43.633893,43.6183551,43.5926761,43.590282,43.586311,43.648962,43.6058354,43.5732588,43.5942341,43.6176437,43.635982,43.6129405,43.5734437,43.6194423,43.6023878,43.6122779,43.625927,43.620931,43.6173997,43.615751,43.6171003,43.5526915,43.6920387,-116.2135745,-116.2919211,-116.284887,-116.3456794,-116.2082807,-116.1799021,-116.2960007,-116.2145508,-116.1534075,-116.3544153,-116.2102005,-116.230735,-116.2466671,-116.2284526,-116.194785,-116.215855,-116.2234691,-116.3160828,-116.3243743,-116.268053,-116.1964928,-116.218515,-116.1940438,-116.2226005,-116.199126,-116.191985,-116.2201504,-116.2188586,-116.200583,-116.1898411,-116.208625,-116.2016517,-116.1729855,-116.203086,-116.2147125,-116.2123541,-116.1833698,-116.185561,-116.2149029,-116.321398,-116.337034,-116.2621912,-116.2387254,-116.1858868,-116.1633768,-116.2187273,-116.1777398,-116.184313,-116.198734,-116.2941272,-116.3312438,-116.248724,-116.1735301,-116.1571147,-116.2943564,-116.214027,-116.1910508,-116.2216564,-116.32195,-116.1540997,-116.2610448,-116.2078795,-116.171538,-116.202894,-116.1322349,-116.3140766,-116.2610432,-116.069723,-116.3020825,-116.2330146,-116.3063828,-116.1743447,-116.3007286,-116.305672,-116.27027,-116.2692501,-116.2830959,-116.3192311,-116.1680331,-116.1857617,-116.153317,-116.1786617,-116.2137274,-116.1943893,-116.1696052,-116.2841691,-116.2102647,-116.159217,-116.140329,-116.1827547,-116.207153,-116.1564325,-116.236936,-116.222081,-116.1406764,-116.125789,-116.2333794,-116.228565,-116.314295,-116.223728,-116.189305,-116.1780806,-116.2077292,-116.208244,-116.2443622,-116.2372639,-116.3219028,-116.2134882,-116.1425104,-116.274251,-116.284287,-116.2287023,-116.18477,-116.2741747,-116.180993,-116.205531,-116.132874,-116.172557,-116.2123044,-116.195633,-116.2285497,-116.2217642,-116.2633144,-116.238387,-116.3472997,-116.1629067,-116.3268437,-116.1704825,-116.1633,-116.2344009,-116.2684177,-116.2130446,-116.293971,-116.3050215,-116.245916,-116.2743595,-116.1573813,-116.203326,-116.1335834,-116.22412,-116.098622,-116.1210522,-116.222835,-116.326042,-116.2309316,-116.2504264,-116.2709188,-116.183356,-116.247889,-116.1931448,-116.193697,-116.213678,-116.2536306,-116.033712,-116.2297304,-116.192158,-116.3342868,-116.1884035,-116.2085864,-116.191698,-116.2142557,-116.1982766,-116.203924,-116.2036778,-116.0986275,-116.2376974
16,Boise,Idaho,150937,119,Elm grove park,Neighborhood,Open,Developed,North River,Active Park,BOISE CITY (BOISE PARKS & RECREATION),4.16649206,GIS,2200 W Irene St,Classic,Elm-Grove-Park,0.006522455999999999,1.88e-06,2200 W IRENE ST,Neighborhood,Elm Grove Park,43.6610652,43.6828866,43.679896,43.6605954,43.6104879,,43.6130114,43.6532929,43.6146316,43.5475988,43.6503693,43.617887,43.626294,43.6449789,43.6436012,43.638452,43.636504,43.6351477,43.6319851,43.6303104,43.626552,43.6248542,43.622819,43.6181311,43.6175837,43.616731,43.615077,43.616591,43.6144756,43.613066,43.6103798,43.610273,43.615726,43.6092033,43.614215,43.6151446,43.6144897,43.6052277,43.603333,43.6019085,43.604337,43.601044,43.5973645,43.5953347,43.6147002,43.5944027,43.5960863,43.5933122,43.590637,43.587635,43.5908829,43.5856801,43.5815,43.5883943,43.5783797,43.5774967,43.5772726,43.5880929,43.5734826,43.56389,43.5656557,43.6085474,43.6256985,43.61205,43.6338044,43.5600487,43.595756,43.6093837,43.468523,43.6899475,43.6574399,43.6554753,43.6019602,43.6521854,43.645009,43.6379565,43.6339837,43.6265791,43.6164788,43.6011568,43.5807801,43.563206,43.6147656,43.6187073,43.6112937,43.5824429,43.613342,43.6213324,43.573703,43.5751881,43.6116233,43.611803,43.5290362,43.6519645,43.615314,43.5732785,43.557425,43.6046661,43.610827,43.6153342,43.618824,43.613564,43.6236296,43.6265626,43.6329444,43.5898161,43.6384932,43.6483863,43.681303,43.5992087,43.568633,43.544704,43.626365,43.594577,43.5903778,43.632641,43.5931564,43.551804,43.585974,43.60454,43.620747,43.5947431,43.6688466,43.6555526,43.645532,43.5624883,43.6491983,43.6123158,43.5711014,43.6406514,43.6803871,43.6015064,43.599288,43.6157222,43.6018468,43.639151,43.5834967,43.647575,43.5707023,43.615799,43.552877,43.5689565,43.648724,43.633893,43.6183551,43.5926761,43.590282,43.586311,43.648962,43.6058354,43.5732588,43.5942341,43.6176437,43.635982,43.6129405,43.5734437,43.6194423,43.6023878,43.6122779,43.625927,43.620931,43.6173997,43.615751,43.6171003,43.5526915,43.6920387,-116.2135745,-116.2919211,-116.284887,-116.3456794,-116.2082807,-116.1799021,-116.2960007,-116.2145508,-116.1534075,-116.3544153,-116.2102005,-116.230735,-116.2466671,-116.2284526,-116.194785,-116.215855,-116.2234691,-116.3160828,-116.3243743,-116.268053,-116.1964928,-116.218515,-116.1940438,-116.2226005,-116.199126,-116.191985,-116.2201504,-116.2188586,-116.200583,-116.1898411,-116.208625,-116.2016517,-116.1729855,-116.203086,-116.2147125,-116.2123541,-116.1833698,-116.185561,-116.2149029,-116.321398,-116.337034,-116.2621912,-116.2387254,-116.1858868,-116.1633768,-116.2187273,-116.1777398,-116.184313,-116.198734,-116.2941272,-116.3312438,-116.248724,-116.1735301,-116.1571147,-116.2943564,-116.214027,-116.1910508,-116.2216564,-116.32195,-116.1540997,-116.2610448,-116.2078795,-116.171538,-116.202894,-116.1322349,-116.3140766,-116.2610432,-116.069723,-116.3020825,-116.2330146,-116.3063828,-116.1743447,-116.3007286,-116.305672,-116.27027,-116.2692501,-116.2830959,-116.3192311,-116.1680331,-116.1857617,-116.153317,-116.1786617,-116.2137274,-116.1943893,-116.1696052,-116.2841691,-116.2102647,-116.159217,-116.140329,-116.1827547,-116.207153,-116.1564325,-116.236936,-116.222081,-116.1406764,-116.125789,-116.2333794,-116.228565,-116.314295,-116.223728,-116.189305,-116.1780806,-116.2077292,-116.208244,-116.2443622,-116.2372639,-116.3219028,-116.2134882,-116.1425104,-116.274251,-116.284287,-116.2287023,-116.18477,-116.2741747,-116.180993,-116.205531,-116.132874,-116.172557,-116.2123044,-116.195633,-116.2285497,-116.2217642,-116.2633144,-116.238387,-116.3472997,-116.1629067,-116.3268437,-116.1704825,-116.1633,-116.2344009,-116.2684177,-116.2130446,-116.293971,-116.3050215,-116.245916,-116.2743595,-116.1573813,-116.203326,-116.1335834,-116.22412,-116.098622,-116.1210522,-116.222835,-116.326042,-116.2309316,-116.2504264,-116.2709188,-116.183356,-116.247889,-116.1931448,-116.193697,-116.213678,-116.2536306,-116.033712,-116.2297304,-116.192158,-116.3342868,-116.1884035,-116.2085864,-116.191698,-116.2142557,-116.1982766,-116.203924,-116.2036778,-116.0986275,-116.2376974
17,Boise,Idaho,150938,279,Lowell pool,Special use,Open,Developed,North River,Active Park,BOISE CITY,0.57567358,GIS,1601 N 28th St,Not Classic,,0.00263008,3.8100000000000004e-07,1601 N 28TH ST,Special Use,Lowell Pool,43.6610652,43.6828866,43.679896,43.6605954,43.6104879,,43.6130114,43.6532929,43.6146316,43.5475988,43.6503693,43.617887,43.626294,43.6449789,43.6436012,43.638452,43.636504,43.6351477,43.6319851,43.6303104,43.626552,43.6248542,43.622819,43.6181311,43.6175837,43.616731,43.615077,43.616591,43.6144756,43.613066,43.6103798,43.610273,43.615726,43.6092033,43.614215,43.6151446,43.6144897,43.6052277,43.603333,43.6019085,43.604337,43.601044,43.5973645,43.5953347,43.6147002,43.5944027,43.5960863,43.5933122,43.590637,43.587635,43.5908829,43.5856801,43.5815,43.5883943,43.5783797,43.5774967,43.5772726,43.5880929,43.5734826,43.56389,43.5656557,43.6085474,43.6256985,43.61205,43.6338044,43.5600487,43.595756,43.6093837,43.468523,43.6899475,43.6574399,43.6554753,43.6019602,43.6521854,43.645009,43.6379565,43.6339837,43.6265791,43.6164788,43.6011568,43.5807801,43.563206,43.6147656,43.6187073,43.6112937,43.5824429,43.613342,43.6213324,43.573703,43.5751881,43.6116233,43.611803,43.5290362,43.6519645,43.615314,43.5732785,43.557425,43.6046661,43.610827,43.6153342,43.618824,43.613564,43.6236296,43.6265626,43.6329444,43.5898161,43.6384932,43.6483863,43.681303,43.5992087,43.568633,43.544704,43.626365,43.594577,43.5903778,43.632641,43.5931564,43.551804,43.585974,43.60454,43.620747,43.5947431,43.6688466,43.6555526,43.645532,43.5624883,43.6491983,43.6123158,43.5711014,43.6406514,43.6803871,43.6015064,43.599288,43.6157222,43.6018468,43.639151,43.5834967,43.647575,43.5707023,43.615799,43.552877,43.5689565,43.648724,43.633893,43.6183551,43.5926761,43.590282,43.586311,43.648962,43.6058354,43.5732588,43.5942341,43.6176437,43.635982,43.6129405,43.5734437,43.6194423,43.6023878,43.6122779,43.625927,43.620931,43.6173997,43.615751,43.6171003,43.5526915,43.6920387,-116.2135745,-116.2919211,-116.284887,-116.3456794,-116.2082807,-116.1799021,-116.2960007,-116.2145508,-116.1534075,-116.3544153,-116.2102005,-116.230735,-116.2466671,-116.2284526,-116.194785,-116.215855,-116.2234691,-116.3160828,-116.3243743,-116.268053,-116.1964928,-116.218515,-116.1940438,-116.2226005,-116.199126,-116.191985,-116.2201504,-116.2188586,-116.200583,-116.1898411,-116.208625,-116.2016517,-116.1729855,-116.203086,-116.2147125,-116.2123541,-116.1833698,-116.185561,-116.2149029,-116.321398,-116.337034,-116.2621912,-116.2387254,-116.1858868,-116.1633768,-116.2187273,-116.1777398,-116.184313,-116.198734,-116.2941272,-116.3312438,-116.248724,-116.1735301,-116.1571147,-116.2943564,-116.214027,-116.1910508,-116.2216564,-116.32195,-116.1540997,-116.2610448,-116.2078795,-116.171538,-116.202894,-116.1322349,-116.3140766,-116.2610432,-116.069723,-116.3020825,-116.2330146,-116.3063828,-116.1743447,-116.3007286,-116.305672,-116.27027,-116.2692501,-116.2830959,-116.3192311,-116.1680331,-116.1857617,-116.153317,-116.1786617,-116.2137274,-116.1943893,-116.1696052,-116.2841691,-116.2102647,-116.159217,-116.140329,-116.1827547,-116.207153,-116.1564325,-116.236936,-116.222081,-116.1406764,-116.125789,-116.2333794,-116.228565,-116.314295,-116.223728,-116.189305,-116.1780806,-116.2077292,-116.208244,-116.2443622,-116.2372639,-116.3219028,-116.2134882,-116.1425104,-116.274251,-116.284287,-116.2287023,-116.18477,-116.2741747,-116.180993,-116.205531,-116.132874,-116.172557,-116.2123044,-116.195633,-116.2285497,-116.2217642,-116.2633144,-116.238387,-116.3472997,-116.1629067,-116.3268437,-116.1704825,-116.1633,-116.2344009,-116.2684177,-116.2130446,-116.293971,-116.3050215,-116.245916,-116.2743595,-116.1573813,-116.203326,-116.1335834,-116.22412,-116.098622,-116.1210522,-116.222835,-116.326042,-116.2309316,-116.2504264,-116.2709188,-116.183356,-116.247889,-116.1931448,-116.193697,-116.213678,-116.2536306,-116.033712,-116.2297304,-116.192158,-116.3342868,-116.1884035,-116.2085864,-116.191698,-116.2142557,-116.1982766,-116.203924,-116.2036778,-116.0986275,-116.2376974
18,Boise,Idaho,150939,203,Comba park,Neighborhood,Open,Developed,West Bench,Special Use Area,BOISE CITY (BOISE PARKS & RECREATION),3.41,Ada County Database,2995 N Five Mile Rd,Not Classic,Comba-Park,0.007204451999999999,1.55e-06,2995 N FIVE MILE RD,Neighborhood,Comba Park,43.6610652,43.6828866,43.679896,43.6605954,43.6104879,,43.6130114,43.6532929,43.6146316,43.5475988,43.6503693,43.617887,43.626294,43.6449789,43.6436012,43.638452,43.636504,43.6351477,43.6319851,43.6303104,43.626552,43.6248542,43.622819,43.6181311,43.6175837,43.616731,43.615077,43.616591,43.6144756,43.613066,43.6103798,43.610273,43.615726,43.6092033,43.614215,43.6151446,43.6144897,43.6052277,43.603333,43.6019085,43.604337,43.601044,43.5973645,43.5953347,43.6147002,43.5944027,43.5960863,43.5933122,43.590637,43.587635,43.5908829,43.5856801,43.5815,43.5883943,43.5783797,43.5774967,43.5772726,43.5880929,43.5734826,43.56389,43.5656557,43.6085474,43.6256985,43.61205,43.6338044,43.5600487,43.595756,43.6093837,43.468523,43.6899475,43.6574399,43.6554753,43.6019602,43.6521854,43.645009,43.6379565,43.6339837,43.6265791,43.6164788,43.6011568,43.5807801,43.563206,43.6147656,43.6187073,43.6112937,43.5824429,43.613342,43.6213324,43.573703,43.5751881,43.6116233,43.611803,43.5290362,43.6519645,43.615314,43.5732785,43.557425,43.6046661,43.610827,43.6153342,43.618824,43.613564,43.6236296,43.6265626,43.6329444,43.5898161,43.6384932,43.6483863,43.681303,43.5992087,43.568633,43.544704,43.626365,43.594577,43.5903778,43.632641,43.5931564,43.551804,43.585974,43.60454,43.620747,43.5947431,43.6688466,43.6555526,43.645532,43.5624883,43.6491983,43.6123158,43.5711014,43.6406514,43.6803871,43.6015064,43.599288,43.6157222,43.6018468,43.639151,43.5834967,43.647575,43.5707023,43.615799,43.552877,43.5689565,43.648724,43.633893,43.6183551,43.5926761,43.590282,43.586311,43.648962,43.6058354,43.5732588,43.5942341,43.6176437,43.635982,43.6129405,43.5734437,43.6194423,43.6023878,43.6122779,43.625927,43.620931,43.6173997,43.615751,43.6171003,43.5526915,43.6920387,-116.2135745,-116.2919211,-116.284887,-116.3456794,-116.2082807,-116.1799021,-116.2960007,-116.2145508,-116.1534075,-116.3544153,-116.2102005,-116.230735,-116.2466671,-116.2284526,-116.194785,-116.215855,-116.2234691,-116.3160828,-116.3243743,-116.268053,-116.1964928,-116.218515,-116.1940438,-116.2226005,-116.199126,-116.191985,-116.2201504,-116.2188586,-116.200583,-116.1898411,-116.208625,-116.2016517,-116.1729855,-116.203086,-116.2147125,-116.2123541,-116.1833698,-116.185561,-116.2149029,-116.321398,-116.337034,-116.2621912,-116.2387254,-116.1858868,-116.1633768,-116.2187273,-116.1777398,-116.184313,-116.198734,-116.2941272,-116.3312438,-116.248724,-116.1735301,-116.1571147,-116.2943564,-116.214027,-116.1910508,-116.2216564,-116.32195,-116.1540997,-116.2610448,-116.2078795,-116.171538,-116.202894,-116.1322349,-116.3140766,-116.2610432,-116.069723,-116.3020825,-116.2330146,-116.3063828,-116.1743447,-116.3007286,-116.305672,-116.27027,-116.2692501,-116.2830959,-116.3192311,-116.1680331,-116.1857617,-116.153317,-116.1786617,-116.2137274,-116.1943893,-116.1696052,-116.2841691,-116.2102647,-116.159217,-116.140329,-116.1827547,-116.207153,-116.1564325,-116.236936,-116.222081,-116.1406764,-116.125789,-116.2333794,-116.228565,-116.314295,-116.223728,-116.189305,-116.1780806,-116.2077292,-116.208244,-116.2443622,-116.2372639,-116.3219028,-116.2134882,-116.1425104,-116.274251,-116.284287,-116.2287023,-116.18477,-116.2741747,-116.180993,-116.205531,-116.132874,-116.172557,-116.2123044,-116.195633,-116.2285497,-116.2217642,-116.2633144,-116.238387,-116.3472997,-116.1629067,-116.3268437,-116.1704825,-116.1633,-116.2344009,-116.2684177,-116.2130446,-116.293971,-116.3050215,-116.245916,-116.2743595,-116.1573813,-116.203326,-116.1335834,-116.22412,-116.098622,-116.1210522,-116.222835,-116.326042,-116.2309316,-116.2504264,-116.2709188,-116.183356,-116.247889,-116.1931448,-116.193697,-116.213678,-116.2536306,-116.033712,-116.2297304,-116.192158,-116.3342868,-116.1884035,-116.2085864,-116.191698,-116.2142557,-116.1982766,-116.203924,-116.2036778,-116.0986275,-116.2376974
19,Boise,Idaho,150940,155,Redwood park,Neighborhood,Open,Developed,West Bench,Active Park,BOISE CITY (BOISE PARKS & RECREATION),6.76,Ada County Database,2675 N Shamrock St,Classic,Redwood-Park,0.0071435890000000005,3.05e-06,2675 N SHAMROCK ST,Neighborhood,Redwood Park,43.6610652,43.6828866,43.679896,43.6605954,43.6104879,,43.6130114,43.6532929,43.6146316,43.5475988,43.6503693,43.617887,43.626294,43.6449789,43.6436012,43.638452,43.636504,43.6351477,43.6319851,43.6303104,43.626552,43.6248542,43.622819,43.6181311,43.6175837,43.616731,43.615077,43.616591,43.6144756,43.613066,43.6103798,43.610273,43.615726,43.6092033,43.614215,43.6151446,43.6144897,43.6052277,43.603333,43.6019085,43.604337,43.601044,43.5973645,43.5953347,43.6147002,43.5944027,43.5960863,43.5933122,43.590637,43.587635,43.5908829,43.5856801,43.5815,43.5883943,43.5783797,43.5774967,43.5772726,43.5880929,43.5734826,43.56389,43.5656557,43.6085474,43.6256985,43.61205,43.6338044,43.5600487,43.595756,43.6093837,43.468523,43.6899475,43.6574399,43.6554753,43.6019602,43.6521854,43.645009,43.6379565,43.6339837,43.6265791,43.6164788,43.6011568,43.5807801,43.563206,43.6147656,43.6187073,43.6112937,43.5824429,43.613342,43.6213324,43.573703,43.5751881,43.6116233,43.611803,43.5290362,43.6519645,43.615314,43.5732785,43.557425,43.6046661,43.610827,43.6153342,43.618824,43.613564,43.6236296,43.6265626,43.6329444,43.5898161,43.6384932,43.6483863,43.681303,43.5992087,43.568633,43.544704,43.626365,43.594577,43.5903778,43.632641,43.5931564,43.551804,43.585974,43.60454,43.620747,43.5947431,43.6688466,43.6555526,43.645532,43.5624883,43.6491983,43.6123158,43.5711014,43.6406514,43.6803871,43.6015064,43.599288,43.6157222,43.6018468,43.639151,43.5834967,43.647575,43.5707023,43.615799,43.552877,43.5689565,43.648724,43.633893,43.6183551,43.5926761,43.590282,43.586311,43.648962,43.6058354,43.5732588,43.5942341,43.6176437,43.635982,43.6129405,43.5734437,43.6194423,43.6023878,43.6122779,43.625927,43.620931,43.6173997,43.615751,43.6171003,43.5526915,43.6920387,-116.2135745,-116.2919211,-116.284887,-116.3456794,-116.2082807,-116.1799021,-116.2960007,-116.2145508,-116.1534075,-116.3544153,-116.2102005,-116.230735,-116.2466671,-116.2284526,-116.194785,-116.215855,-116.2234691,-116.3160828,-116.3243743,-116.268053,-116.1964928,-116.218515,-116.1940438,-116.2226005,-116.199126,-116.191985,-116.2201504,-116.2188586,-116.200583,-116.1898411,-116.208625,-116.2016517,-116.1729855,-116.203086,-116.2147125,-116.2123541,-116.1833698,-116.185561,-116.2149029,-116.321398,-116.337034,-116.2621912,-116.2387254,-116.1858868,-116.1633768,-116.2187273,-116.1777398,-116.184313,-116.198734,-116.2941272,-116.3312438,-116.248724,-116.1735301,-116.1571147,-116.2943564,-116.214027,-116.1910508,-116.2216564,-116.32195,-116.1540997,-116.2610448,-116.2078795,-116.171538,-116.202894,-116.1322349,-116.3140766,-116.2610432,-116.069723,-116.3020825,-116.2330146,-116.3063828,-116.1743447,-116.3007286,-116.305672,-116.27027,-116.2692501,-116.2830959,-116.3192311,-116.1680331,-116.1857617,-116.153317,-116.1786617,-116.2137274,-116.1943893,-116.1696052,-116.2841691,-116.2102647,-116.159217,-116.140329,-116.1827547,-116.207153,-116.1564325,-116.236936,-116.222081,-116.1406764,-116.125789,-116.2333794,-116.228565,-116.314295,-116.223728,-116.189305,-116.1780806,-116.2077292,-116.208244,-116.2443622,-116.2372639,-116.3219028,-116.2134882,-116.1425104,-116.274251,-116.284287,-116.2287023,-116.18477,-116.2741747,-116.180993,-116.205531,-116.132874,-116.172557,-116.2123044,-116.195633,-116.2285497,-116.2217642,-116.2633144,-116.238387,-116.3472997,-116.1629067,-116.3268437,-116.1704825,-116.1633,-116.2344009,-116.2684177,-116.2130446,-116.293971,-116.3050215,-116.245916,-116.2743595,-116.1573813,-116.203326,-116.1335834,-116.22412,-116.098622,-116.1210522,-116.222835,-116.326042,-116.2309316,-116.2504264,-116.2709188,-116.183356,-116.247889,-116.1931448,-116.193697,-116.213678,-116.2536306,-116.033712,-116.2297304,-116.192158,-116.3342868,-116.1884035,-116.2085864,-116.191698,-116.2142557,-116.1982766,-116.203924,-116.2036778,-116.0986275,-116.2376974
20,Boise,Idaho,150941,173,Winstead park,Community,Open,Developed,West Bench,Active Park,BOISE CITY (BOISE PARKS & RECREATION),11.18,Ada County Database,6150 W Northview St,Classic,Winstead-Park,0.011172731000000002,4.99e-06,6150 W NORTHVIEW ST,Community,Winstead Park,43.6610652,43.6828866,43.679896,43.6605954,43.6104879,,43.6130114,43.6532929,43.6146316,43.5475988,43.6503693,43.617887,43.626294,43.6449789,43.6436012,43.638452,43.636504,43.6351477,43.6319851,43.6303104,43.626552,43.6248542,43.622819,43.6181311,43.6175837,43.616731,43.615077,43.616591,43.6144756,43.613066,43.6103798,43.610273,43.615726,43.6092033,43.614215,43.6151446,43.6144897,43.6052277,43.603333,43.6019085,43.604337,43.601044,43.5973645,43.5953347,43.6147002,43.5944027,43.5960863,43.5933122,43.590637,43.587635,43.5908829,43.5856801,43.5815,43.5883943,43.5783797,43.5774967,43.5772726,43.5880929,43.5734826,43.56389,43.5656557,43.6085474,43.6256985,43.61205,43.6338044,43.5600487,43.595756,43.6093837,43.468523,43.6899475,43.6574399,43.6554753,43.6019602,43.6521854,43.645009,43.6379565,43.6339837,43.6265791,43.6164788,43.6011568,43.5807801,43.563206,43.6147656,43.6187073,43.6112937,43.5824429,43.613342,43.6213324,43.573703,43.5751881,43.6116233,43.611803,43.5290362,43.6519645,43.615314,43.5732785,43.557425,43.6046661,43.610827,43.6153342,43.618824,43.613564,43.6236296,43.6265626,43.6329444,43.5898161,43.6384932,43.6483863,43.681303,43.5992087,43.568633,43.544704,43.626365,43.594577,43.5903778,43.632641,43.5931564,43.551804,43.585974,43.60454,43.620747,43.5947431,43.6688466,43.6555526,43.645532,43.5624883,43.6491983,43.6123158,43.5711014,43.6406514,43.6803871,43.6015064,43.599288,43.6157222,43.6018468,43.639151,43.5834967,43.647575,43.5707023,43.615799,43.552877,43.5689565,43.648724,43.633893,43.6183551,43.5926761,43.590282,43.586311,43.648962,43.6058354,43.5732588,43.5942341,43.6176437,43.635982,43.6129405,43.5734437,43.6194423,43.6023878,43.6122779,43.625927,43.620931,43.6173997,43.615751,43.6171003,43.5526915,43.6920387,-116.2135745,-116.2919211,-116.284887,-116.3456794,-116.2082807,-116.1799021,-116.2960007,-116.2145508,-116.1534075,-116.3544153,-116.2102005,-116.230735,-116.2466671,-116.2284526,-116.194785,-116.215855,-116.2234691,-116.3160828,-116.3243743,-116.268053,-116.1964928,-116.218515,-116.1940438,-116.2226005,-116.199126,-116.191985,-116.2201504,-116.2188586,-116.200583,-116.1898411,-116.208625,-116.2016517,-116.1729855,-116.203086,-116.2147125,-116.2123541,-116.1833698,-116.185561,-116.2149029,-116.321398,-116.337034,-116.2621912,-116.2387254,-116.1858868,-116.1633768,-116.2187273,-116.1777398,-116.184313,-116.198734,-116.2941272,-116.3312438,-116.248724,-116.1735301,-116.1571147,-116.2943564,-116.214027,-116.1910508,-116.2216564,-116.32195,-116.1540997,-116.2610448,-116.2078795,-116.171538,-116.202894,-116.1322349,-116.3140766,-116.2610432,-116.069723,-116.3020825,-116.2330146,-116.3063828,-116.1743447,-116.3007286,-116.305672,-116.27027,-116.2692501,-116.2830959,-116.3192311,-116.1680331,-116.1857617,-116.153317,-116.1786617,-116.2137274,-116.1943893,-116.1696052,-116.2841691,-116.2102647,-116.159217,-116.140329,-116.1827547,-116.207153,-116.1564325,-116.236936,-116.222081,-116.1406764,-116.125789,-116.2333794,-116.228565,-116.314295,-116.223728,-116.189305,-116.1780806,-116.2077292,-116.208244,-116.2443622,-116.2372639,-116.3219028,-116.2134882,-116.1425104,-116.274251,-116.284287,-116.2287023,-116.18477,-116.2741747,-116.180993,-116.205531,-116.132874,-116.172557,-116.2123044,-116.195633,-116.2285497,-116.2217642,-116.2633144,-116.238387,-116.3472997,-116.1629067,-116.3268437,-116.1704825,-116.1633,-116.2344009,-116.2684177,-116.2130446,-116.293971,-116.3050215,-116.245916,-116.2743595,-116.1573813,-116.203326,-116.1335834,-116.22412,-116.098622,-116.1210522,-116.222835,-116.326042,-116.2309316,-116.2504264,-116.2709188,-116.183356,-116.247889,-116.1931448,-116.193697,-116.213678,-116.2536306,-116.033712,-116.2297304,-116.192158,-116.3342868,-116.1884035,-116.2085864,-116.191698,-116.2142557,-116.1982766,-116.203924,-116.2036778,-116.0986275,-116.2376974
21,Boise,Idaho,150942,126,Gordon s. bowen park,Mini,Open,Developed,North River,Active Park,BOISE CITY,0.32248749,GIS,1013 W O'Farrell St,Classic,Gordon-S-Bowen-Park,0.001511503,1.45e-07,1013 W O'FARRELL ST,Mini,Gordon S. Bowen Park,43.6610652,43.6828866,43.679896,43.6605954,43.6104879,,43.6130114,43.6532929,43.6146316,43.5475988,43.6503693,43.617887,43.626294,43.6449789,43.6436012,43.638452,43.636504,43.6351477,43.6319851,43.6303104,43.626552,43.6248542,43.622819,43.6181311,43.6175837,43.616731,43.615077,43.616591,43.6144756,43.613066,43.6103798,43.610273,43.615726,43.6092033,43.614215,43.6151446,43.6144897,43.6052277,43.603333,43.6019085,43.604337,43.601044,43.5973645,43.5953347,43.6147002,43.5944027,43.5960863,43.5933122,43.590637,43.587635,43.5908829,43.5856801,43.5815,43.5883943,43.5783797,43.5774967,43.5772726,43.5880929,43.5734826,43.56389,43.5656557,43.6085474,43.6256985,43.61205,43.6338044,43.5600487,43.595756,43.6093837,43.468523,43.6899475,43.6574399,43.6554753,43.6019602,43.6521854,43.645009,43.6379565,43.6339837,43.6265791,43.6164788,43.6011568,43.5807801,43.563206,43.6147656,43.6187073,43.6112937,43.5824429,43.613342,43.6213324,43.573703,43.5751881,43.6116233,43.611803,43.5290362,43.6519645,43.615314,43.5732785,43.557425,43.6046661,43.610827,43.6153342,43.618824,43.613564,43.6236296,43.6265626,43.6329444,43.5898161,43.6384932,43.6483863,43.681303,43.5992087,43.568633,43.544704,43.626365,43.594577,43.5903778,43.632641,43.5931564,43.551804,43.585974,43.60454,43.620747,43.5947431,43.6688466,43.6555526,43.645532,43.5624883,43.6491983,43.6123158,43.5711014,43.6406514,43.6803871,43.6015064,43.599288,43.6157222,43.6018468,43.639151,43.5834967,43.647575,43.5707023,43.615799,43.552877,43.5689565,43.648724,43.633893,43.6183551,43.5926761,43.590282,43.586311,43.648962,43.6058354,43.5732588,43.5942341,43.6176437,43.635982,43.6129405,43.5734437,43.6194423,43.6023878,43.6122779,43.625927,43.620931,43.6173997,43.615751,43.6171003,43.5526915,43.6920387,-116.2135745,-116.2919211,-116.284887,-116.3456794,-116.2082807,-116.1799021,-116.2960007,-116.2145508,-116.1534075,-116.3544153,-116.2102005,-116.230735,-116.2466671,-116.2284526,-116.194785,-116.215855,-116.2234691,-116.3160828,-116.3243743,-116.268053,-116.1964928,-116.218515,-116.1940438,-116.2226005,-116.199126,-116.191985,-116.2201504,-116.2188586,-116.200583,-116.1898411,-116.208625,-116.2016517,-116.1729855,-116.203086,-116.2147125,-116.2123541,-116.1833698,-116.185561,-116.2149029,-116.321398,-116.337034,-116.2621912,-116.2387254,-116.1858868,-116.1633768,-116.2187273,-116.1777398,-116.184313,-116.198734,-116.2941272,-116.3312438,-116.248724,-116.1735301,-116.1571147,-116.2943564,-116.214027,-116.1910508,-116.2216564,-116.32195,-116.1540997,-116.2610448,-116.2078795,-116.171538,-116.202894,-116.1322349,-116.3140766,-116.2610432,-116.069723,-116.3020825,-116.2330146,-116.3063828,-116.1743447,-116.3007286,-116.305672,-116.27027,-116.2692501,-116.2830959,-116.3192311,-116.1680331,-116.1857617,-116.153317,-116.1786617,-116.2137274,-116.1943893,-116.1696052,-116.2841691,-116.2102647,-116.159217,-116.140329,-116.1827547,-116.207153,-116.1564325,-116.236936,-116.222081,-116.1406764,-116.125789,-116.2333794,-116.228565,-116.314295,-116.223728,-116.189305,-116.1780806,-116.2077292,-116.208244,-116.2443622,-116.2372639,-116.3219028,-116.2134882,-116.1425104,-116.274251,-116.284287,-116.2287023,-116.18477,-116.2741747,-116.180993,-116.205531,-116.132874,-116.172557,-116.2123044,-116.195633,-116.2285497,-116.2217642,-116.2633144,-116.238387,-116.3472997,-116.1629067,-116.3268437,-116.1704825,-116.1633,-116.2344009,-116.2684177,-116.2130446,-116.293971,-116.3050215,-116.245916,-116.2743595,-116.1573813,-116.203326,-116.1335834,-116.22412,-116.098622,-116.1210522,-116.222835,-116.326042,-116.2309316,-116.2504264,-116.2709188,-116.183356,-116.247889,-116.1931448,-116.193697,-116.213678,-116.2536306,-116.033712,-116.2297304,-116.192158,-116.3342868,-116.1884035,-116.2085864,-116.191698,-116.2142557,-116.1982766,-116.203924,-116.2036778,-116.0986275,-116.2376974
22,Boise,Idaho,150943,122,Fairview park,Neighborhood,Open,Developed,North River,Active Park,BOISE CITY (BOISE PARKS & RECREATION),2.26918254,GIS,2300 W Idaho St,Classic,Fairview-Park,0.004095721,1.02e-06,2300 W IDAHO ST,Neighborhood,Fairview Park,43.6610652,43.6828866,43.679896,43.6605954,43.6104879,,43.6130114,43.6532929,43.6146316,43.5475988,43.6503693,43.617887,43.626294,43.6449789,43.6436012,43.638452,43.636504,43.6351477,43.6319851,43.6303104,43.626552,43.6248542,43.622819,43.6181311,43.6175837,43.616731,43.615077,43.616591,43.6144756,43.613066,43.6103798,43.610273,43.615726,43.6092033,43.614215,43.6151446,43.6144897,43.6052277,43.603333,43.6019085,43.604337,43.601044,43.5973645,43.5953347,43.6147002,43.5944027,43.5960863,43.5933122,43.590637,43.587635,43.5908829,43.5856801,43.5815,43.5883943,43.5783797,43.5774967,43.5772726,43.5880929,43.5734826,43.56389,43.5656557,43.6085474,43.6256985,43.61205,43.6338044,43.5600487,43.595756,43.6093837,43.468523,43.6899475,43.6574399,43.6554753,43.6019602,43.6521854,43.645009,43.6379565,43.6339837,43.6265791,43.6164788,43.6011568,43.5807801,43.563206,43.6147656,43.6187073,43.6112937,43.5824429,43.613342,43.6213324,43.573703,43.5751881,43.6116233,43.611803,43.5290362,43.6519645,43.615314,43.5732785,43.557425,43.6046661,43.610827,43.6153342,43.618824,43.613564,43.6236296,43.6265626,43.6329444,43.5898161,43.6384932,43.6483863,43.681303,43.5992087,43.568633,43.544704,43.626365,43.594577,43.5903778,43.632641,43.5931564,43.551804,43.585974,43.60454,43.620747,43.5947431,43.6688466,43.6555526,43.645532,43.5624883,43.6491983,43.6123158,43.5711014,43.6406514,43.6803871,43.6015064,43.599288,43.6157222,43.6018468,43.639151,43.5834967,43.647575,43.5707023,43.615799,43.552877,43.5689565,43.648724,43.633893,43.6183551,43.5926761,43.590282,43.586311,43.648962,43.6058354,43.5732588,43.5942341,43.6176437,43.635982,43.6129405,43.5734437,43.6194423,43.6023878,43.6122779,43.625927,43.620931,43.6173997,43.615751,43.6171003,43.5526915,43.6920387,-116.2135745,-116.2919211,-116.284887,-116.3456794,-116.2082807,-116.1799021,-116.2960007,-116.2145508,-116.1534075,-116.3544153,-116.2102005,-116.230735,-116.2466671,-116.2284526,-116.194785,-116.215855,-116.2234691,-116.3160828,-116.3243743,-116.268053,-116.1964928,-116.218515,-116.1940438,-116.2226005,-116.199126,-116.191985,-116.2201504,-116.2188586,-116.200583,-116.1898411,-116.208625,-116.2016517,-116.1729855,-116.203086,-116.2147125,-116.2123541,-116.1833698,-116.185561,-116.2149029,-116.321398,-116.337034,-116.2621912,-116.2387254,-116.1858868,-116.1633768,-116.2187273,-116.1777398,-116.184313,-116.198734,-116.2941272,-116.3312438,-116.248724,-116.1735301,-116.1571147,-116.2943564,-116.214027,-116.1910508,-116.2216564,-116.32195,-116.1540997,-116.2610448,-116.2078795,-116.171538,-116.202894,-116.1322349,-116.3140766,-116.2610432,-116.069723,-116.3020825,-116.2330146,-116.3063828,-116.1743447,-116.3007286,-116.305672,-116.27027,-116.2692501,-116.2830959,-116.3192311,-116.1680331,-116.1857617,-116.153317,-116.1786617,-116.2137274,-116.1943893,-116.1696052,-116.2841691,-116.2102647,-116.159217,-116.140329,-116.1827547,-116.207153,-116.1564325,-116.236936,-116.222081,-116.1406764,-116.125789,-116.2333794,-116.228565,-116.314295,-116.223728,-116.189305,-116.1780806,-116.2077292,-116.208244,-116.2443622,-116.2372639,-116.3219028,-116.2134882,-116.1425104,-116.274251,-116.284287,-116.2287023,-116.18477,-116.2741747,-116.180993,-116.205531,-116.132874,-116.172557,-116.2123044,-116.195633,-116.2285497,-116.2217642,-116.2633144,-116.238387,-116.3472997,-116.1629067,-116.3268437,-116.1704825,-116.1633,-116.2344009,-116.2684177,-116.2130446,-116.293971,-116.3050215,-116.245916,-116.2743595,-116.1573813,-116.203326,-116.1335834,-116.22412,-116.098622,-116.1210522,-116.222835,-116.326042,-116.2309316,-116.2504264,-116.2709188,-116.183356,-116.247889,-116.1931448,-116.193697,-116.213678,-116.2536306,-116.033712,-116.2297304,-116.192158,-116.3342868,-116.1884035,-116.2085864,-116.191698,-116.2142557,-116.1982766,-116.203924,-116.2036778,-116.0986275,-116.2376974
23,Boise,Idaho,150944,251,O'farrell cabin,Special use,Open,Developed,North River,Historical/Cultural,BOISE CITY,0.02,Ada County Database,450 W Fort St,Not Classic,OFarrell-Cabin,0.00039936199999999995,8.92e-09,450 W FORT ST,Special Use,O'Farrell Cabin,43.6610652,43.6828866,43.679896,43.6605954,43.6104879,,43.6130114,43.6532929,43.6146316,43.5475988,43.6503693,43.617887,43.626294,43.6449789,43.6436012,43.638452,43.636504,43.6351477,43.6319851,43.6303104,43.626552,43.6248542,43.622819,43.6181311,43.6175837,43.616731,43.615077,43.616591,43.6144756,43.613066,43.6103798,43.610273,43.615726,43.6092033,43.614215,43.6151446,43.6144897,43.6052277,43.603333,43.6019085,43.604337,43.601044,43.5973645,43.5953347,43.6147002,43.5944027,43.5960863,43.5933122,43.590637,43.587635,43.5908829,43.5856801,43.5815,43.5883943,43.5783797,43.5774967,43.5772726,43.5880929,43.5734826,43.56389,43.5656557,43.6085474,43.6256985,43.61205,43.6338044,43.5600487,43.595756,43.6093837,43.468523,43.6899475,43.6574399,43.6554753,43.6019602,43.6521854,43.645009,43.6379565,43.6339837,43.6265791,43.6164788,43.6011568,43.5807801,43.563206,43.6147656,43.6187073,43.6112937,43.5824429,43.613342,43.6213324,43.573703,43.5751881,43.6116233,43.611803,43.5290362,43.6519645,43.615314,43.5732785,43.557425,43.6046661,43.610827,43.6153342,43.618824,43.613564,43.6236296,43.6265626,43.6329444,43.5898161,43.6384932,43.6483863,43.681303,43.5992087,43.568633,43.544704,43.626365,43.594577,43.5903778,43.632641,43.5931564,43.551804,43.585974,43.60454,43.620747,43.5947431,43.6688466,43.6555526,43.645532,43.5624883,43.6491983,43.6123158,43.5711014,43.6406514,43.6803871,43.6015064,43.599288,43.6157222,43.6018468,43.639151,43.5834967,43.647575,43.5707023,43.615799,43.552877,43.5689565,43.648724,43.633893,43.6183551,43.5926761,43.590282,43.586311,43.648962,43.6058354,43.5732588,43.5942341,43.6176437,43.635982,43.6129405,43.5734437,43.6194423,43.6023878,43.6122779,43.625927,43.620931,43.6173997,43.615751,43.6171003,43.5526915,43.6920387,-116.2135745,-116.2919211,-116.284887,-116.3456794,-116.2082807,-116.1799021,-116.2960007,-116.2145508,-116.1534075,-116.3544153,-116.2102005,-116.230735,-116.2466671,-116.2284526,-116.194785,-116.215855,-116.2234691,-116.3160828,-116.3243743,-116.268053,-116.1964928,-116.218515,-116.1940438,-116.2226005,-116.199126,-116.191985,-116.2201504,-116.2188586,-116.200583,-116.1898411,-116.208625,-116.2016517,-116.1729855,-116.203086,-116.2147125,-116.2123541,-116.1833698,-116.185561,-116.2149029,-116.321398,-116.337034,-116.2621912,-116.2387254,-116.1858868,-116.1633768,-116.2187273,-116.1777398,-116.184313,-116.198734,-116.2941272,-116.3312438,-116.248724,-116.1735301,-116.1571147,-116.2943564,-116.214027,-116.1910508,-116.2216564,-116.32195,-116.1540997,-116.2610448,-116.2078795,-116.171538,-116.202894,-116.1322349,-116.3140766,-116.2610432,-116.069723,-116.3020825,-116.2330146,-116.3063828,-116.1743447,-116.3007286,-116.305672,-116.27027,-116.2692501,-116.2830959,-116.3192311,-116.1680331,-116.1857617,-116.153317,-116.1786617,-116.2137274,-116.1943893,-116.1696052,-116.2841691,-116.2102647,-116.159217,-116.140329,-116.1827547,-116.207153,-116.1564325,-116.236936,-116.222081,-116.1406764,-116.125789,-116.2333794,-116.228565,-116.314295,-116.223728,-116.189305,-116.1780806,-116.2077292,-116.208244,-116.2443622,-116.2372639,-116.3219028,-116.2134882,-116.1425104,-116.274251,-116.284287,-116.2287023,-116.18477,-116.2741747,-116.180993,-116.205531,-116.132874,-116.172557,-116.2123044,-116.195633,-116.2285497,-116.2217642,-116.2633144,-116.238387,-116.3472997,-116.1629067,-116.3268437,-116.1704825,-116.1633,-116.2344009,-116.2684177,-116.2130446,-116.293971,-116.3050215,-116.245916,-116.2743595,-116.1573813,-116.203326,-116.1335834,-116.22412,-116.098622,-116.1210522,-116.222835,-116.326042,-116.2309316,-116.2504264,-116.2709188,-116.183356,-116.247889,-116.1931448,-116.193697,-116.213678,-116.2536306,-116.033712,-116.2297304,-116.192158,-116.3342868,-116.1884035,-116.2085864,-116.191698,-116.2142557,-116.1982766,-116.203924,-116.2036778,-116.0986275,-116.2376974
24,Boise,Idaho,150945,157,Idaho fallen firefighter memorial,Linear,Open,Developed,North River,Mixed-use Park,BOISE CITY (BOISE PARKS & RECREATION),4.3172991,GIS,1775 W Shoreline Dr,Classic,,0.008512276,1.95e-06,1775 W SHORELINE DR,Linear,Idaho Fallen Firefighter Memorial,43.6610652,43.6828866,43.679896,43.6605954,43.6104879,,43.6130114,43.6532929,43.6146316,43.5475988,43.6503693,43.617887,43.626294,43.6449789,43.6436012,43.638452,43.636504,43.6351477,43.6319851,43.6303104,43.626552,43.6248542,43.622819,43.6181311,43.6175837,43.616731,43.615077,43.616591,43.6144756,43.613066,43.6103798,43.610273,43.615726,43.6092033,43.614215,43.6151446,43.6144897,43.6052277,43.603333,43.6019085,43.604337,43.601044,43.5973645,43.5953347,43.6147002,43.5944027,43.5960863,43.5933122,43.590637,43.587635,43.5908829,43.5856801,43.5815,43.5883943,43.5783797,43.5774967,43.5772726,43.5880929,43.5734826,43.56389,43.5656557,43.6085474,43.6256985,43.61205,43.6338044,43.5600487,43.595756,43.6093837,43.468523,43.6899475,43.6574399,43.6554753,43.6019602,43.6521854,43.645009,43.6379565,43.6339837,43.6265791,43.6164788,43.6011568,43.5807801,43.563206,43.6147656,43.6187073,43.6112937,43.5824429,43.613342,43.6213324,43.573703,43.5751881,43.6116233,43.611803,43.5290362,43.6519645,43.615314,43.5732785,43.557425,43.6046661,43.610827,43.6153342,43.618824,43.613564,43.6236296,43.6265626,43.6329444,43.5898161,43.6384932,43.6483863,43.681303,43.5992087,43.568633,43.544704,43.626365,43.594577,43.5903778,43.632641,43.5931564,43.551804,43.585974,43.60454,43.620747,43.5947431,43.6688466,43.6555526,43.645532,43.5624883,43.6491983,43.6123158,43.5711014,43.6406514,43.6803871,43.6015064,43.599288,43.6157222,43.6018468,43.639151,43.5834967,43.647575,43.5707023,43.615799,43.552877,43.5689565,43.648724,43.633893,43.6183551,43.5926761,43.590282,43.586311,43.648962,43.6058354,43.5732588,43.5942341,43.6176437,43.635982,43.6129405,43.5734437,43.6194423,43.6023878,43.6122779,43.625927,43.620931,43.6173997,43.615751,43.6171003,43.5526915,43.6920387,-116.2135745,-116.2919211,-116.284887,-116.3456794,-116.2082807,-116.1799021,-116.2960007,-116.2145508,-116.1534075,-116.3544153,-116.2102005,-116.230735,-116.2466671,-116.2284526,-116.194785,-116.215855,-116.2234691,-116.3160828,-116.3243743,-116.268053,-116.1964928,-116.218515,-116.1940438,-116.2226005,-116.199126,-116.191985,-116.2201504,-116.2188586,-116.200583,-116.1898411,-116.208625,-116.2016517,-116.1729855,-116.203086,-116.2147125,-116.2123541,-116.1833698,-116.185561,-116.2149029,-116.321398,-116.337034,-116.2621912,-116.2387254,-116.1858868,-116.1633768,-116.2187273,-116.1777398,-116.184313,-116.198734,-116.2941272,-116.3312438,-116.248724,-116.1735301,-116.1571147,-116.2943564,-116.214027,-116.1910508,-116.2216564,-116.32195,-116.1540997,-116.2610448,-116.2078795,-116.171538,-116.202894,-116.1322349,-116.3140766,-116.2610432,-116.069723,-116.3020825,-116.2330146,-116.3063828,-116.1743447,-116.3007286,-116.305672,-116.27027,-116.2692501,-116.2830959,-116.3192311,-116.1680331,-116.1857617,-116.153317,-116.1786617,-116.2137274,-116.1943893,-116.1696052,-116.2841691,-116.2102647,-116.159217,-116.140329,-116.1827547,-116.207153,-116.1564325,-116.236936,-116.222081,-116.1406764,-116.125789,-116.2333794,-116.228565,-116.314295,-116.223728,-116.189305,-116.1780806,-116.2077292,-116.208244,-116.2443622,-116.2372639,-116.3219028,-116.2134882,-116.1425104,-116.274251,-116.284287,-116.2287023,-116.18477,-116.2741747,-116.180993,-116.205531,-116.132874,-116.172557,-116.2123044,-116.195633,-116.2285497,-116.2217642,-116.2633144,-116.238387,-116.3472997,-116.1629067,-116.3268437,-116.1704825,-116.1633,-116.2344009,-116.2684177,-116.2130446,-116.293971,-116.3050215,-116.245916,-116.2743595,-116.1573813,-116.203326,-116.1335834,-116.22412,-116.098622,-116.1210522,-116.222835,-116.326042,-116.2309316,-116.2504264,-116.2709188,-116.183356,-116.247889,-116.1931448,-116.193697,-116.213678,-116.2536306,-116.033712,-116.2297304,-116.192158,-116.3342868,-116.1884035,-116.2085864,-116.191698,-116.2142557,-116.1982766,-116.203924,-116.2036778,-116.0986275,-116.2376974
25,Boise,Idaho,150946,112,Cecil d. andrus park,Mini,Open,Developed,North River,Passive Park,BOISE CITY,1.92496219,GIS,601 W Jefferson St,Classic,Cecil-D-Andrus-Park,0.00512827,8.68e-07,601 W JEFFERSON ST,Mini,Cecil D. Andrus Park,43.6610652,43.6828866,43.679896,43.6605954,43.6104879,,43.6130114,43.6532929,43.6146316,43.5475988,43.6503693,43.617887,43.626294,43.6449789,43.6436012,43.638452,43.636504,43.6351477,43.6319851,43.6303104,43.626552,43.6248542,43.622819,43.6181311,43.6175837,43.616731,43.615077,43.616591,43.6144756,43.613066,43.6103798,43.610273,43.615726,43.6092033,43.614215,43.6151446,43.6144897,43.6052277,43.603333,43.6019085,43.604337,43.601044,43.5973645,43.5953347,43.6147002,43.5944027,43.5960863,43.5933122,43.590637,43.587635,43.5908829,43.5856801,43.5815,43.5883943,43.5783797,43.5774967,43.5772726,43.5880929,43.5734826,43.56389,43.5656557,43.6085474,43.6256985,43.61205,43.6338044,43.5600487,43.595756,43.6093837,43.468523,43.6899475,43.6574399,43.6554753,43.6019602,43.6521854,43.645009,43.6379565,43.6339837,43.6265791,43.6164788,43.6011568,43.5807801,43.563206,43.6147656,43.6187073,43.6112937,43.5824429,43.613342,43.6213324,43.573703,43.5751881,43.6116233,43.611803,43.5290362,43.6519645,43.615314,43.5732785,43.557425,43.6046661,43.610827,43.6153342,43.618824,43.613564,43.6236296,43.6265626,43.6329444,43.5898161,43.6384932,43.6483863,43.681303,43.5992087,43.568633,43.544704,43.626365,43.594577,43.5903778,43.632641,43.5931564,43.551804,43.585974,43.60454,43.620747,43.5947431,43.6688466,43.6555526,43.645532,43.5624883,43.6491983,43.6123158,43.5711014,43.6406514,43.6803871,43.6015064,43.599288,43.6157222,43.6018468,43.639151,43.5834967,43.647575,43.5707023,43.615799,43.552877,43.5689565,43.648724,43.633893,43.6183551,43.5926761,43.590282,43.586311,43.648962,43.6058354,43.5732588,43.5942341,43.6176437,43.635982,43.6129405,43.5734437,43.6194423,43.6023878,43.6122779,43.625927,43.620931,43.6173997,43.615751,43.6171003,43.5526915,43.6920387,-116.2135745,-116.2919211,-116.284887,-116.3456794,-116.2082807,-116.1799021,-116.2960007,-116.2145508,-116.1534075,-116.3544153,-116.2102005,-116.230735,-116.2466671,-116.2284526,-116.194785,-116.215855,-116.2234691,-116.3160828,-116.3243743,-116.268053,-116.1964928,-116.218515,-116.1940438,-116.2226005,-116.199126,-116.191985,-116.2201504,-116.2188586,-116.200583,-116.1898411,-116.208625,-116.2016517,-116.1729855,-116.203086,-116.2147125,-116.2123541,-116.1833698,-116.185561,-116.2149029,-116.321398,-116.337034,-116.2621912,-116.2387254,-116.1858868,-116.1633768,-116.2187273,-116.1777398,-116.184313,-116.198734,-116.2941272,-116.3312438,-116.248724,-116.1735301,-116.1571147,-116.2943564,-116.214027,-116.1910508,-116.2216564,-116.32195,-116.1540997,-116.2610448,-116.2078795,-116.171538,-116.202894,-116.1322349,-116.3140766,-116.2610432,-116.069723,-116.3020825,-116.2330146,-116.3063828,-116.1743447,-116.3007286,-116.305672,-116.27027,-116.2692501,-116.2830959,-116.3192311,-116.1680331,-116.1857617,-116.153317,-116.1786617,-116.2137274,-116.1943893,-116.1696052,-116.2841691,-116.2102647,-116.159217,-116.140329,-116.1827547,-116.207153,-116.1564325,-116.236936,-116.222081,-116.1406764,-116.125789,-116.2333794,-116.228565,-116.314295,-116.223728,-116.189305,-116.1780806,-116.2077292,-116.208244,-116.2443622,-116.2372639,-116.3219028,-116.2134882,-116.1425104,-116.274251,-116.284287,-116.2287023,-116.18477,-116.2741747,-116.180993,-116.205531,-116.132874,-116.172557,-116.2123044,-116.195633,-116.2285497,-116.2217642,-116.2633144,-116.238387,-116.3472997,-116.1629067,-116.3268437,-116.1704825,-116.1633,-116.2344009,-116.2684177,-116.2130446,-116.293971,-116.3050215,-116.245916,-116.2743595,-116.1573813,-116.203326,-116.1335834,-116.22412,-116.098622,-116.1210522,-116.222835,-116.326042,-116.2309316,-116.2504264,-116.2709188,-116.183356,-116.247889,-116.1931448,-116.193697,-116.213678,-116.2536306,-116.033712,-116.2297304,-116.192158,-116.3342868,-116.1884035,-116.2085864,-116.191698,-116.2142557,-116.1982766,-116.203924,-116.2036778,-116.0986275,-116.2376974
26,Boise,Idaho,150947,125,Fort boise park,Community,Open,Developed,North River,Mixed-use Park,BOISE CITY,28.77,Ada County Database,155 E Garrison St,Classic,Fort-Boise-Park,0.020863509,1.47e-05,155 E GARRISON ST,Community,Fort Boise Park,43.6610652,43.6828866,43.679896,43.6605954,43.6104879,,43.6130114,43.6532929,43.6146316,43.5475988,43.6503693,43.617887,43.626294,43.6449789,43.6436012,43.638452,43.636504,43.6351477,43.6319851,43.6303104,43.626552,43.6248542,43.622819,43.6181311,43.6175837,43.616731,43.615077,43.616591,43.6144756,43.613066,43.6103798,43.610273,43.615726,43.6092033,43.614215,43.6151446,43.6144897,43.6052277,43.603333,43.6019085,43.604337,43.601044,43.5973645,43.5953347,43.6147002,43.5944027,43.5960863,43.5933122,43.590637,43.587635,43.5908829,43.5856801,43.5815,43.5883943,43.5783797,43.5774967,43.5772726,43.5880929,43.5734826,43.56389,43.5656557,43.6085474,43.6256985,43.61205,43.6338044,43.5600487,43.595756,43.6093837,43.468523,43.6899475,43.6574399,43.6554753,43.6019602,43.6521854,43.645009,43.6379565,43.6339837,43.6265791,43.6164788,43.6011568,43.5807801,43.563206,43.6147656,43.6187073,43.6112937,43.5824429,43.613342,43.6213324,43.573703,43.5751881,43.6116233,43.611803,43.5290362,43.6519645,43.615314,43.5732785,43.557425,43.6046661,43.610827,43.6153342,43.618824,43.613564,43.6236296,43.6265626,43.6329444,43.5898161,43.6384932,43.6483863,43.681303,43.5992087,43.568633,43.544704,43.626365,43.594577,43.5903778,43.632641,43.5931564,43.551804,43.585974,43.60454,43.620747,43.5947431,43.6688466,43.6555526,43.645532,43.5624883,43.6491983,43.6123158,43.5711014,43.6406514,43.6803871,43.6015064,43.599288,43.6157222,43.6018468,43.639151,43.5834967,43.647575,43.5707023,43.615799,43.552877,43.5689565,43.648724,43.633893,43.6183551,43.5926761,43.590282,43.586311,43.648962,43.6058354,43.5732588,43.5942341,43.6176437,43.635982,43.6129405,43.5734437,43.6194423,43.6023878,43.6122779,43.625927,43.620931,43.6173997,43.615751,43.6171003,43.5526915,43.6920387,-116.2135745,-116.2919211,-116.284887,-116.3456794,-116.2082807,-116.1799021,-116.2960007,-116.2145508,-116.1534075,-116.3544153,-116.2102005,-116.230735,-116.2466671,-116.2284526,-116.194785,-116.215855,-116.2234691,-116.3160828,-116.3243743,-116.268053,-116.1964928,-116.218515,-116.1940438,-116.2226005,-116.199126,-116.191985,-116.2201504,-116.2188586,-116.200583,-116.1898411,-116.208625,-116.2016517,-116.1729855,-116.203086,-116.2147125,-116.2123541,-116.1833698,-116.185561,-116.2149029,-116.321398,-116.337034,-116.2621912,-116.2387254,-116.1858868,-116.1633768,-116.2187273,-116.1777398,-116.184313,-116.198734,-116.2941272,-116.3312438,-116.248724,-116.1735301,-116.1571147,-116.2943564,-116.214027,-116.1910508,-116.2216564,-116.32195,-116.1540997,-116.2610448,-116.2078795,-116.171538,-116.202894,-116.1322349,-116.3140766,-116.2610432,-116.069723,-116.3020825,-116.2330146,-116.3063828,-116.1743447,-116.3007286,-116.305672,-116.27027,-116.2692501,-116.2830959,-116.3192311,-116.1680331,-116.1857617,-116.153317,-116.1786617,-116.2137274,-116.1943893,-116.1696052,-116.2841691,-116.2102647,-116.159217,-116.140329,-116.1827547,-116.207153,-116.1564325,-116.236936,-116.222081,-116.1406764,-116.125789,-116.2333794,-116.228565,-116.314295,-116.223728,-116.189305,-116.1780806,-116.2077292,-116.208244,-116.2443622,-116.2372639,-116.3219028,-116.2134882,-116.1425104,-116.274251,-116.284287,-116.2287023,-116.18477,-116.2741747,-116.180993,-116.205531,-116.132874,-116.172557,-116.2123044,-116.195633,-116.2285497,-116.2217642,-116.2633144,-116.238387,-116.3472997,-116.1629067,-116.3268437,-116.1704825,-116.1633,-116.2344009,-116.2684177,-116.2130446,-116.293971,-116.3050215,-116.245916,-116.2743595,-116.1573813,-116.203326,-116.1335834,-116.22412,-116.098622,-116.1210522,-116.222835,-116.326042,-116.2309316,-116.2504264,-116.2709188,-116.183356,-116.247889,-116.1931448,-116.193697,-116.213678,-116.2536306,-116.033712,-116.2297304,-116.192158,-116.3342868,-116.1884035,-116.2085864,-116.191698,-116.2142557,-116.1982766,-116.203924,-116.2036778,-116.0986275,-116.2376974
27,Boise,Idaho,150948,102,Ann morrison memorial park,Large urban,Open,Developed,North River,Active Park,BOISE CITY,148.547797,GIS,1000 N Americana Blvd,Classic,Ann-Morrison-Park,0.061463792999999996,6.7e-05,1000 N AMERICANA BLVD,Large Urban,Ann Morrison Memorial Park,43.6610652,43.6828866,43.679896,43.6605954,43.6104879,,43.6130114,43.6532929,43.6146316,43.5475988,43.6503693,43.617887,43.626294,43.6449789,43.6436012,43.638452,43.636504,43.6351477,43.6319851,43.6303104,43.626552,43.6248542,43.622819,43.6181311,43.6175837,43.616731,43.615077,43.616591,43.6144756,43.613066,43.6103798,43.610273,43.615726,43.6092033,43.614215,43.6151446,43.6144897,43.6052277,43.603333,43.6019085,43.604337,43.601044,43.5973645,43.5953347,43.6147002,43.5944027,43.5960863,43.5933122,43.590637,43.587635,43.5908829,43.5856801,43.5815,43.5883943,43.5783797,43.5774967,43.5772726,43.5880929,43.5734826,43.56389,43.5656557,43.6085474,43.6256985,43.61205,43.6338044,43.5600487,43.595756,43.6093837,43.468523,43.6899475,43.6574399,43.6554753,43.6019602,43.6521854,43.645009,43.6379565,43.6339837,43.6265791,43.6164788,43.6011568,43.5807801,43.563206,43.6147656,43.6187073,43.6112937,43.5824429,43.613342,43.6213324,43.573703,43.5751881,43.6116233,43.611803,43.5290362,43.6519645,43.615314,43.5732785,43.557425,43.6046661,43.610827,43.6153342,43.618824,43.613564,43.6236296,43.6265626,43.6329444,43.5898161,43.6384932,43.6483863,43.681303,43.5992087,43.568633,43.544704,43.626365,43.594577,43.5903778,43.632641,43.5931564,43.551804,43.585974,43.60454,43.620747,43.5947431,43.6688466,43.6555526,43.645532,43.5624883,43.6491983,43.6123158,43.5711014,43.6406514,43.6803871,43.6015064,43.599288,43.6157222,43.6018468,43.639151,43.5834967,43.647575,43.5707023,43.615799,43.552877,43.5689565,43.648724,43.633893,43.6183551,43.5926761,43.590282,43.586311,43.648962,43.6058354,43.5732588,43.5942341,43.6176437,43.635982,43.6129405,43.5734437,43.6194423,43.6023878,43.6122779,43.625927,43.620931,43.6173997,43.615751,43.6171003,43.5526915,43.6920387,-116.2135745,-116.2919211,-116.284887,-116.3456794,-116.2082807,-116.1799021,-116.2960007,-116.2145508,-116.1534075,-116.3544153,-116.2102005,-116.230735,-116.2466671,-116.2284526,-116.194785,-116.215855,-116.2234691,-116.3160828,-116.3243743,-116.268053,-116.1964928,-116.218515,-116.1940438,-116.2226005,-116.199126,-116.191985,-116.2201504,-116.2188586,-116.200583,-116.1898411,-116.208625,-116.2016517,-116.1729855,-116.203086,-116.2147125,-116.2123541,-116.1833698,-116.185561,-116.2149029,-116.321398,-116.337034,-116.2621912,-116.2387254,-116.1858868,-116.1633768,-116.2187273,-116.1777398,-116.184313,-116.198734,-116.2941272,-116.3312438,-116.248724,-116.1735301,-116.1571147,-116.2943564,-116.214027,-116.1910508,-116.2216564,-116.32195,-116.1540997,-116.2610448,-116.2078795,-116.171538,-116.202894,-116.1322349,-116.3140766,-116.2610432,-116.069723,-116.3020825,-116.2330146,-116.3063828,-116.1743447,-116.3007286,-116.305672,-116.27027,-116.2692501,-116.2830959,-116.3192311,-116.1680331,-116.1857617,-116.153317,-116.1786617,-116.2137274,-116.1943893,-116.1696052,-116.2841691,-116.2102647,-116.159217,-116.140329,-116.1827547,-116.207153,-116.1564325,-116.236936,-116.222081,-116.1406764,-116.125789,-116.2333794,-116.228565,-116.314295,-116.223728,-116.189305,-116.1780806,-116.2077292,-116.208244,-116.2443622,-116.2372639,-116.3219028,-116.2134882,-116.1425104,-116.274251,-116.284287,-116.2287023,-116.18477,-116.2741747,-116.180993,-116.205531,-116.132874,-116.172557,-116.2123044,-116.195633,-116.2285497,-116.2217642,-116.2633144,-116.238387,-116.3472997,-116.1629067,-116.3268437,-116.1704825,-116.1633,-116.2344009,-116.2684177,-116.2130446,-116.293971,-116.3050215,-116.245916,-116.2743595,-116.1573813,-116.203326,-116.1335834,-116.22412,-116.098622,-116.1210522,-116.222835,-116.326042,-116.2309316,-116.2504264,-116.2709188,-116.183356,-116.247889,-116.1931448,-116.193697,-116.213678,-116.2536306,-116.033712,-116.2297304,-116.192158,-116.3342868,-116.1884035,-116.2085864,-116.191698,-116.2142557,-116.1982766,-116.203924,-116.2036778,-116.0986275,-116.2376974
28,Boise,Idaho,150949,159,Shoreline park,Linear,Open,Developed,North River,Active Park,BOISE CITY (BOISE PARKS & RECREATION),1.5,Ada County Database,1375 W Shoreline Dr,Classic,Shoreline-Park,0.004222877,7.13e-07,1375 W SHORELINE DR,Linear,Shoreline Park,43.6610652,43.6828866,43.679896,43.6605954,43.6104879,,43.6130114,43.6532929,43.6146316,43.5475988,43.6503693,43.617887,43.626294,43.6449789,43.6436012,43.638452,43.636504,43.6351477,43.6319851,43.6303104,43.626552,43.6248542,43.622819,43.6181311,43.6175837,43.616731,43.615077,43.616591,43.6144756,43.613066,43.6103798,43.610273,43.615726,43.6092033,43.614215,43.6151446,43.6144897,43.6052277,43.603333,43.6019085,43.604337,43.601044,43.5973645,43.5953347,43.6147002,43.5944027,43.5960863,43.5933122,43.590637,43.587635,43.5908829,43.5856801,43.5815,43.5883943,43.5783797,43.5774967,43.5772726,43.5880929,43.5734826,43.56389,43.5656557,43.6085474,43.6256985,43.61205,43.6338044,43.5600487,43.595756,43.6093837,43.468523,43.6899475,43.6574399,43.6554753,43.6019602,43.6521854,43.645009,43.6379565,43.6339837,43.6265791,43.6164788,43.6011568,43.5807801,43.563206,43.6147656,43.6187073,43.6112937,43.5824429,43.613342,43.6213324,43.573703,43.5751881,43.6116233,43.611803,43.5290362,43.6519645,43.615314,43.5732785,43.557425,43.6046661,43.610827,43.6153342,43.618824,43.613564,43.6236296,43.6265626,43.6329444,43.5898161,43.6384932,43.6483863,43.681303,43.5992087,43.568633,43.544704,43.626365,43.594577,43.5903778,43.632641,43.5931564,43.551804,43.585974,43.60454,43.620747,43.5947431,43.6688466,43.6555526,43.645532,43.5624883,43.6491983,43.6123158,43.5711014,43.6406514,43.6803871,43.6015064,43.599288,43.6157222,43.6018468,43.639151,43.5834967,43.647575,43.5707023,43.615799,43.552877,43.5689565,43.648724,43.633893,43.6183551,43.5926761,43.590282,43.586311,43.648962,43.6058354,43.5732588,43.5942341,43.6176437,43.635982,43.6129405,43.5734437,43.6194423,43.6023878,43.6122779,43.625927,43.620931,43.6173997,43.615751,43.6171003,43.5526915,43.6920387,-116.2135745,-116.2919211,-116.284887,-116.3456794,-116.2082807,-116.1799021,-116.2960007,-116.2145508,-116.1534075,-116.3544153,-116.2102005,-116.230735,-116.2466671,-116.2284526,-116.194785,-116.215855,-116.2234691,-116.3160828,-116.3243743,-116.268053,-116.1964928,-116.218515,-116.1940438,-116.2226005,-116.199126,-116.191985,-116.2201504,-116.2188586,-116.200583,-116.1898411,-116.208625,-116.2016517,-116.1729855,-116.203086,-116.2147125,-116.2123541,-116.1833698,-116.185561,-116.2149029,-116.321398,-116.337034,-116.2621912,-116.2387254,-116.1858868,-116.1633768,-116.2187273,-116.1777398,-116.184313,-116.198734,-116.2941272,-116.3312438,-116.248724,-116.1735301,-116.1571147,-116.2943564,-116.214027,-116.1910508,-116.2216564,-116.32195,-116.1540997,-116.2610448,-116.2078795,-116.171538,-116.202894,-116.1322349,-116.3140766,-116.2610432,-116.069723,-116.3020825,-116.2330146,-116.3063828,-116.1743447,-116.3007286,-116.305672,-116.27027,-116.2692501,-116.2830959,-116.3192311,-116.1680331,-116.1857617,-116.153317,-116.1786617,-116.2137274,-116.1943893,-116.1696052,-116.2841691,-116.2102647,-116.159217,-116.140329,-116.1827547,-116.207153,-116.1564325,-116.236936,-116.222081,-116.1406764,-116.125789,-116.2333794,-116.228565,-116.314295,-116.223728,-116.189305,-116.1780806,-116.2077292,-116.208244,-116.2443622,-116.2372639,-116.3219028,-116.2134882,-116.1425104,-116.274251,-116.284287,-116.2287023,-116.18477,-116.2741747,-116.180993,-116.205531,-116.132874,-116.172557,-116.2123044,-116.195633,-116.2285497,-116.2217642,-116.2633144,-116.238387,-116.3472997,-116.1629067,-116.3268437,-116.1704825,-116.1633,-116.2344009,-116.2684177,-116.2130446,-116.293971,-116.3050215,-116.245916,-116.2743595,-116.1573813,-116.203326,-116.1335834,-116.22412,-116.098622,-116.1210522,-116.222835,-116.326042,-116.2309316,-116.2504264,-116.2709188,-116.183356,-116.247889,-116.1931448,-116.193697,-116.213678,-116.2536306,-116.033712,-116.2297304,-116.192158,-116.3342868,-116.1884035,-116.2085864,-116.191698,-116.2142557,-116.1982766,-116.203924,-116.2036778,-116.0986275,-116.2376974
29,Boise,Idaho,150950,110,C.w. moore park,Special use,Open,Developed,North River,Special Use Area,BOISE CITY,0.28,Ada County Database,150 S 5 th St,Classic,CW-Moore-Park,0.001454255,1.26e-07,150 S 5 TH ST,Special Use,C.W. Moore Park,43.6610652,43.6828866,43.679896,43.6605954,43.6104879,,43.6130114,43.6532929,43.6146316,43.5475988,43.6503693,43.617887,43.626294,43.6449789,43.6436012,43.638452,43.636504,43.6351477,43.6319851,43.6303104,43.626552,43.6248542,43.622819,43.6181311,43.6175837,43.616731,43.615077,43.616591,43.6144756,43.613066,43.6103798,43.610273,43.615726,43.6092033,43.614215,43.6151446,43.6144897,43.6052277,43.603333,43.6019085,43.604337,43.601044,43.5973645,43.5953347,43.6147002,43.5944027,43.5960863,43.5933122,43.590637,43.587635,43.5908829,43.5856801,43.5815,43.5883943,43.5783797,43.5774967,43.5772726,43.5880929,43.5734826,43.56389,43.5656557,43.6085474,43.6256985,43.61205,43.6338044,43.5600487,43.595756,43.6093837,43.468523,43.6899475,43.6574399,43.6554753,43.6019602,43.6521854,43.645009,43.6379565,43.6339837,43.6265791,43.6164788,43.6011568,43.5807801,43.563206,43.6147656,43.6187073,43.6112937,43.5824429,43.613342,43.6213324,43.573703,43.5751881,43.6116233,43.611803,43.5290362,43.6519645,43.615314,43.5732785,43.557425,43.6046661,43.610827,43.6153342,43.618824,43.613564,43.6236296,43.6265626,43.6329444,43.5898161,43.6384932,43.6483863,43.681303,43.5992087,43.568633,43.544704,43.626365,43.594577,43.5903778,43.632641,43.5931564,43.551804,43.585974,43.60454,43.620747,43.5947431,43.6688466,43.6555526,43.645532,43.5624883,43.6491983,43.6123158,43.5711014,43.6406514,43.6803871,43.6015064,43.599288,43.6157222,43.6018468,43.639151,43.5834967,43.647575,43.5707023,43.615799,43.552877,43.5689565,43.648724,43.633893,43.6183551,43.5926761,43.590282,43.586311,43.648962,43.6058354,43.5732588,43.5942341,43.6176437,43.635982,43.6129405,43.5734437,43.6194423,43.6023878,43.6122779,43.625927,43.620931,43.6173997,43.615751,43.6171003,43.5526915,43.6920387,-116.2135745,-116.2919211,-116.284887,-116.3456794,-116.2082807,-116.1799021,-116.2960007,-116.2145508,-116.1534075,-116.3544153,-116.2102005,-116.230735,-116.2466671,-116.2284526,-116.194785,-116.215855,-116.2234691,-116.3160828,-116.3243743,-116.268053,-116.1964928,-116.218515,-116.1940438,-116.2226005,-116.199126,-116.191985,-116.2201504,-116.2188586,-116.200583,-116.1898411,-116.208625,-116.2016517,-116.1729855,-116.203086,-116.2147125,-116.2123541,-116.1833698,-116.185561,-116.2149029,-116.321398,-116.337034,-116.2621912,-116.2387254,-116.1858868,-116.1633768,-116.2187273,-116.1777398,-116.184313,-116.198734,-116.2941272,-116.3312438,-116.248724,-116.1735301,-116.1571147,-116.2943564,-116.214027,-116.1910508,-116.2216564,-116.32195,-116.1540997,-116.2610448,-116.2078795,-116.171538,-116.202894,-116.1322349,-116.3140766,-116.2610432,-116.069723,-116.3020825,-116.2330146,-116.3063828,-116.1743447,-116.3007286,-116.305672,-116.27027,-116.2692501,-116.2830959,-116.3192311,-116.1680331,-116.1857617,-116.153317,-116.1786617,-116.2137274,-116.1943893,-116.1696052,-116.2841691,-116.2102647,-116.159217,-116.140329,-116.1827547,-116.207153,-116.1564325,-116.236936,-116.222081,-116.1406764,-116.125789,-116.2333794,-116.228565,-116.314295,-116.223728,-116.189305,-116.1780806,-116.2077292,-116.208244,-116.2443622,-116.2372639,-116.3219028,-116.2134882,-116.1425104,-116.274251,-116.284287,-116.2287023,-116.18477,-116.2741747,-116.180993,-116.205531,-116.132874,-116.172557,-116.2123044,-116.195633,-116.2285497,-116.2217642,-116.2633144,-116.238387,-116.3472997,-116.1629067,-116.3268437,-116.1704825,-116.1633,-116.2344009,-116.2684177,-116.2130446,-116.293971,-116.3050215,-116.245916,-116.2743595,-116.1573813,-116.203326,-116.1335834,-116.22412,-116.098622,-116.1210522,-116.222835,-116.326042,-116.2309316,-116.2504264,-116.2709188,-116.183356,-116.247889,-116.1931448,-116.193697,-116.213678,-116.2536306,-116.033712,-116.2297304,-116.192158,-116.3342868,-116.1884035,-116.2085864,-116.191698,-116.2142557,-116.1982766,-116.203924,-116.2036778,-116.0986275,-116.2376974
30,Boise,Idaho,150951,253,Pioneer cemetery,Special use,Open,Developed,North River,Historical/Cultural,BOISE CITY (BOISE PARKS & RECREATION),5.9,Ada County Database,460 E Warm Springs Ave,Not Classic,Pioneer-Cemetery,0.006988159,2.77e-06,460 E WARM SPRINGS AVE,Special Use,Pioneer Cemetery,43.6610652,43.6828866,43.679896,43.6605954,43.6104879,,43.6130114,43.6532929,43.6146316,43.5475988,43.6503693,43.617887,43.626294,43.6449789,43.6436012,43.638452,43.636504,43.6351477,43.6319851,43.6303104,43.626552,43.6248542,43.622819,43.6181311,43.6175837,43.616731,43.615077,43.616591,43.6144756,43.613066,43.6103798,43.610273,43.615726,43.6092033,43.614215,43.6151446,43.6144897,43.6052277,43.603333,43.6019085,43.604337,43.601044,43.5973645,43.5953347,43.6147002,43.5944027,43.5960863,43.5933122,43.590637,43.587635,43.5908829,43.5856801,43.5815,43.5883943,43.5783797,43.5774967,43.5772726,43.5880929,43.5734826,43.56389,43.5656557,43.6085474,43.6256985,43.61205,43.6338044,43.5600487,43.595756,43.6093837,43.468523,43.6899475,43.6574399,43.6554753,43.6019602,43.6521854,43.645009,43.6379565,43.6339837,43.6265791,43.6164788,43.6011568,43.5807801,43.563206,43.6147656,43.6187073,43.6112937,43.5824429,43.613342,43.6213324,43.573703,43.5751881,43.6116233,43.611803,43.5290362,43.6519645,43.615314,43.5732785,43.557425,43.6046661,43.610827,43.6153342,43.618824,43.613564,43.6236296,43.6265626,43.6329444,43.5898161,43.6384932,43.6483863,43.681303,43.5992087,43.568633,43.544704,43.626365,43.594577,43.5903778,43.632641,43.5931564,43.551804,43.585974,43.60454,43.620747,43.5947431,43.6688466,43.6555526,43.645532,43.5624883,43.6491983,43.6123158,43.5711014,43.6406514,43.6803871,43.6015064,43.599288,43.6157222,43.6018468,43.639151,43.5834967,43.647575,43.5707023,43.615799,43.552877,43.5689565,43.648724,43.633893,43.6183551,43.5926761,43.590282,43.586311,43.648962,43.6058354,43.5732588,43.5942341,43.6176437,43.635982,43.6129405,43.5734437,43.6194423,43.6023878,43.6122779,43.625927,43.620931,43.6173997,43.615751,43.6171003,43.5526915,43.6920387,-116.2135745,-116.2919211,-116.284887,-116.3456794,-116.2082807,-116.1799021,-116.2960007,-116.2145508,-116.1534075,-116.3544153,-116.2102005,-116.230735,-116.2466671,-116.2284526,-116.194785,-116.215855,-116.2234691,-116.3160828,-116.3243743,-116.268053,-116.1964928,-116.218515,-116.1940438,-116.2226005,-116.199126,-116.191985,-116.2201504,-116.2188586,-116.200583,-116.1898411,-116.208625,-116.2016517,-116.1729855,-116.203086,-116.2147125,-116.2123541,-116.1833698,-116.185561,-116.2149029,-116.321398,-116.337034,-116.2621912,-116.2387254,-116.1858868,-116.1633768,-116.2187273,-116.1777398,-116.184313,-116.198734,-116.2941272,-116.3312438,-116.248724,-116.1735301,-116.1571147,-116.2943564,-116.214027,-116.1910508,-116.2216564,-116.32195,-116.1540997,-116.2610448,-116.2078795,-116.171538,-116.202894,-116.1322349,-116.3140766,-116.2610432,-116.069723,-116.3020825,-116.2330146,-116.3063828,-116.1743447,-116.3007286,-116.305672,-116.27027,-116.2692501,-116.2830959,-116.3192311,-116.1680331,-116.1857617,-116.153317,-116.1786617,-116.2137274,-116.1943893,-116.1696052,-116.2841691,-116.2102647,-116.159217,-116.140329,-116.1827547,-116.207153,-116.1564325,-116.236936,-116.222081,-116.1406764,-116.125789,-116.2333794,-116.228565,-116.314295,-116.223728,-116.189305,-116.1780806,-116.2077292,-116.208244,-116.2443622,-116.2372639,-116.3219028,-116.2134882,-116.1425104,-116.274251,-116.284287,-116.2287023,-116.18477,-116.2741747,-116.180993,-116.205531,-116.132874,-116.172557,-116.2123044,-116.195633,-116.2285497,-116.2217642,-116.2633144,-116.238387,-116.3472997,-116.1629067,-116.3268437,-116.1704825,-116.1633,-116.2344009,-116.2684177,-116.2130446,-116.293971,-116.3050215,-116.245916,-116.2743595,-116.1573813,-116.203326,-116.1335834,-116.22412,-116.098622,-116.1210522,-116.222835,-116.326042,-116.2309316,-116.2504264,-116.2709188,-116.183356,-116.247889,-116.1931448,-116.193697,-116.213678,-116.2536306,-116.033712,-116.2297304,-116.192158,-116.3342868,-116.1884035,-116.2085864,-116.191698,-116.2142557,-116.1982766,-116.203924,-116.2036778,-116.0986275,-116.2376974
31,Boise,Idaho,150952,934,Shoreline/13th parking lot,Special use,Open,Developed,North River,Special Use Area,ACHD,0.06749644,GIS,Shoreline Dr,Not Classic,,0.000759575,3.04e-08,SHORELINE DR,Special Use,Shoreline/13th Parking Lot,43.6610652,43.6828866,43.679896,43.6605954,43.6104879,,43.6130114,43.6532929,43.6146316,43.5475988,43.6503693,43.617887,43.626294,43.6449789,43.6436012,43.638452,43.636504,43.6351477,43.6319851,43.6303104,43.626552,43.6248542,43.622819,43.6181311,43.6175837,43.616731,43.615077,43.616591,43.6144756,43.613066,43.6103798,43.610273,43.615726,43.6092033,43.614215,43.6151446,43.6144897,43.6052277,43.603333,43.6019085,43.604337,43.601044,43.5973645,43.5953347,43.6147002,43.5944027,43.5960863,43.5933122,43.590637,43.587635,43.5908829,43.5856801,43.5815,43.5883943,43.5783797,43.5774967,43.5772726,43.5880929,43.5734826,43.56389,43.5656557,43.6085474,43.6256985,43.61205,43.6338044,43.5600487,43.595756,43.6093837,43.468523,43.6899475,43.6574399,43.6554753,43.6019602,43.6521854,43.645009,43.6379565,43.6339837,43.6265791,43.6164788,43.6011568,43.5807801,43.563206,43.6147656,43.6187073,43.6112937,43.5824429,43.613342,43.6213324,43.573703,43.5751881,43.6116233,43.611803,43.5290362,43.6519645,43.615314,43.5732785,43.557425,43.6046661,43.610827,43.6153342,43.618824,43.613564,43.6236296,43.6265626,43.6329444,43.5898161,43.6384932,43.6483863,43.681303,43.5992087,43.568633,43.544704,43.626365,43.594577,43.5903778,43.632641,43.5931564,43.551804,43.585974,43.60454,43.620747,43.5947431,43.6688466,43.6555526,43.645532,43.5624883,43.6491983,43.6123158,43.5711014,43.6406514,43.6803871,43.6015064,43.599288,43.6157222,43.6018468,43.639151,43.5834967,43.647575,43.5707023,43.615799,43.552877,43.5689565,43.648724,43.633893,43.6183551,43.5926761,43.590282,43.586311,43.648962,43.6058354,43.5732588,43.5942341,43.6176437,43.635982,43.6129405,43.5734437,43.6194423,43.6023878,43.6122779,43.625927,43.620931,43.6173997,43.615751,43.6171003,43.5526915,43.6920387,-116.2135745,-116.2919211,-116.284887,-116.3456794,-116.2082807,-116.1799021,-116.2960007,-116.2145508,-116.1534075,-116.3544153,-116.2102005,-116.230735,-116.2466671,-116.2284526,-116.194785,-116.215855,-116.2234691,-116.3160828,-116.3243743,-116.268053,-116.1964928,-116.218515,-116.1940438,-116.2226005,-116.199126,-116.191985,-116.2201504,-116.2188586,-116.200583,-116.1898411,-116.208625,-116.2016517,-116.1729855,-116.203086,-116.2147125,-116.2123541,-116.1833698,-116.185561,-116.2149029,-116.321398,-116.337034,-116.2621912,-116.2387254,-116.1858868,-116.1633768,-116.2187273,-116.1777398,-116.184313,-116.198734,-116.2941272,-116.3312438,-116.248724,-116.1735301,-116.1571147,-116.2943564,-116.214027,-116.1910508,-116.2216564,-116.32195,-116.1540997,-116.2610448,-116.2078795,-116.171538,-116.202894,-116.1322349,-116.3140766,-116.2610432,-116.069723,-116.3020825,-116.2330146,-116.3063828,-116.1743447,-116.3007286,-116.305672,-116.27027,-116.2692501,-116.2830959,-116.3192311,-116.1680331,-116.1857617,-116.153317,-116.1786617,-116.2137274,-116.1943893,-116.1696052,-116.2841691,-116.2102647,-116.159217,-116.140329,-116.1827547,-116.207153,-116.1564325,-116.236936,-116.222081,-116.1406764,-116.125789,-116.2333794,-116.228565,-116.314295,-116.223728,-116.189305,-116.1780806,-116.2077292,-116.208244,-116.2443622,-116.2372639,-116.3219028,-116.2134882,-116.1425104,-116.274251,-116.284287,-116.2287023,-116.18477,-116.2741747,-116.180993,-116.205531,-116.132874,-116.172557,-116.2123044,-116.195633,-116.2285497,-116.2217642,-116.2633144,-116.238387,-116.3472997,-116.1629067,-116.3268437,-116.1704825,-116.1633,-116.2344009,-116.2684177,-116.2130446,-116.293971,-116.3050215,-116.245916,-116.2743595,-116.1573813,-116.203326,-116.1335834,-116.22412,-116.098622,-116.1210522,-116.222835,-116.326042,-116.2309316,-116.2504264,-116.2709188,-116.183356,-116.247889,-116.1931448,-116.193697,-116.213678,-116.2536306,-116.033712,-116.2297304,-116.192158,-116.3342868,-116.1884035,-116.2085864,-116.191698,-116.2142557,-116.1982766,-116.203924,-116.2036778,-116.0986275,-116.2376974
32,Boise,Idaho,150953,134,Julia davis park,Regional,Open,Developed,North River,Active Park,BOISE CITY (BOISE PARKS & RECREATION),90.44010002,GIS,700 N Capitol Blvd,Classic,Julia-Davis-Park,0.036071228,4.0799999999999996e-05,700 N CAPITOL BLVD,Regional,Julia Davis Park,43.6610652,43.6828866,43.679896,43.6605954,43.6104879,,43.6130114,43.6532929,43.6146316,43.5475988,43.6503693,43.617887,43.626294,43.6449789,43.6436012,43.638452,43.636504,43.6351477,43.6319851,43.6303104,43.626552,43.6248542,43.622819,43.6181311,43.6175837,43.616731,43.615077,43.616591,43.6144756,43.613066,43.6103798,43.610273,43.615726,43.6092033,43.614215,43.6151446,43.6144897,43.6052277,43.603333,43.6019085,43.604337,43.601044,43.5973645,43.5953347,43.6147002,43.5944027,43.5960863,43.5933122,43.590637,43.587635,43.5908829,43.5856801,43.5815,43.5883943,43.5783797,43.5774967,43.5772726,43.5880929,43.5734826,43.56389,43.5656557,43.6085474,43.6256985,43.61205,43.6338044,43.5600487,43.595756,43.6093837,43.468523,43.6899475,43.6574399,43.6554753,43.6019602,43.6521854,43.645009,43.6379565,43.6339837,43.6265791,43.6164788,43.6011568,43.5807801,43.563206,43.6147656,43.6187073,43.6112937,43.5824429,43.613342,43.6213324,43.573703,43.5751881,43.6116233,43.611803,43.5290362,43.6519645,43.615314,43.5732785,43.557425,43.6046661,43.610827,43.6153342,43.618824,43.613564,43.6236296,43.6265626,43.6329444,43.5898161,43.6384932,43.6483863,43.681303,43.5992087,43.568633,43.544704,43.626365,43.594577,43.5903778,43.632641,43.5931564,43.551804,43.585974,43.60454,43.620747,43.5947431,43.6688466,43.6555526,43.645532,43.5624883,43.6491983,43.6123158,43.5711014,43.6406514,43.6803871,43.6015064,43.599288,43.6157222,43.6018468,43.639151,43.5834967,43.647575,43.5707023,43.615799,43.552877,43.5689565,43.648724,43.633893,43.6183551,43.5926761,43.590282,43.586311,43.648962,43.6058354,43.5732588,43.5942341,43.6176437,43.635982,43.6129405,43.5734437,43.6194423,43.6023878,43.6122779,43.625927,43.620931,43.6173997,43.615751,43.6171003,43.5526915,43.6920387,-116.2135745,-116.2919211,-116.284887,-116.3456794,-116.2082807,-116.1799021,-116.2960007,-116.2145508,-116.1534075,-116.3544153,-116.2102005,-116.230735,-116.2466671,-116.2284526,-116.194785,-116.215855,-116.2234691,-116.3160828,-116.3243743,-116.268053,-116.1964928,-116.218515,-116.1940438,-116.2226005,-116.199126,-116.191985,-116.2201504,-116.2188586,-116.200583,-116.1898411,-116.208625,-116.2016517,-116.1729855,-116.203086,-116.2147125,-116.2123541,-116.1833698,-116.185561,-116.2149029,-116.321398,-116.337034,-116.2621912,-116.2387254,-116.1858868,-116.1633768,-116.2187273,-116.1777398,-116.184313,-116.198734,-116.2941272,-116.3312438,-116.248724,-116.1735301,-116.1571147,-116.2943564,-116.214027,-116.1910508,-116.2216564,-116.32195,-116.1540997,-116.2610448,-116.2078795,-116.171538,-116.202894,-116.1322349,-116.3140766,-116.2610432,-116.069723,-116.3020825,-116.2330146,-116.3063828,-116.1743447,-116.3007286,-116.305672,-116.27027,-116.2692501,-116.2830959,-116.3192311,-116.1680331,-116.1857617,-116.153317,-116.1786617,-116.2137274,-116.1943893,-116.1696052,-116.2841691,-116.2102647,-116.159217,-116.140329,-116.1827547,-116.207153,-116.1564325,-116.236936,-116.222081,-116.1406764,-116.125789,-116.2333794,-116.228565,-116.314295,-116.223728,-116.189305,-116.1780806,-116.2077292,-116.208244,-116.2443622,-116.2372639,-116.3219028,-116.2134882,-116.1425104,-116.274251,-116.284287,-116.2287023,-116.18477,-116.2741747,-116.180993,-116.205531,-116.132874,-116.172557,-116.2123044,-116.195633,-116.2285497,-116.2217642,-116.2633144,-116.238387,-116.3472997,-116.1629067,-116.3268437,-116.1704825,-116.1633,-116.2344009,-116.2684177,-116.2130446,-116.293971,-116.3050215,-116.245916,-116.2743595,-116.1573813,-116.203326,-116.1335834,-116.22412,-116.098622,-116.1210522,-116.222835,-116.326042,-116.2309316,-116.2504264,-116.2709188,-116.183356,-116.247889,-116.1931448,-116.193697,-116.213678,-116.2536306,-116.033712,-116.2297304,-116.192158,-116.3342868,-116.1884035,-116.2085864,-116.191698,-116.2142557,-116.1982766,-116.203924,-116.2036778,-116.0986275,-116.2376974
33,Boise,Idaho,150954,707,Chief eagle eye reserve,Open space,Open,Reserve,North River,Natural Area,BOISE CITY (BOISE PARKS & RECREATION),48.53605754,GIS,451 N Quarry View Pl,Reserve,Chief-Eagle-Eye-Reserve,0.038509731,2.1899999999999997e-05,451 N QUARRY VIEW PL,Open Space,Chief Eagle Eye Reserve,43.6610652,43.6828866,43.679896,43.6605954,43.6104879,,43.6130114,43.6532929,43.6146316,43.5475988,43.6503693,43.617887,43.626294,43.6449789,43.6436012,43.638452,43.636504,43.6351477,43.6319851,43.6303104,43.626552,43.6248542,43.622819,43.6181311,43.6175837,43.616731,43.615077,43.616591,43.6144756,43.613066,43.6103798,43.610273,43.615726,43.6092033,43.614215,43.6151446,43.6144897,43.6052277,43.603333,43.6019085,43.604337,43.601044,43.5973645,43.5953347,43.6147002,43.5944027,43.5960863,43.5933122,43.590637,43.587635,43.5908829,43.5856801,43.5815,43.5883943,43.5783797,43.5774967,43.5772726,43.5880929,43.5734826,43.56389,43.5656557,43.6085474,43.6256985,43.61205,43.6338044,43.5600487,43.595756,43.6093837,43.468523,43.6899475,43.6574399,43.6554753,43.6019602,43.6521854,43.645009,43.6379565,43.6339837,43.6265791,43.6164788,43.6011568,43.5807801,43.563206,43.6147656,43.6187073,43.6112937,43.5824429,43.613342,43.6213324,43.573703,43.5751881,43.6116233,43.611803,43.5290362,43.6519645,43.615314,43.5732785,43.557425,43.6046661,43.610827,43.6153342,43.618824,43.613564,43.6236296,43.6265626,43.6329444,43.5898161,43.6384932,43.6483863,43.681303,43.5992087,43.568633,43.544704,43.626365,43.594577,43.5903778,43.632641,43.5931564,43.551804,43.585974,43.60454,43.620747,43.5947431,43.6688466,43.6555526,43.645532,43.5624883,43.6491983,43.6123158,43.5711014,43.6406514,43.6803871,43.6015064,43.599288,43.6157222,43.6018468,43.639151,43.5834967,43.647575,43.5707023,43.615799,43.552877,43.5689565,43.648724,43.633893,43.6183551,43.5926761,43.590282,43.586311,43.648962,43.6058354,43.5732588,43.5942341,43.6176437,43.635982,43.6129405,43.5734437,43.6194423,43.6023878,43.6122779,43.625927,43.620931,43.6173997,43.615751,43.6171003,43.5526915,43.6920387,-116.2135745,-116.2919211,-116.284887,-116.3456794,-116.2082807,-116.1799021,-116.2960007,-116.2145508,-116.1534075,-116.3544153,-116.2102005,-116.230735,-116.2466671,-116.2284526,-116.194785,-116.215855,-116.2234691,-116.3160828,-116.3243743,-116.268053,-116.1964928,-116.218515,-116.1940438,-116.2226005,-116.199126,-116.191985,-116.2201504,-116.2188586,-116.200583,-116.1898411,-116.208625,-116.2016517,-116.1729855,-116.203086,-116.2147125,-116.2123541,-116.1833698,-116.185561,-116.2149029,-116.321398,-116.337034,-116.2621912,-116.2387254,-116.1858868,-116.1633768,-116.2187273,-116.1777398,-116.184313,-116.198734,-116.2941272,-116.3312438,-116.248724,-116.1735301,-116.1571147,-116.2943564,-116.214027,-116.1910508,-116.2216564,-116.32195,-116.1540997,-116.2610448,-116.2078795,-116.171538,-116.202894,-116.1322349,-116.3140766,-116.2610432,-116.069723,-116.3020825,-116.2330146,-116.3063828,-116.1743447,-116.3007286,-116.305672,-116.27027,-116.2692501,-116.2830959,-116.3192311,-116.1680331,-116.1857617,-116.153317,-116.1786617,-116.2137274,-116.1943893,-116.1696052,-116.2841691,-116.2102647,-116.159217,-116.140329,-116.1827547,-116.207153,-116.1564325,-116.236936,-116.222081,-116.1406764,-116.125789,-116.2333794,-116.228565,-116.314295,-116.223728,-116.189305,-116.1780806,-116.2077292,-116.208244,-116.2443622,-116.2372639,-116.3219028,-116.2134882,-116.1425104,-116.274251,-116.284287,-116.2287023,-116.18477,-116.2741747,-116.180993,-116.205531,-116.132874,-116.172557,-116.2123044,-116.195633,-116.2285497,-116.2217642,-116.2633144,-116.238387,-116.3472997,-116.1629067,-116.3268437,-116.1704825,-116.1633,-116.2344009,-116.2684177,-116.2130446,-116.293971,-116.3050215,-116.245916,-116.2743595,-116.1573813,-116.203326,-116.1335834,-116.22412,-116.098622,-116.1210522,-116.222835,-116.326042,-116.2309316,-116.2504264,-116.2709188,-116.183356,-116.247889,-116.1931448,-116.193697,-116.213678,-116.2536306,-116.033712,-116.2297304,-116.192158,-116.3342868,-116.1884035,-116.2085864,-116.191698,-116.2142557,-116.1982766,-116.203924,-116.2036778,-116.0986275,-116.2376974
34,Boise,Idaho,150955,291,Log cabin literary center,Special use,Open,Developed,North River,Special Use Area,BOISE CITY (BOISE PARKS & RECREATION),0.70476194,GIS,S Capital Blvd,Not Classic,,0.002408178,3.18e-07,S CAPITAL BLVD,Special Use,Log Cabin Literary Center,43.6610652,43.6828866,43.679896,43.6605954,43.6104879,,43.6130114,43.6532929,43.6146316,43.5475988,43.6503693,43.617887,43.626294,43.6449789,43.6436012,43.638452,43.636504,43.6351477,43.6319851,43.6303104,43.626552,43.6248542,43.622819,43.6181311,43.6175837,43.616731,43.615077,43.616591,43.6144756,43.613066,43.6103798,43.610273,43.615726,43.6092033,43.614215,43.6151446,43.6144897,43.6052277,43.603333,43.6019085,43.604337,43.601044,43.5973645,43.5953347,43.6147002,43.5944027,43.5960863,43.5933122,43.590637,43.587635,43.5908829,43.5856801,43.5815,43.5883943,43.5783797,43.5774967,43.5772726,43.5880929,43.5734826,43.56389,43.5656557,43.6085474,43.6256985,43.61205,43.6338044,43.5600487,43.595756,43.6093837,43.468523,43.6899475,43.6574399,43.6554753,43.6019602,43.6521854,43.645009,43.6379565,43.6339837,43.6265791,43.6164788,43.6011568,43.5807801,43.563206,43.6147656,43.6187073,43.6112937,43.5824429,43.613342,43.6213324,43.573703,43.5751881,43.6116233,43.611803,43.5290362,43.6519645,43.615314,43.5732785,43.557425,43.6046661,43.610827,43.6153342,43.618824,43.613564,43.6236296,43.6265626,43.6329444,43.5898161,43.6384932,43.6483863,43.681303,43.5992087,43.568633,43.544704,43.626365,43.594577,43.5903778,43.632641,43.5931564,43.551804,43.585974,43.60454,43.620747,43.5947431,43.6688466,43.6555526,43.645532,43.5624883,43.6491983,43.6123158,43.5711014,43.6406514,43.6803871,43.6015064,43.599288,43.6157222,43.6018468,43.639151,43.5834967,43.647575,43.5707023,43.615799,43.552877,43.5689565,43.648724,43.633893,43.6183551,43.5926761,43.590282,43.586311,43.648962,43.6058354,43.5732588,43.5942341,43.6176437,43.635982,43.6129405,43.5734437,43.6194423,43.6023878,43.6122779,43.625927,43.620931,43.6173997,43.615751,43.6171003,43.5526915,43.6920387,-116.2135745,-116.2919211,-116.284887,-116.3456794,-116.2082807,-116.1799021,-116.2960007,-116.2145508,-116.1534075,-116.3544153,-116.2102005,-116.230735,-116.2466671,-116.2284526,-116.194785,-116.215855,-116.2234691,-116.3160828,-116.3243743,-116.268053,-116.1964928,-116.218515,-116.1940438,-116.2226005,-116.199126,-116.191985,-116.2201504,-116.2188586,-116.200583,-116.1898411,-116.208625,-116.2016517,-116.1729855,-116.203086,-116.2147125,-116.2123541,-116.1833698,-116.185561,-116.2149029,-116.321398,-116.337034,-116.2621912,-116.2387254,-116.1858868,-116.1633768,-116.2187273,-116.1777398,-116.184313,-116.198734,-116.2941272,-116.3312438,-116.248724,-116.1735301,-116.1571147,-116.2943564,-116.214027,-116.1910508,-116.2216564,-116.32195,-116.1540997,-116.2610448,-116.2078795,-116.171538,-116.202894,-116.1322349,-116.3140766,-116.2610432,-116.069723,-116.3020825,-116.2330146,-116.3063828,-116.1743447,-116.3007286,-116.305672,-116.27027,-116.2692501,-116.2830959,-116.3192311,-116.1680331,-116.1857617,-116.153317,-116.1786617,-116.2137274,-116.1943893,-116.1696052,-116.2841691,-116.2102647,-116.159217,-116.140329,-116.1827547,-116.207153,-116.1564325,-116.236936,-116.222081,-116.1406764,-116.125789,-116.2333794,-116.228565,-116.314295,-116.223728,-116.189305,-116.1780806,-116.2077292,-116.208244,-116.2443622,-116.2372639,-116.3219028,-116.2134882,-116.1425104,-116.274251,-116.284287,-116.2287023,-116.18477,-116.2741747,-116.180993,-116.205531,-116.132874,-116.172557,-116.2123044,-116.195633,-116.2285497,-116.2217642,-116.2633144,-116.238387,-116.3472997,-116.1629067,-116.3268437,-116.1704825,-116.1633,-116.2344009,-116.2684177,-116.2130446,-116.293971,-116.3050215,-116.245916,-116.2743595,-116.1573813,-116.203326,-116.1335834,-116.22412,-116.098622,-116.1210522,-116.222835,-116.326042,-116.2309316,-116.2504264,-116.2709188,-116.183356,-116.247889,-116.1931448,-116.193697,-116.213678,-116.2536306,-116.033712,-116.2297304,-116.192158,-116.3342868,-116.1884035,-116.2085864,-116.191698,-116.2142557,-116.1982766,-116.203924,-116.2036778,-116.0986275,-116.2376974
35,Boise,Idaho,150956,255,Pioneer park pathway,Linear,Open,Developed,North River,Special Use Area,BOISE CITY (BOISE PARKS & RECREATION),0.93499572,GIS,S 13th St,Not Classic,,0.010198808,4.2200000000000005e-07,S 13TH ST,Linear,Pioneer Park Pathway,43.6610652,43.6828866,43.679896,43.6605954,43.6104879,,43.6130114,43.6532929,43.6146316,43.5475988,43.6503693,43.617887,43.626294,43.6449789,43.6436012,43.638452,43.636504,43.6351477,43.6319851,43.6303104,43.626552,43.6248542,43.622819,43.6181311,43.6175837,43.616731,43.615077,43.616591,43.6144756,43.613066,43.6103798,43.610273,43.615726,43.6092033,43.614215,43.6151446,43.6144897,43.6052277,43.603333,43.6019085,43.604337,43.601044,43.5973645,43.5953347,43.6147002,43.5944027,43.5960863,43.5933122,43.590637,43.587635,43.5908829,43.5856801,43.5815,43.5883943,43.5783797,43.5774967,43.5772726,43.5880929,43.5734826,43.56389,43.5656557,43.6085474,43.6256985,43.61205,43.6338044,43.5600487,43.595756,43.6093837,43.468523,43.6899475,43.6574399,43.6554753,43.6019602,43.6521854,43.645009,43.6379565,43.6339837,43.6265791,43.6164788,43.6011568,43.5807801,43.563206,43.6147656,43.6187073,43.6112937,43.5824429,43.613342,43.6213324,43.573703,43.5751881,43.6116233,43.611803,43.5290362,43.6519645,43.615314,43.5732785,43.557425,43.6046661,43.610827,43.6153342,43.618824,43.613564,43.6236296,43.6265626,43.6329444,43.5898161,43.6384932,43.6483863,43.681303,43.5992087,43.568633,43.544704,43.626365,43.594577,43.5903778,43.632641,43.5931564,43.551804,43.585974,43.60454,43.620747,43.5947431,43.6688466,43.6555526,43.645532,43.5624883,43.6491983,43.6123158,43.5711014,43.6406514,43.6803871,43.6015064,43.599288,43.6157222,43.6018468,43.639151,43.5834967,43.647575,43.5707023,43.615799,43.552877,43.5689565,43.648724,43.633893,43.6183551,43.5926761,43.590282,43.586311,43.648962,43.6058354,43.5732588,43.5942341,43.6176437,43.635982,43.6129405,43.5734437,43.6194423,43.6023878,43.6122779,43.625927,43.620931,43.6173997,43.615751,43.6171003,43.5526915,43.6920387,-116.2135745,-116.2919211,-116.284887,-116.3456794,-116.2082807,-116.1799021,-116.2960007,-116.2145508,-116.1534075,-116.3544153,-116.2102005,-116.230735,-116.2466671,-116.2284526,-116.194785,-116.215855,-116.2234691,-116.3160828,-116.3243743,-116.268053,-116.1964928,-116.218515,-116.1940438,-116.2226005,-116.199126,-116.191985,-116.2201504,-116.2188586,-116.200583,-116.1898411,-116.208625,-116.2016517,-116.1729855,-116.203086,-116.2147125,-116.2123541,-116.1833698,-116.185561,-116.2149029,-116.321398,-116.337034,-116.2621912,-116.2387254,-116.1858868,-116.1633768,-116.2187273,-116.1777398,-116.184313,-116.198734,-116.2941272,-116.3312438,-116.248724,-116.1735301,-116.1571147,-116.2943564,-116.214027,-116.1910508,-116.2216564,-116.32195,-116.1540997,-116.2610448,-116.2078795,-116.171538,-116.202894,-116.1322349,-116.3140766,-116.2610432,-116.069723,-116.3020825,-116.2330146,-116.3063828,-116.1743447,-116.3007286,-116.305672,-116.27027,-116.2692501,-116.2830959,-116.3192311,-116.1680331,-116.1857617,-116.153317,-116.1786617,-116.2137274,-116.1943893,-116.1696052,-116.2841691,-116.2102647,-116.159217,-116.140329,-116.1827547,-116.207153,-116.1564325,-116.236936,-116.222081,-116.1406764,-116.125789,-116.2333794,-116.228565,-116.314295,-116.223728,-116.189305,-116.1780806,-116.2077292,-116.208244,-116.2443622,-116.2372639,-116.3219028,-116.2134882,-116.1425104,-116.274251,-116.284287,-116.2287023,-116.18477,-116.2741747,-116.180993,-116.205531,-116.132874,-116.172557,-116.2123044,-116.195633,-116.2285497,-116.2217642,-116.2633144,-116.238387,-116.3472997,-116.1629067,-116.3268437,-116.1704825,-116.1633,-116.2344009,-116.2684177,-116.2130446,-116.293971,-116.3050215,-116.245916,-116.2743595,-116.1573813,-116.203326,-116.1335834,-116.22412,-116.098622,-116.1210522,-116.222835,-116.326042,-116.2309316,-116.2504264,-116.2709188,-116.183356,-116.247889,-116.1931448,-116.193697,-116.213678,-116.2536306,-116.033712,-116.2297304,-116.192158,-116.3342868,-116.1884035,-116.2085864,-116.191698,-116.2142557,-116.1982766,-116.203924,-116.2036778,-116.0986275,-116.2376974
36,Boise,Idaho,150957,174,Kristins park,Mini,Open,Developed,North River,Passive Park,BOISE CITY (BOISE PARKS & RECREATION),0.043422300000000004,GIS,S 13th St,Not Classic,,0.000648193,1.96e-08,S 13TH ST,Mini,Kristins Park,43.6610652,43.6828866,43.679896,43.6605954,43.6104879,,43.6130114,43.6532929,43.6146316,43.5475988,43.6503693,43.617887,43.626294,43.6449789,43.6436012,43.638452,43.636504,43.6351477,43.6319851,43.6303104,43.626552,43.6248542,43.622819,43.6181311,43.6175837,43.616731,43.615077,43.616591,43.6144756,43.613066,43.6103798,43.610273,43.615726,43.6092033,43.614215,43.6151446,43.6144897,43.6052277,43.603333,43.6019085,43.604337,43.601044,43.5973645,43.5953347,43.6147002,43.5944027,43.5960863,43.5933122,43.590637,43.587635,43.5908829,43.5856801,43.5815,43.5883943,43.5783797,43.5774967,43.5772726,43.5880929,43.5734826,43.56389,43.5656557,43.6085474,43.6256985,43.61205,43.6338044,43.5600487,43.595756,43.6093837,43.468523,43.6899475,43.6574399,43.6554753,43.6019602,43.6521854,43.645009,43.6379565,43.6339837,43.6265791,43.6164788,43.6011568,43.5807801,43.563206,43.6147656,43.6187073,43.6112937,43.5824429,43.613342,43.6213324,43.573703,43.5751881,43.6116233,43.611803,43.5290362,43.6519645,43.615314,43.5732785,43.557425,43.6046661,43.610827,43.6153342,43.618824,43.613564,43.6236296,43.6265626,43.6329444,43.5898161,43.6384932,43.6483863,43.681303,43.5992087,43.568633,43.544704,43.626365,43.594577,43.5903778,43.632641,43.5931564,43.551804,43.585974,43.60454,43.620747,43.5947431,43.6688466,43.6555526,43.645532,43.5624883,43.6491983,43.6123158,43.5711014,43.6406514,43.6803871,43.6015064,43.599288,43.6157222,43.6018468,43.639151,43.5834967,43.647575,43.5707023,43.615799,43.552877,43.5689565,43.648724,43.633893,43.6183551,43.5926761,43.590282,43.586311,43.648962,43.6058354,43.5732588,43.5942341,43.6176437,43.635982,43.6129405,43.5734437,43.6194423,43.6023878,43.6122779,43.625927,43.620931,43.6173997,43.615751,43.6171003,43.5526915,43.6920387,-116.2135745,-116.2919211,-116.284887,-116.3456794,-116.2082807,-116.1799021,-116.2960007,-116.2145508,-116.1534075,-116.3544153,-116.2102005,-116.230735,-116.2466671,-116.2284526,-116.194785,-116.215855,-116.2234691,-116.3160828,-116.3243743,-116.268053,-116.1964928,-116.218515,-116.1940438,-116.2226005,-116.199126,-116.191985,-116.2201504,-116.2188586,-116.200583,-116.1898411,-116.208625,-116.2016517,-116.1729855,-116.203086,-116.2147125,-116.2123541,-116.1833698,-116.185561,-116.2149029,-116.321398,-116.337034,-116.2621912,-116.2387254,-116.1858868,-116.1633768,-116.2187273,-116.1777398,-116.184313,-116.198734,-116.2941272,-116.3312438,-116.248724,-116.1735301,-116.1571147,-116.2943564,-116.214027,-116.1910508,-116.2216564,-116.32195,-116.1540997,-116.2610448,-116.2078795,-116.171538,-116.202894,-116.1322349,-116.3140766,-116.2610432,-116.069723,-116.3020825,-116.2330146,-116.3063828,-116.1743447,-116.3007286,-116.305672,-116.27027,-116.2692501,-116.2830959,-116.3192311,-116.1680331,-116.1857617,-116.153317,-116.1786617,-116.2137274,-116.1943893,-116.1696052,-116.2841691,-116.2102647,-116.159217,-116.140329,-116.1827547,-116.207153,-116.1564325,-116.236936,-116.222081,-116.1406764,-116.125789,-116.2333794,-116.228565,-116.314295,-116.223728,-116.189305,-116.1780806,-116.2077292,-116.208244,-116.2443622,-116.2372639,-116.3219028,-116.2134882,-116.1425104,-116.274251,-116.284287,-116.2287023,-116.18477,-116.2741747,-116.180993,-116.205531,-116.132874,-116.172557,-116.2123044,-116.195633,-116.2285497,-116.2217642,-116.2633144,-116.238387,-116.3472997,-116.1629067,-116.3268437,-116.1704825,-116.1633,-116.2344009,-116.2684177,-116.2130446,-116.293971,-116.3050215,-116.245916,-116.2743595,-116.1573813,-116.203326,-116.1335834,-116.22412,-116.098622,-116.1210522,-116.222835,-116.326042,-116.2309316,-116.2504264,-116.2709188,-116.183356,-116.247889,-116.1931448,-116.193697,-116.213678,-116.2536306,-116.033712,-116.2297304,-116.192158,-116.3342868,-116.1884035,-116.2085864,-116.191698,-116.2142557,-116.1982766,-116.203924,-116.2036778,-116.0986275,-116.2376974
37,Boise,Idaho,150958,933,Housing and community development lot,Special use,Open_Restricted,Developed,North River,Special Use Area,BOISE CITY (BOISE PARKS & RECREATION),0.17662754,GIS,1139 W Grand Ave,Not Classic,,0.00117673,7.969999999999999e-08,1139 W GRAND AVE,Special Use,Housing and Community Development Lot,43.6610652,43.6828866,43.679896,43.6605954,43.6104879,,43.6130114,43.6532929,43.6146316,43.5475988,43.6503693,43.617887,43.626294,43.6449789,43.6436012,43.638452,43.636504,43.6351477,43.6319851,43.6303104,43.626552,43.6248542,43.622819,43.6181311,43.6175837,43.616731,43.615077,43.616591,43.6144756,43.613066,43.6103798,43.610273,43.615726,43.6092033,43.614215,43.6151446,43.6144897,43.6052277,43.603333,43.6019085,43.604337,43.601044,43.5973645,43.5953347,43.6147002,43.5944027,43.5960863,43.5933122,43.590637,43.587635,43.5908829,43.5856801,43.5815,43.5883943,43.5783797,43.5774967,43.5772726,43.5880929,43.5734826,43.56389,43.5656557,43.6085474,43.6256985,43.61205,43.6338044,43.5600487,43.595756,43.6093837,43.468523,43.6899475,43.6574399,43.6554753,43.6019602,43.6521854,43.645009,43.6379565,43.6339837,43.6265791,43.6164788,43.6011568,43.5807801,43.563206,43.6147656,43.6187073,43.6112937,43.5824429,43.613342,43.6213324,43.573703,43.5751881,43.6116233,43.611803,43.5290362,43.6519645,43.615314,43.5732785,43.557425,43.6046661,43.610827,43.6153342,43.618824,43.613564,43.6236296,43.6265626,43.6329444,43.5898161,43.6384932,43.6483863,43.681303,43.5992087,43.568633,43.544704,43.626365,43.594577,43.5903778,43.632641,43.5931564,43.551804,43.585974,43.60454,43.620747,43.5947431,43.6688466,43.6555526,43.645532,43.5624883,43.6491983,43.6123158,43.5711014,43.6406514,43.6803871,43.6015064,43.599288,43.6157222,43.6018468,43.639151,43.5834967,43.647575,43.5707023,43.615799,43.552877,43.5689565,43.648724,43.633893,43.6183551,43.5926761,43.590282,43.586311,43.648962,43.6058354,43.5732588,43.5942341,43.6176437,43.635982,43.6129405,43.5734437,43.6194423,43.6023878,43.6122779,43.625927,43.620931,43.6173997,43.615751,43.6171003,43.5526915,43.6920387,-116.2135745,-116.2919211,-116.284887,-116.3456794,-116.2082807,-116.1799021,-116.2960007,-116.2145508,-116.1534075,-116.3544153,-116.2102005,-116.230735,-116.2466671,-116.2284526,-116.194785,-116.215855,-116.2234691,-116.3160828,-116.3243743,-116.268053,-116.1964928,-116.218515,-116.1940438,-116.2226005,-116.199126,-116.191985,-116.2201504,-116.2188586,-116.200583,-116.1898411,-116.208625,-116.2016517,-116.1729855,-116.203086,-116.2147125,-116.2123541,-116.1833698,-116.185561,-116.2149029,-116.321398,-116.337034,-116.2621912,-116.2387254,-116.1858868,-116.1633768,-116.2187273,-116.1777398,-116.184313,-116.198734,-116.2941272,-116.3312438,-116.248724,-116.1735301,-116.1571147,-116.2943564,-116.214027,-116.1910508,-116.2216564,-116.32195,-116.1540997,-116.2610448,-116.2078795,-116.171538,-116.202894,-116.1322349,-116.3140766,-116.2610432,-116.069723,-116.3020825,-116.2330146,-116.3063828,-116.1743447,-116.3007286,-116.305672,-116.27027,-116.2692501,-116.2830959,-116.3192311,-116.1680331,-116.1857617,-116.153317,-116.1786617,-116.2137274,-116.1943893,-116.1696052,-116.2841691,-116.2102647,-116.159217,-116.140329,-116.1827547,-116.207153,-116.1564325,-116.236936,-116.222081,-116.1406764,-116.125789,-116.2333794,-116.228565,-116.314295,-116.223728,-116.189305,-116.1780806,-116.2077292,-116.208244,-116.2443622,-116.2372639,-116.3219028,-116.2134882,-116.1425104,-116.274251,-116.284287,-116.2287023,-116.18477,-116.2741747,-116.180993,-116.205531,-116.132874,-116.172557,-116.2123044,-116.195633,-116.2285497,-116.2217642,-116.2633144,-116.238387,-116.3472997,-116.1629067,-116.3268437,-116.1704825,-116.1633,-116.2344009,-116.2684177,-116.2130446,-116.293971,-116.3050215,-116.245916,-116.2743595,-116.1573813,-116.203326,-116.1335834,-116.22412,-116.098622,-116.1210522,-116.222835,-116.326042,-116.2309316,-116.2504264,-116.2709188,-116.183356,-116.247889,-116.1931448,-116.193697,-116.213678,-116.2536306,-116.033712,-116.2297304,-116.192158,-116.3342868,-116.1884035,-116.2085864,-116.191698,-116.2142557,-116.1982766,-116.203924,-116.2036778,-116.0986275,-116.2376974
38,Boise,Idaho,150959,258,Laura moore cunningham arboretum,Special use,Open,Developed,North River,Special Use Area,BOISE CITY (BOISE PARKS & RECREATION),4.83559422,GIS,1149 E Lewis St,Not Classic,Laura-Moore-Cunningham-Arboretum,0.006011074,2.18e-06,1149 E LEWIS ST,Special Use,Laura Moore Cunningham Arboretum,43.6610652,43.6828866,43.679896,43.6605954,43.6104879,,43.6130114,43.6532929,43.6146316,43.5475988,43.6503693,43.617887,43.626294,43.6449789,43.6436012,43.638452,43.636504,43.6351477,43.6319851,43.6303104,43.626552,43.6248542,43.622819,43.6181311,43.6175837,43.616731,43.615077,43.616591,43.6144756,43.613066,43.6103798,43.610273,43.615726,43.6092033,43.614215,43.6151446,43.6144897,43.6052277,43.603333,43.6019085,43.604337,43.601044,43.5973645,43.5953347,43.6147002,43.5944027,43.5960863,43.5933122,43.590637,43.587635,43.5908829,43.5856801,43.5815,43.5883943,43.5783797,43.5774967,43.5772726,43.5880929,43.5734826,43.56389,43.5656557,43.6085474,43.6256985,43.61205,43.6338044,43.5600487,43.595756,43.6093837,43.468523,43.6899475,43.6574399,43.6554753,43.6019602,43.6521854,43.645009,43.6379565,43.6339837,43.6265791,43.6164788,43.6011568,43.5807801,43.563206,43.6147656,43.6187073,43.6112937,43.5824429,43.613342,43.6213324,43.573703,43.5751881,43.6116233,43.611803,43.5290362,43.6519645,43.615314,43.5732785,43.557425,43.6046661,43.610827,43.6153342,43.618824,43.613564,43.6236296,43.6265626,43.6329444,43.5898161,43.6384932,43.6483863,43.681303,43.5992087,43.568633,43.544704,43.626365,43.594577,43.5903778,43.632641,43.5931564,43.551804,43.585974,43.60454,43.620747,43.5947431,43.6688466,43.6555526,43.645532,43.5624883,43.6491983,43.6123158,43.5711014,43.6406514,43.6803871,43.6015064,43.599288,43.6157222,43.6018468,43.639151,43.5834967,43.647575,43.5707023,43.615799,43.552877,43.5689565,43.648724,43.633893,43.6183551,43.5926761,43.590282,43.586311,43.648962,43.6058354,43.5732588,43.5942341,43.6176437,43.635982,43.6129405,43.5734437,43.6194423,43.6023878,43.6122779,43.625927,43.620931,43.6173997,43.615751,43.6171003,43.5526915,43.6920387,-116.2135745,-116.2919211,-116.284887,-116.3456794,-116.2082807,-116.1799021,-116.2960007,-116.2145508,-116.1534075,-116.3544153,-116.2102005,-116.230735,-116.2466671,-116.2284526,-116.194785,-116.215855,-116.2234691,-116.3160828,-116.3243743,-116.268053,-116.1964928,-116.218515,-116.1940438,-116.2226005,-116.199126,-116.191985,-116.2201504,-116.2188586,-116.200583,-116.1898411,-116.208625,-116.2016517,-116.1729855,-116.203086,-116.2147125,-116.2123541,-116.1833698,-116.185561,-116.2149029,-116.321398,-116.337034,-116.2621912,-116.2387254,-116.1858868,-116.1633768,-116.2187273,-116.1777398,-116.184313,-116.198734,-116.2941272,-116.3312438,-116.248724,-116.1735301,-116.1571147,-116.2943564,-116.214027,-116.1910508,-116.2216564,-116.32195,-116.1540997,-116.2610448,-116.2078795,-116.171538,-116.202894,-116.1322349,-116.3140766,-116.2610432,-116.069723,-116.3020825,-116.2330146,-116.3063828,-116.1743447,-116.3007286,-116.305672,-116.27027,-116.2692501,-116.2830959,-116.3192311,-116.1680331,-116.1857617,-116.153317,-116.1786617,-116.2137274,-116.1943893,-116.1696052,-116.2841691,-116.2102647,-116.159217,-116.140329,-116.1827547,-116.207153,-116.1564325,-116.236936,-116.222081,-116.1406764,-116.125789,-116.2333794,-116.228565,-116.314295,-116.223728,-116.189305,-116.1780806,-116.2077292,-116.208244,-116.2443622,-116.2372639,-116.3219028,-116.2134882,-116.1425104,-116.274251,-116.284287,-116.2287023,-116.18477,-116.2741747,-116.180993,-116.205531,-116.132874,-116.172557,-116.2123044,-116.195633,-116.2285497,-116.2217642,-116.2633144,-116.238387,-116.3472997,-116.1629067,-116.3268437,-116.1704825,-116.1633,-116.2344009,-116.2684177,-116.2130446,-116.293971,-116.3050215,-116.245916,-116.2743595,-116.1573813,-116.203326,-116.1335834,-116.22412,-116.098622,-116.1210522,-116.222835,-116.326042,-116.2309316,-116.2504264,-116.2709188,-116.183356,-116.247889,-116.1931448,-116.193697,-116.213678,-116.2536306,-116.033712,-116.2297304,-116.192158,-116.3342868,-116.1884035,-116.2085864,-116.191698,-116.2142557,-116.1982766,-116.203924,-116.2036778,-116.0986275,-116.2376974
39,Boise,Idaho,150960,145,Kristin armstrong municipal park,Special use,Open,Developed,North River,Active Park,BOISE CITY,27.73,Ada County Database,500 S Walnut St,Classic,Kristin-Armstrong-Municipal-Park,0.022139351,1.4499999999999998e-05,500 S WALNUT ST,Special Use,Kristin Armstrong Municipal Park,43.6610652,43.6828866,43.679896,43.6605954,43.6104879,,43.6130114,43.6532929,43.6146316,43.5475988,43.6503693,43.617887,43.626294,43.6449789,43.6436012,43.638452,43.636504,43.6351477,43.6319851,43.6303104,43.626552,43.6248542,43.622819,43.6181311,43.6175837,43.616731,43.615077,43.616591,43.6144756,43.613066,43.6103798,43.610273,43.615726,43.6092033,43.614215,43.6151446,43.6144897,43.6052277,43.603333,43.6019085,43.604337,43.601044,43.5973645,43.5953347,43.6147002,43.5944027,43.5960863,43.5933122,43.590637,43.587635,43.5908829,43.5856801,43.5815,43.5883943,43.5783797,43.5774967,43.5772726,43.5880929,43.5734826,43.56389,43.5656557,43.6085474,43.6256985,43.61205,43.6338044,43.5600487,43.595756,43.6093837,43.468523,43.6899475,43.6574399,43.6554753,43.6019602,43.6521854,43.645009,43.6379565,43.6339837,43.6265791,43.6164788,43.6011568,43.5807801,43.563206,43.6147656,43.6187073,43.6112937,43.5824429,43.613342,43.6213324,43.573703,43.5751881,43.6116233,43.611803,43.5290362,43.6519645,43.615314,43.5732785,43.557425,43.6046661,43.610827,43.6153342,43.618824,43.613564,43.6236296,43.6265626,43.6329444,43.5898161,43.6384932,43.6483863,43.681303,43.5992087,43.568633,43.544704,43.626365,43.594577,43.5903778,43.632641,43.5931564,43.551804,43.585974,43.60454,43.620747,43.5947431,43.6688466,43.6555526,43.645532,43.5624883,43.6491983,43.6123158,43.5711014,43.6406514,43.6803871,43.6015064,43.599288,43.6157222,43.6018468,43.639151,43.5834967,43.647575,43.5707023,43.615799,43.552877,43.5689565,43.648724,43.633893,43.6183551,43.5926761,43.590282,43.586311,43.648962,43.6058354,43.5732588,43.5942341,43.6176437,43.635982,43.6129405,43.5734437,43.6194423,43.6023878,43.6122779,43.625927,43.620931,43.6173997,43.615751,43.6171003,43.5526915,43.6920387,-116.2135745,-116.2919211,-116.284887,-116.3456794,-116.2082807,-116.1799021,-116.2960007,-116.2145508,-116.1534075,-116.3544153,-116.2102005,-116.230735,-116.2466671,-116.2284526,-116.194785,-116.215855,-116.2234691,-116.3160828,-116.3243743,-116.268053,-116.1964928,-116.218515,-116.1940438,-116.2226005,-116.199126,-116.191985,-116.2201504,-116.2188586,-116.200583,-116.1898411,-116.208625,-116.2016517,-116.1729855,-116.203086,-116.2147125,-116.2123541,-116.1833698,-116.185561,-116.2149029,-116.321398,-116.337034,-116.2621912,-116.2387254,-116.1858868,-116.1633768,-116.2187273,-116.1777398,-116.184313,-116.198734,-116.2941272,-116.3312438,-116.248724,-116.1735301,-116.1571147,-116.2943564,-116.214027,-116.1910508,-116.2216564,-116.32195,-116.1540997,-116.2610448,-116.2078795,-116.171538,-116.202894,-116.1322349,-116.3140766,-116.2610432,-116.069723,-116.3020825,-116.2330146,-116.3063828,-116.1743447,-116.3007286,-116.305672,-116.27027,-116.2692501,-116.2830959,-116.3192311,-116.1680331,-116.1857617,-116.153317,-116.1786617,-116.2137274,-116.1943893,-116.1696052,-116.2841691,-116.2102647,-116.159217,-116.140329,-116.1827547,-116.207153,-116.1564325,-116.236936,-116.222081,-116.1406764,-116.125789,-116.2333794,-116.228565,-116.314295,-116.223728,-116.189305,-116.1780806,-116.2077292,-116.208244,-116.2443622,-116.2372639,-116.3219028,-116.2134882,-116.1425104,-116.274251,-116.284287,-116.2287023,-116.18477,-116.2741747,-116.180993,-116.205531,-116.132874,-116.172557,-116.2123044,-116.195633,-116.2285497,-116.2217642,-116.2633144,-116.238387,-116.3472997,-116.1629067,-116.3268437,-116.1704825,-116.1633,-116.2344009,-116.2684177,-116.2130446,-116.293971,-116.3050215,-116.245916,-116.2743595,-116.1573813,-116.203326,-116.1335834,-116.22412,-116.098622,-116.1210522,-116.222835,-116.326042,-116.2309316,-116.2504264,-116.2709188,-116.183356,-116.247889,-116.1931448,-116.193697,-116.213678,-116.2536306,-116.033712,-116.2297304,-116.192158,-116.3342868,-116.1884035,-116.2085864,-116.191698,-116.2142557,-116.1982766,-116.203924,-116.2036778,-116.0986275,-116.2376974
40,Boise,Idaho,150961,106,Boise depot,Special use,Open,Developed,Central Bench,Historical/Cultural,BOISE CITY (BOISE PARKS & RECREATION),4.6260261,GIS,2603 W Eastover Terrace,Not Classic,,0.020880838,2.09e-06,2603 W EASTOVER TERRACE,Special Use,Boise Depot,43.6610652,43.6828866,43.679896,43.6605954,43.6104879,,43.6130114,43.6532929,43.6146316,43.5475988,43.6503693,43.617887,43.626294,43.6449789,43.6436012,43.638452,43.636504,43.6351477,43.6319851,43.6303104,43.626552,43.6248542,43.622819,43.6181311,43.6175837,43.616731,43.615077,43.616591,43.6144756,43.613066,43.6103798,43.610273,43.615726,43.6092033,43.614215,43.6151446,43.6144897,43.6052277,43.603333,43.6019085,43.604337,43.601044,43.5973645,43.5953347,43.6147002,43.5944027,43.5960863,43.5933122,43.590637,43.587635,43.5908829,43.5856801,43.5815,43.5883943,43.5783797,43.5774967,43.5772726,43.5880929,43.5734826,43.56389,43.5656557,43.6085474,43.6256985,43.61205,43.6338044,43.5600487,43.595756,43.6093837,43.468523,43.6899475,43.6574399,43.6554753,43.6019602,43.6521854,43.645009,43.6379565,43.6339837,43.6265791,43.6164788,43.6011568,43.5807801,43.563206,43.6147656,43.6187073,43.6112937,43.5824429,43.613342,43.6213324,43.573703,43.5751881,43.6116233,43.611803,43.5290362,43.6519645,43.615314,43.5732785,43.557425,43.6046661,43.610827,43.6153342,43.618824,43.613564,43.6236296,43.6265626,43.6329444,43.5898161,43.6384932,43.6483863,43.681303,43.5992087,43.568633,43.544704,43.626365,43.594577,43.5903778,43.632641,43.5931564,43.551804,43.585974,43.60454,43.620747,43.5947431,43.6688466,43.6555526,43.645532,43.5624883,43.6491983,43.6123158,43.5711014,43.6406514,43.6803871,43.6015064,43.599288,43.6157222,43.6018468,43.639151,43.5834967,43.647575,43.5707023,43.615799,43.552877,43.5689565,43.648724,43.633893,43.6183551,43.5926761,43.590282,43.586311,43.648962,43.6058354,43.5732588,43.5942341,43.6176437,43.635982,43.6129405,43.5734437,43.6194423,43.6023878,43.6122779,43.625927,43.620931,43.6173997,43.615751,43.6171003,43.5526915,43.6920387,-116.2135745,-116.2919211,-116.284887,-116.3456794,-116.2082807,-116.1799021,-116.2960007,-116.2145508,-116.1534075,-116.3544153,-116.2102005,-116.230735,-116.2466671,-116.2284526,-116.194785,-116.215855,-116.2234691,-116.3160828,-116.3243743,-116.268053,-116.1964928,-116.218515,-116.1940438,-116.2226005,-116.199126,-116.191985,-116.2201504,-116.2188586,-116.200583,-116.1898411,-116.208625,-116.2016517,-116.1729855,-116.203086,-116.2147125,-116.2123541,-116.1833698,-116.185561,-116.2149029,-116.321398,-116.337034,-116.2621912,-116.2387254,-116.1858868,-116.1633768,-116.2187273,-116.1777398,-116.184313,-116.198734,-116.2941272,-116.3312438,-116.248724,-116.1735301,-116.1571147,-116.2943564,-116.214027,-116.1910508,-116.2216564,-116.32195,-116.1540997,-116.2610448,-116.2078795,-116.171538,-116.202894,-116.1322349,-116.3140766,-116.2610432,-116.069723,-116.3020825,-116.2330146,-116.3063828,-116.1743447,-116.3007286,-116.305672,-116.27027,-116.2692501,-116.2830959,-116.3192311,-116.1680331,-116.1857617,-116.153317,-116.1786617,-116.2137274,-116.1943893,-116.1696052,-116.2841691,-116.2102647,-116.159217,-116.140329,-116.1827547,-116.207153,-116.1564325,-116.236936,-116.222081,-116.1406764,-116.125789,-116.2333794,-116.228565,-116.314295,-116.223728,-116.189305,-116.1780806,-116.2077292,-116.208244,-116.2443622,-116.2372639,-116.3219028,-116.2134882,-116.1425104,-116.274251,-116.284287,-116.2287023,-116.18477,-116.2741747,-116.180993,-116.205531,-116.132874,-116.172557,-116.2123044,-116.195633,-116.2285497,-116.2217642,-116.2633144,-116.238387,-116.3472997,-116.1629067,-116.3268437,-116.1704825,-116.1633,-116.2344009,-116.2684177,-116.2130446,-116.293971,-116.3050215,-116.245916,-116.2743595,-116.1573813,-116.203326,-116.1335834,-116.22412,-116.098622,-116.1210522,-116.222835,-116.326042,-116.2309316,-116.2504264,-116.2709188,-116.183356,-116.247889,-116.1931448,-116.193697,-116.213678,-116.2536306,-116.033712,-116.2297304,-116.192158,-116.3342868,-116.1884035,-116.2085864,-116.191698,-116.2142557,-116.1982766,-116.203924,-116.2036778,-116.0986275,-116.2376974
41,Boise,Idaho,150962,401,South boise loop trail,Linear,Open,Undeveloped,Southwest,Corridor,BOISE CITY,22.537,Ada County Database,W Red Maple Dr,Not Classic,,0.06434000299999999,1.01e-05,W RED MAPLE DR,Linear,South Boise Loop Trail,43.6610652,43.6828866,43.679896,43.6605954,43.6104879,,43.6130114,43.6532929,43.6146316,43.5475988,43.6503693,43.617887,43.626294,43.6449789,43.6436012,43.638452,43.636504,43.6351477,43.6319851,43.6303104,43.626552,43.6248542,43.622819,43.6181311,43.6175837,43.616731,43.615077,43.616591,43.6144756,43.613066,43.6103798,43.610273,43.615726,43.6092033,43.614215,43.6151446,43.6144897,43.6052277,43.603333,43.6019085,43.604337,43.601044,43.5973645,43.5953347,43.6147002,43.5944027,43.5960863,43.5933122,43.590637,43.587635,43.5908829,43.5856801,43.5815,43.5883943,43.5783797,43.5774967,43.5772726,43.5880929,43.5734826,43.56389,43.5656557,43.6085474,43.6256985,43.61205,43.6338044,43.5600487,43.595756,43.6093837,43.468523,43.6899475,43.6574399,43.6554753,43.6019602,43.6521854,43.645009,43.6379565,43.6339837,43.6265791,43.6164788,43.6011568,43.5807801,43.563206,43.6147656,43.6187073,43.6112937,43.5824429,43.613342,43.6213324,43.573703,43.5751881,43.6116233,43.611803,43.5290362,43.6519645,43.615314,43.5732785,43.557425,43.6046661,43.610827,43.6153342,43.618824,43.613564,43.6236296,43.6265626,43.6329444,43.5898161,43.6384932,43.6483863,43.681303,43.5992087,43.568633,43.544704,43.626365,43.594577,43.5903778,43.632641,43.5931564,43.551804,43.585974,43.60454,43.620747,43.5947431,43.6688466,43.6555526,43.645532,43.5624883,43.6491983,43.6123158,43.5711014,43.6406514,43.6803871,43.6015064,43.599288,43.6157222,43.6018468,43.639151,43.5834967,43.647575,43.5707023,43.615799,43.552877,43.5689565,43.648724,43.633893,43.6183551,43.5926761,43.590282,43.586311,43.648962,43.6058354,43.5732588,43.5942341,43.6176437,43.635982,43.6129405,43.5734437,43.6194423,43.6023878,43.6122779,43.625927,43.620931,43.6173997,43.615751,43.6171003,43.5526915,43.6920387,-116.2135745,-116.2919211,-116.284887,-116.3456794,-116.2082807,-116.1799021,-116.2960007,-116.2145508,-116.1534075,-116.3544153,-116.2102005,-116.230735,-116.2466671,-116.2284526,-116.194785,-116.215855,-116.2234691,-116.3160828,-116.3243743,-116.268053,-116.1964928,-116.218515,-116.1940438,-116.2226005,-116.199126,-116.191985,-116.2201504,-116.2188586,-116.200583,-116.1898411,-116.208625,-116.2016517,-116.1729855,-116.203086,-116.2147125,-116.2123541,-116.1833698,-116.185561,-116.2149029,-116.321398,-116.337034,-116.2621912,-116.2387254,-116.1858868,-116.1633768,-116.2187273,-116.1777398,-116.184313,-116.198734,-116.2941272,-116.3312438,-116.248724,-116.1735301,-116.1571147,-116.2943564,-116.214027,-116.1910508,-116.2216564,-116.32195,-116.1540997,-116.2610448,-116.2078795,-116.171538,-116.202894,-116.1322349,-116.3140766,-116.2610432,-116.069723,-116.3020825,-116.2330146,-116.3063828,-116.1743447,-116.3007286,-116.305672,-116.27027,-116.2692501,-116.2830959,-116.3192311,-116.1680331,-116.1857617,-116.153317,-116.1786617,-116.2137274,-116.1943893,-116.1696052,-116.2841691,-116.2102647,-116.159217,-116.140329,-116.1827547,-116.207153,-116.1564325,-116.236936,-116.222081,-116.1406764,-116.125789,-116.2333794,-116.228565,-116.314295,-116.223728,-116.189305,-116.1780806,-116.2077292,-116.208244,-116.2443622,-116.2372639,-116.3219028,-116.2134882,-116.1425104,-116.274251,-116.284287,-116.2287023,-116.18477,-116.2741747,-116.180993,-116.205531,-116.132874,-116.172557,-116.2123044,-116.195633,-116.2285497,-116.2217642,-116.2633144,-116.238387,-116.3472997,-116.1629067,-116.3268437,-116.1704825,-116.1633,-116.2344009,-116.2684177,-116.2130446,-116.293971,-116.3050215,-116.245916,-116.2743595,-116.1573813,-116.203326,-116.1335834,-116.22412,-116.098622,-116.1210522,-116.222835,-116.326042,-116.2309316,-116.2504264,-116.2709188,-116.183356,-116.247889,-116.1931448,-116.193697,-116.213678,-116.2536306,-116.033712,-116.2297304,-116.192158,-116.3342868,-116.1884035,-116.2085864,-116.191698,-116.2142557,-116.1982766,-116.203924,-116.2036778,-116.0986275,-116.2376974
42,Boise,Idaho,150964,164,Sycamore park,Neighborhood,Open,Developed,West Bench,Passive Park,BOISE CITY (BOISE PARKS & RECREATION),7.18,Ada County Database,12275 E Braddock Dr,Classic,Sycamore-Park,0.008795633,3.24e-06,12275 E BRADDOCK DR,Neighborhood,Sycamore Park,43.6610652,43.6828866,43.679896,43.6605954,43.6104879,,43.6130114,43.6532929,43.6146316,43.5475988,43.6503693,43.617887,43.626294,43.6449789,43.6436012,43.638452,43.636504,43.6351477,43.6319851,43.6303104,43.626552,43.6248542,43.622819,43.6181311,43.6175837,43.616731,43.615077,43.616591,43.6144756,43.613066,43.6103798,43.610273,43.615726,43.6092033,43.614215,43.6151446,43.6144897,43.6052277,43.603333,43.6019085,43.604337,43.601044,43.5973645,43.5953347,43.6147002,43.5944027,43.5960863,43.5933122,43.590637,43.587635,43.5908829,43.5856801,43.5815,43.5883943,43.5783797,43.5774967,43.5772726,43.5880929,43.5734826,43.56389,43.5656557,43.6085474,43.6256985,43.61205,43.6338044,43.5600487,43.595756,43.6093837,43.468523,43.6899475,43.6574399,43.6554753,43.6019602,43.6521854,43.645009,43.6379565,43.6339837,43.6265791,43.6164788,43.6011568,43.5807801,43.563206,43.6147656,43.6187073,43.6112937,43.5824429,43.613342,43.6213324,43.573703,43.5751881,43.6116233,43.611803,43.5290362,43.6519645,43.615314,43.5732785,43.557425,43.6046661,43.610827,43.6153342,43.618824,43.613564,43.6236296,43.6265626,43.6329444,43.5898161,43.6384932,43.6483863,43.681303,43.5992087,43.568633,43.544704,43.626365,43.594577,43.5903778,43.632641,43.5931564,43.551804,43.585974,43.60454,43.620747,43.5947431,43.6688466,43.6555526,43.645532,43.5624883,43.6491983,43.6123158,43.5711014,43.6406514,43.6803871,43.6015064,43.599288,43.6157222,43.6018468,43.639151,43.5834967,43.647575,43.5707023,43.615799,43.552877,43.5689565,43.648724,43.633893,43.6183551,43.5926761,43.590282,43.586311,43.648962,43.6058354,43.5732588,43.5942341,43.6176437,43.635982,43.6129405,43.5734437,43.6194423,43.6023878,43.6122779,43.625927,43.620931,43.6173997,43.615751,43.6171003,43.5526915,43.6920387,-116.2135745,-116.2919211,-116.284887,-116.3456794,-116.2082807,-116.1799021,-116.2960007,-116.2145508,-116.1534075,-116.3544153,-116.2102005,-116.230735,-116.2466671,-116.2284526,-116.194785,-116.215855,-116.2234691,-116.3160828,-116.3243743,-116.268053,-116.1964928,-116.218515,-116.1940438,-116.2226005,-116.199126,-116.191985,-116.2201504,-116.2188586,-116.200583,-116.1898411,-116.208625,-116.2016517,-116.1729855,-116.203086,-116.2147125,-116.2123541,-116.1833698,-116.185561,-116.2149029,-116.321398,-116.337034,-116.2621912,-116.2387254,-116.1858868,-116.1633768,-116.2187273,-116.1777398,-116.184313,-116.198734,-116.2941272,-116.3312438,-116.248724,-116.1735301,-116.1571147,-116.2943564,-116.214027,-116.1910508,-116.2216564,-116.32195,-116.1540997,-116.2610448,-116.2078795,-116.171538,-116.202894,-116.1322349,-116.3140766,-116.2610432,-116.069723,-116.3020825,-116.2330146,-116.3063828,-116.1743447,-116.3007286,-116.305672,-116.27027,-116.2692501,-116.2830959,-116.3192311,-116.1680331,-116.1857617,-116.153317,-116.1786617,-116.2137274,-116.1943893,-116.1696052,-116.2841691,-116.2102647,-116.159217,-116.140329,-116.1827547,-116.207153,-116.1564325,-116.236936,-116.222081,-116.1406764,-116.125789,-116.2333794,-116.228565,-116.314295,-116.223728,-116.189305,-116.1780806,-116.2077292,-116.208244,-116.2443622,-116.2372639,-116.3219028,-116.2134882,-116.1425104,-116.274251,-116.284287,-116.2287023,-116.18477,-116.2741747,-116.180993,-116.205531,-116.132874,-116.172557,-116.2123044,-116.195633,-116.2285497,-116.2217642,-116.2633144,-116.238387,-116.3472997,-116.1629067,-116.3268437,-116.1704825,-116.1633,-116.2344009,-116.2684177,-116.2130446,-116.293971,-116.3050215,-116.245916,-116.2743595,-116.1573813,-116.203326,-116.1335834,-116.22412,-116.098622,-116.1210522,-116.222835,-116.326042,-116.2309316,-116.2504264,-116.2709188,-116.183356,-116.247889,-116.1931448,-116.193697,-116.213678,-116.2536306,-116.033712,-116.2297304,-116.192158,-116.3342868,-116.1884035,-116.2085864,-116.191698,-116.2142557,-116.1982766,-116.203924,-116.2036778,-116.0986275,-116.2376974
43,Boise,Idaho,150965,107,Borah park,Community,Open,Developed,Central Bench,Mixed-use Park,BOISE CITY,11.43326073,GIS,801 S Aurora Dr,Classic,Borah-Park,0.010553299999999998,5.16e-06,801 S AURORA DR,Community,Borah Park,43.6610652,43.6828866,43.679896,43.6605954,43.6104879,,43.6130114,43.6532929,43.6146316,43.5475988,43.6503693,43.617887,43.626294,43.6449789,43.6436012,43.638452,43.636504,43.6351477,43.6319851,43.6303104,43.626552,43.6248542,43.622819,43.6181311,43.6175837,43.616731,43.615077,43.616591,43.6144756,43.613066,43.6103798,43.610273,43.615726,43.6092033,43.614215,43.6151446,43.6144897,43.6052277,43.603333,43.6019085,43.604337,43.601044,43.5973645,43.5953347,43.6147002,43.5944027,43.5960863,43.5933122,43.590637,43.587635,43.5908829,43.5856801,43.5815,43.5883943,43.5783797,43.5774967,43.5772726,43.5880929,43.5734826,43.56389,43.5656557,43.6085474,43.6256985,43.61205,43.6338044,43.5600487,43.595756,43.6093837,43.468523,43.6899475,43.6574399,43.6554753,43.6019602,43.6521854,43.645009,43.6379565,43.6339837,43.6265791,43.6164788,43.6011568,43.5807801,43.563206,43.6147656,43.6187073,43.6112937,43.5824429,43.613342,43.6213324,43.573703,43.5751881,43.6116233,43.611803,43.5290362,43.6519645,43.615314,43.5732785,43.557425,43.6046661,43.610827,43.6153342,43.618824,43.613564,43.6236296,43.6265626,43.6329444,43.5898161,43.6384932,43.6483863,43.681303,43.5992087,43.568633,43.544704,43.626365,43.594577,43.5903778,43.632641,43.5931564,43.551804,43.585974,43.60454,43.620747,43.5947431,43.6688466,43.6555526,43.645532,43.5624883,43.6491983,43.6123158,43.5711014,43.6406514,43.6803871,43.6015064,43.599288,43.6157222,43.6018468,43.639151,43.5834967,43.647575,43.5707023,43.615799,43.552877,43.5689565,43.648724,43.633893,43.6183551,43.5926761,43.590282,43.586311,43.648962,43.6058354,43.5732588,43.5942341,43.6176437,43.635982,43.6129405,43.5734437,43.6194423,43.6023878,43.6122779,43.625927,43.620931,43.6173997,43.615751,43.6171003,43.5526915,43.6920387,-116.2135745,-116.2919211,-116.284887,-116.3456794,-116.2082807,-116.1799021,-116.2960007,-116.2145508,-116.1534075,-116.3544153,-116.2102005,-116.230735,-116.2466671,-116.2284526,-116.194785,-116.215855,-116.2234691,-116.3160828,-116.3243743,-116.268053,-116.1964928,-116.218515,-116.1940438,-116.2226005,-116.199126,-116.191985,-116.2201504,-116.2188586,-116.200583,-116.1898411,-116.208625,-116.2016517,-116.1729855,-116.203086,-116.2147125,-116.2123541,-116.1833698,-116.185561,-116.2149029,-116.321398,-116.337034,-116.2621912,-116.2387254,-116.1858868,-116.1633768,-116.2187273,-116.1777398,-116.184313,-116.198734,-116.2941272,-116.3312438,-116.248724,-116.1735301,-116.1571147,-116.2943564,-116.214027,-116.1910508,-116.2216564,-116.32195,-116.1540997,-116.2610448,-116.2078795,-116.171538,-116.202894,-116.1322349,-116.3140766,-116.2610432,-116.069723,-116.3020825,-116.2330146,-116.3063828,-116.1743447,-116.3007286,-116.305672,-116.27027,-116.2692501,-116.2830959,-116.3192311,-116.1680331,-116.1857617,-116.153317,-116.1786617,-116.2137274,-116.1943893,-116.1696052,-116.2841691,-116.2102647,-116.159217,-116.140329,-116.1827547,-116.207153,-116.1564325,-116.236936,-116.222081,-116.1406764,-116.125789,-116.2333794,-116.228565,-116.314295,-116.223728,-116.189305,-116.1780806,-116.2077292,-116.208244,-116.2443622,-116.2372639,-116.3219028,-116.2134882,-116.1425104,-116.274251,-116.284287,-116.2287023,-116.18477,-116.2741747,-116.180993,-116.205531,-116.132874,-116.172557,-116.2123044,-116.195633,-116.2285497,-116.2217642,-116.2633144,-116.238387,-116.3472997,-116.1629067,-116.3268437,-116.1704825,-116.1633,-116.2344009,-116.2684177,-116.2130446,-116.293971,-116.3050215,-116.245916,-116.2743595,-116.1573813,-116.203326,-116.1335834,-116.22412,-116.098622,-116.1210522,-116.222835,-116.326042,-116.2309316,-116.2504264,-116.2709188,-116.183356,-116.247889,-116.1931448,-116.193697,-116.213678,-116.2536306,-116.033712,-116.2297304,-116.192158,-116.3342868,-116.1884035,-116.2085864,-116.191698,-116.2142557,-116.1982766,-116.203924,-116.2036778,-116.0986275,-116.2376974
44,Boise,Idaho,150966,113,Cassia park,Community,Open,Developed,Central Bench,Active Park,BOISE CITY (BOISE PARKS & RECREATION),12.49888356,GIS,4600 W Camas St,Classic,Cassia-Park,0.013452289,5.64e-06,4600 W CAMAS ST,Community,Cassia Park,43.6610652,43.6828866,43.679896,43.6605954,43.6104879,,43.6130114,43.6532929,43.6146316,43.5475988,43.6503693,43.617887,43.626294,43.6449789,43.6436012,43.638452,43.636504,43.6351477,43.6319851,43.6303104,43.626552,43.6248542,43.622819,43.6181311,43.6175837,43.616731,43.615077,43.616591,43.6144756,43.613066,43.6103798,43.610273,43.615726,43.6092033,43.614215,43.6151446,43.6144897,43.6052277,43.603333,43.6019085,43.604337,43.601044,43.5973645,43.5953347,43.6147002,43.5944027,43.5960863,43.5933122,43.590637,43.587635,43.5908829,43.5856801,43.5815,43.5883943,43.5783797,43.5774967,43.5772726,43.5880929,43.5734826,43.56389,43.5656557,43.6085474,43.6256985,43.61205,43.6338044,43.5600487,43.595756,43.6093837,43.468523,43.6899475,43.6574399,43.6554753,43.6019602,43.6521854,43.645009,43.6379565,43.6339837,43.6265791,43.6164788,43.6011568,43.5807801,43.563206,43.6147656,43.6187073,43.6112937,43.5824429,43.613342,43.6213324,43.573703,43.5751881,43.6116233,43.611803,43.5290362,43.6519645,43.615314,43.5732785,43.557425,43.6046661,43.610827,43.6153342,43.618824,43.613564,43.6236296,43.6265626,43.6329444,43.5898161,43.6384932,43.6483863,43.681303,43.5992087,43.568633,43.544704,43.626365,43.594577,43.5903778,43.632641,43.5931564,43.551804,43.585974,43.60454,43.620747,43.5947431,43.6688466,43.6555526,43.645532,43.5624883,43.6491983,43.6123158,43.5711014,43.6406514,43.6803871,43.6015064,43.599288,43.6157222,43.6018468,43.639151,43.5834967,43.647575,43.5707023,43.615799,43.552877,43.5689565,43.648724,43.633893,43.6183551,43.5926761,43.590282,43.586311,43.648962,43.6058354,43.5732588,43.5942341,43.6176437,43.635982,43.6129405,43.5734437,43.6194423,43.6023878,43.6122779,43.625927,43.620931,43.6173997,43.615751,43.6171003,43.5526915,43.6920387,-116.2135745,-116.2919211,-116.284887,-116.3456794,-116.2082807,-116.1799021,-116.2960007,-116.2145508,-116.1534075,-116.3544153,-116.2102005,-116.230735,-116.2466671,-116.2284526,-116.194785,-116.215855,-116.2234691,-116.3160828,-116.3243743,-116.268053,-116.1964928,-116.218515,-116.1940438,-116.2226005,-116.199126,-116.191985,-116.2201504,-116.2188586,-116.200583,-116.1898411,-116.208625,-116.2016517,-116.1729855,-116.203086,-116.2147125,-116.2123541,-116.1833698,-116.185561,-116.2149029,-116.321398,-116.337034,-116.2621912,-116.2387254,-116.1858868,-116.1633768,-116.2187273,-116.1777398,-116.184313,-116.198734,-116.2941272,-116.3312438,-116.248724,-116.1735301,-116.1571147,-116.2943564,-116.214027,-116.1910508,-116.2216564,-116.32195,-116.1540997,-116.2610448,-116.2078795,-116.171538,-116.202894,-116.1322349,-116.3140766,-116.2610432,-116.069723,-116.3020825,-116.2330146,-116.3063828,-116.1743447,-116.3007286,-116.305672,-116.27027,-116.2692501,-116.2830959,-116.3192311,-116.1680331,-116.1857617,-116.153317,-116.1786617,-116.2137274,-116.1943893,-116.1696052,-116.2841691,-116.2102647,-116.159217,-116.140329,-116.1827547,-116.207153,-116.1564325,-116.236936,-116.222081,-116.1406764,-116.125789,-116.2333794,-116.228565,-116.314295,-116.223728,-116.189305,-116.1780806,-116.2077292,-116.208244,-116.2443622,-116.2372639,-116.3219028,-116.2134882,-116.1425104,-116.274251,-116.284287,-116.2287023,-116.18477,-116.2741747,-116.180993,-116.205531,-116.132874,-116.172557,-116.2123044,-116.195633,-116.2285497,-116.2217642,-116.2633144,-116.238387,-116.3472997,-116.1629067,-116.3268437,-116.1704825,-116.1633,-116.2344009,-116.2684177,-116.2130446,-116.293971,-116.3050215,-116.245916,-116.2743595,-116.1573813,-116.203326,-116.1335834,-116.22412,-116.098622,-116.1210522,-116.222835,-116.326042,-116.2309316,-116.2504264,-116.2709188,-116.183356,-116.247889,-116.1931448,-116.193697,-116.213678,-116.2536306,-116.033712,-116.2297304,-116.192158,-116.3342868,-116.1884035,-116.2085864,-116.191698,-116.2142557,-116.1982766,-116.203924,-116.2036778,-116.0986275,-116.2376974
45,Boise,Idaho,150967,705,Military reserve,Open space,Open,Reserve,North River,Natural Area,BOISE CITY,734.35,Ada County Database,750 N Mountain Cove Rd,Reserve,Military-Reserve,0.126926867,0.000331287,750 N MOUNTAIN COVE RD,Open Space,Military Reserve,43.6610652,43.6828866,43.679896,43.6605954,43.6104879,,43.6130114,43.6532929,43.6146316,43.5475988,43.6503693,43.617887,43.626294,43.6449789,43.6436012,43.638452,43.636504,43.6351477,43.6319851,43.6303104,43.626552,43.6248542,43.622819,43.6181311,43.6175837,43.616731,43.615077,43.616591,43.6144756,43.613066,43.6103798,43.610273,43.615726,43.6092033,43.614215,43.6151446,43.6144897,43.6052277,43.603333,43.6019085,43.604337,43.601044,43.5973645,43.5953347,43.6147002,43.5944027,43.5960863,43.5933122,43.590637,43.587635,43.5908829,43.5856801,43.5815,43.5883943,43.5783797,43.5774967,43.5772726,43.5880929,43.5734826,43.56389,43.5656557,43.6085474,43.6256985,43.61205,43.6338044,43.5600487,43.595756,43.6093837,43.468523,43.6899475,43.6574399,43.6554753,43.6019602,43.6521854,43.645009,43.6379565,43.6339837,43.6265791,43.6164788,43.6011568,43.5807801,43.563206,43.6147656,43.6187073,43.6112937,43.5824429,43.613342,43.6213324,43.573703,43.5751881,43.6116233,43.611803,43.5290362,43.6519645,43.615314,43.5732785,43.557425,43.6046661,43.610827,43.6153342,43.618824,43.613564,43.6236296,43.6265626,43.6329444,43.5898161,43.6384932,43.6483863,43.681303,43.5992087,43.568633,43.544704,43.626365,43.594577,43.5903778,43.632641,43.5931564,43.551804,43.585974,43.60454,43.620747,43.5947431,43.6688466,43.6555526,43.645532,43.5624883,43.6491983,43.6123158,43.5711014,43.6406514,43.6803871,43.6015064,43.599288,43.6157222,43.6018468,43.639151,43.5834967,43.647575,43.5707023,43.615799,43.552877,43.5689565,43.648724,43.633893,43.6183551,43.5926761,43.590282,43.586311,43.648962,43.6058354,43.5732588,43.5942341,43.6176437,43.635982,43.6129405,43.5734437,43.6194423,43.6023878,43.6122779,43.625927,43.620931,43.6173997,43.615751,43.6171003,43.5526915,43.6920387,-116.2135745,-116.2919211,-116.284887,-116.3456794,-116.2082807,-116.1799021,-116.2960007,-116.2145508,-116.1534075,-116.3544153,-116.2102005,-116.230735,-116.2466671,-116.2284526,-116.194785,-116.215855,-116.2234691,-116.3160828,-116.3243743,-116.268053,-116.1964928,-116.218515,-116.1940438,-116.2226005,-116.199126,-116.191985,-116.2201504,-116.2188586,-116.200583,-116.1898411,-116.208625,-116.2016517,-116.1729855,-116.203086,-116.2147125,-116.2123541,-116.1833698,-116.185561,-116.2149029,-116.321398,-116.337034,-116.2621912,-116.2387254,-116.1858868,-116.1633768,-116.2187273,-116.1777398,-116.184313,-116.198734,-116.2941272,-116.3312438,-116.248724,-116.1735301,-116.1571147,-116.2943564,-116.214027,-116.1910508,-116.2216564,-116.32195,-116.1540997,-116.2610448,-116.2078795,-116.171538,-116.202894,-116.1322349,-116.3140766,-116.2610432,-116.069723,-116.3020825,-116.2330146,-116.3063828,-116.1743447,-116.3007286,-116.305672,-116.27027,-116.2692501,-116.2830959,-116.3192311,-116.1680331,-116.1857617,-116.153317,-116.1786617,-116.2137274,-116.1943893,-116.1696052,-116.2841691,-116.2102647,-116.159217,-116.140329,-116.1827547,-116.207153,-116.1564325,-116.236936,-116.222081,-116.1406764,-116.125789,-116.2333794,-116.228565,-116.314295,-116.223728,-116.189305,-116.1780806,-116.2077292,-116.208244,-116.2443622,-116.2372639,-116.3219028,-116.2134882,-116.1425104,-116.274251,-116.284287,-116.2287023,-116.18477,-116.2741747,-116.180993,-116.205531,-116.132874,-116.172557,-116.2123044,-116.195633,-116.2285497,-116.2217642,-116.2633144,-116.238387,-116.3472997,-116.1629067,-116.3268437,-116.1704825,-116.1633,-116.2344009,-116.2684177,-116.2130446,-116.293971,-116.3050215,-116.245916,-116.2743595,-116.1573813,-116.203326,-116.1335834,-116.22412,-116.098622,-116.1210522,-116.222835,-116.326042,-116.2309316,-116.2504264,-116.2709188,-116.183356,-116.247889,-116.1931448,-116.193697,-116.213678,-116.2536306,-116.033712,-116.2297304,-116.192158,-116.3342868,-116.1884035,-116.2085864,-116.191698,-116.2142557,-116.1982766,-116.203924,-116.2036778,-116.0986275,-116.2376974
46,Boise,Idaho,150968,167,Warm springs golf course,Special use,Open_Fee,Developed,North River,Special Use Area,BOISE CITY (BOISE PARKS & RECREATION),159.7444702,GIS,2495 E Warm Springs Ave,Not Classic,,0.060253709,7.2e-05,2495 E WARM SPRINGS AVE,Special Use,Warm Springs Golf Course,43.6610652,43.6828866,43.679896,43.6605954,43.6104879,,43.6130114,43.6532929,43.6146316,43.5475988,43.6503693,43.617887,43.626294,43.6449789,43.6436012,43.638452,43.636504,43.6351477,43.6319851,43.6303104,43.626552,43.6248542,43.622819,43.6181311,43.6175837,43.616731,43.615077,43.616591,43.6144756,43.613066,43.6103798,43.610273,43.615726,43.6092033,43.614215,43.6151446,43.6144897,43.6052277,43.603333,43.6019085,43.604337,43.601044,43.5973645,43.5953347,43.6147002,43.5944027,43.5960863,43.5933122,43.590637,43.587635,43.5908829,43.5856801,43.5815,43.5883943,43.5783797,43.5774967,43.5772726,43.5880929,43.5734826,43.56389,43.5656557,43.6085474,43.6256985,43.61205,43.6338044,43.5600487,43.595756,43.6093837,43.468523,43.6899475,43.6574399,43.6554753,43.6019602,43.6521854,43.645009,43.6379565,43.6339837,43.6265791,43.6164788,43.6011568,43.5807801,43.563206,43.6147656,43.6187073,43.6112937,43.5824429,43.613342,43.6213324,43.573703,43.5751881,43.6116233,43.611803,43.5290362,43.6519645,43.615314,43.5732785,43.557425,43.6046661,43.610827,43.6153342,43.618824,43.613564,43.6236296,43.6265626,43.6329444,43.5898161,43.6384932,43.6483863,43.681303,43.5992087,43.568633,43.544704,43.626365,43.594577,43.5903778,43.632641,43.5931564,43.551804,43.585974,43.60454,43.620747,43.5947431,43.6688466,43.6555526,43.645532,43.5624883,43.6491983,43.6123158,43.5711014,43.6406514,43.6803871,43.6015064,43.599288,43.6157222,43.6018468,43.639151,43.5834967,43.647575,43.5707023,43.615799,43.552877,43.5689565,43.648724,43.633893,43.6183551,43.5926761,43.590282,43.586311,43.648962,43.6058354,43.5732588,43.5942341,43.6176437,43.635982,43.6129405,43.5734437,43.6194423,43.6023878,43.6122779,43.625927,43.620931,43.6173997,43.615751,43.6171003,43.5526915,43.6920387,-116.2135745,-116.2919211,-116.284887,-116.3456794,-116.2082807,-116.1799021,-116.2960007,-116.2145508,-116.1534075,-116.3544153,-116.2102005,-116.230735,-116.2466671,-116.2284526,-116.194785,-116.215855,-116.2234691,-116.3160828,-116.3243743,-116.268053,-116.1964928,-116.218515,-116.1940438,-116.2226005,-116.199126,-116.191985,-116.2201504,-116.2188586,-116.200583,-116.1898411,-116.208625,-116.2016517,-116.1729855,-116.203086,-116.2147125,-116.2123541,-116.1833698,-116.185561,-116.2149029,-116.321398,-116.337034,-116.2621912,-116.2387254,-116.1858868,-116.1633768,-116.2187273,-116.1777398,-116.184313,-116.198734,-116.2941272,-116.3312438,-116.248724,-116.1735301,-116.1571147,-116.2943564,-116.214027,-116.1910508,-116.2216564,-116.32195,-116.1540997,-116.2610448,-116.2078795,-116.171538,-116.202894,-116.1322349,-116.3140766,-116.2610432,-116.069723,-116.3020825,-116.2330146,-116.3063828,-116.1743447,-116.3007286,-116.305672,-116.27027,-116.2692501,-116.2830959,-116.3192311,-116.1680331,-116.1857617,-116.153317,-116.1786617,-116.2137274,-116.1943893,-116.1696052,-116.2841691,-116.2102647,-116.159217,-116.140329,-116.1827547,-116.207153,-116.1564325,-116.236936,-116.222081,-116.1406764,-116.125789,-116.2333794,-116.228565,-116.314295,-116.223728,-116.189305,-116.1780806,-116.2077292,-116.208244,-116.2443622,-116.2372639,-116.3219028,-116.2134882,-116.1425104,-116.274251,-116.284287,-116.2287023,-116.18477,-116.2741747,-116.180993,-116.205531,-116.132874,-116.172557,-116.2123044,-116.195633,-116.2285497,-116.2217642,-116.2633144,-116.238387,-116.3472997,-116.1629067,-116.3268437,-116.1704825,-116.1633,-116.2344009,-116.2684177,-116.2130446,-116.293971,-116.3050215,-116.245916,-116.2743595,-116.1573813,-116.203326,-116.1335834,-116.22412,-116.098622,-116.1210522,-116.222835,-116.326042,-116.2309316,-116.2504264,-116.2709188,-116.183356,-116.247889,-116.1931448,-116.193697,-116.213678,-116.2536306,-116.033712,-116.2297304,-116.192158,-116.3342868,-116.1884035,-116.2085864,-116.191698,-116.2142557,-116.1982766,-116.203924,-116.2036778,-116.0986275,-116.2376974
47,Boise,Idaho,150969,281,South pool,Special use,Open,Developed,Central Bench,Special Use Area,BOISE CITY (BOISE PARKS & RECREATION),0.56,Ada County Database,921 S Shoshone St,Not Classic,,0.00230279,2.56e-07,921 S SHOSHONE ST,Special Use,South Pool,43.6610652,43.6828866,43.679896,43.6605954,43.6104879,,43.6130114,43.6532929,43.6146316,43.5475988,43.6503693,43.617887,43.626294,43.6449789,43.6436012,43.638452,43.636504,43.6351477,43.6319851,43.6303104,43.626552,43.6248542,43.622819,43.6181311,43.6175837,43.616731,43.615077,43.616591,43.6144756,43.613066,43.6103798,43.610273,43.615726,43.6092033,43.614215,43.6151446,43.6144897,43.6052277,43.603333,43.6019085,43.604337,43.601044,43.5973645,43.5953347,43.6147002,43.5944027,43.5960863,43.5933122,43.590637,43.587635,43.5908829,43.5856801,43.5815,43.5883943,43.5783797,43.5774967,43.5772726,43.5880929,43.5734826,43.56389,43.5656557,43.6085474,43.6256985,43.61205,43.6338044,43.5600487,43.595756,43.6093837,43.468523,43.6899475,43.6574399,43.6554753,43.6019602,43.6521854,43.645009,43.6379565,43.6339837,43.6265791,43.6164788,43.6011568,43.5807801,43.563206,43.6147656,43.6187073,43.6112937,43.5824429,43.613342,43.6213324,43.573703,43.5751881,43.6116233,43.611803,43.5290362,43.6519645,43.615314,43.5732785,43.557425,43.6046661,43.610827,43.6153342,43.618824,43.613564,43.6236296,43.6265626,43.6329444,43.5898161,43.6384932,43.6483863,43.681303,43.5992087,43.568633,43.544704,43.626365,43.594577,43.5903778,43.632641,43.5931564,43.551804,43.585974,43.60454,43.620747,43.5947431,43.6688466,43.6555526,43.645532,43.5624883,43.6491983,43.6123158,43.5711014,43.6406514,43.6803871,43.6015064,43.599288,43.6157222,43.6018468,43.639151,43.5834967,43.647575,43.5707023,43.615799,43.552877,43.5689565,43.648724,43.633893,43.6183551,43.5926761,43.590282,43.586311,43.648962,43.6058354,43.5732588,43.5942341,43.6176437,43.635982,43.6129405,43.5734437,43.6194423,43.6023878,43.6122779,43.625927,43.620931,43.6173997,43.615751,43.6171003,43.5526915,43.6920387,-116.2135745,-116.2919211,-116.284887,-116.3456794,-116.2082807,-116.1799021,-116.2960007,-116.2145508,-116.1534075,-116.3544153,-116.2102005,-116.230735,-116.2466671,-116.2284526,-116.194785,-116.215855,-116.2234691,-116.3160828,-116.3243743,-116.268053,-116.1964928,-116.218515,-116.1940438,-116.2226005,-116.199126,-116.191985,-116.2201504,-116.2188586,-116.200583,-116.1898411,-116.208625,-116.2016517,-116.1729855,-116.203086,-116.2147125,-116.2123541,-116.1833698,-116.185561,-116.2149029,-116.321398,-116.337034,-116.2621912,-116.2387254,-116.1858868,-116.1633768,-116.2187273,-116.1777398,-116.184313,-116.198734,-116.2941272,-116.3312438,-116.248724,-116.1735301,-116.1571147,-116.2943564,-116.214027,-116.1910508,-116.2216564,-116.32195,-116.1540997,-116.2610448,-116.2078795,-116.171538,-116.202894,-116.1322349,-116.3140766,-116.2610432,-116.069723,-116.3020825,-116.2330146,-116.3063828,-116.1743447,-116.3007286,-116.305672,-116.27027,-116.2692501,-116.2830959,-116.3192311,-116.1680331,-116.1857617,-116.153317,-116.1786617,-116.2137274,-116.1943893,-116.1696052,-116.2841691,-116.2102647,-116.159217,-116.140329,-116.1827547,-116.207153,-116.1564325,-116.236936,-116.222081,-116.1406764,-116.125789,-116.2333794,-116.228565,-116.314295,-116.223728,-116.189305,-116.1780806,-116.2077292,-116.208244,-116.2443622,-116.2372639,-116.3219028,-116.2134882,-116.1425104,-116.274251,-116.284287,-116.2287023,-116.18477,-116.2741747,-116.180993,-116.205531,-116.132874,-116.172557,-116.2123044,-116.195633,-116.2285497,-116.2217642,-116.2633144,-116.238387,-116.3472997,-116.1629067,-116.3268437,-116.1704825,-116.1633,-116.2344009,-116.2684177,-116.2130446,-116.293971,-116.3050215,-116.245916,-116.2743595,-116.1573813,-116.203326,-116.1335834,-116.22412,-116.098622,-116.1210522,-116.222835,-116.326042,-116.2309316,-116.2504264,-116.2709188,-116.183356,-116.247889,-116.1931448,-116.193697,-116.213678,-116.2536306,-116.033712,-116.2297304,-116.192158,-116.3342868,-116.1884035,-116.2085864,-116.191698,-116.2142557,-116.1982766,-116.203924,-116.2036778,-116.0986275,-116.2376974
48,Boise,Idaho,150970,500,Greenbelt se,Linear,Open,Developed,Southeast,Corridor,BOISE CITY (BOISE PARKS & RECREATION),26.64,Ada County Database,E Highland St,Not Classic,,0.077720703,1.27e-05,E HIGHLAND ST,Linear,Greenbelt SE,43.6610652,43.6828866,43.679896,43.6605954,43.6104879,,43.6130114,43.6532929,43.6146316,43.5475988,43.6503693,43.617887,43.626294,43.6449789,43.6436012,43.638452,43.636504,43.6351477,43.6319851,43.6303104,43.626552,43.6248542,43.622819,43.6181311,43.6175837,43.616731,43.615077,43.616591,43.6144756,43.613066,43.6103798,43.610273,43.615726,43.6092033,43.614215,43.6151446,43.6144897,43.6052277,43.603333,43.6019085,43.604337,43.601044,43.5973645,43.5953347,43.6147002,43.5944027,43.5960863,43.5933122,43.590637,43.587635,43.5908829,43.5856801,43.5815,43.5883943,43.5783797,43.5774967,43.5772726,43.5880929,43.5734826,43.56389,43.5656557,43.6085474,43.6256985,43.61205,43.6338044,43.5600487,43.595756,43.6093837,43.468523,43.6899475,43.6574399,43.6554753,43.6019602,43.6521854,43.645009,43.6379565,43.6339837,43.6265791,43.6164788,43.6011568,43.5807801,43.563206,43.6147656,43.6187073,43.6112937,43.5824429,43.613342,43.6213324,43.573703,43.5751881,43.6116233,43.611803,43.5290362,43.6519645,43.615314,43.5732785,43.557425,43.6046661,43.610827,43.6153342,43.618824,43.613564,43.6236296,43.6265626,43.6329444,43.5898161,43.6384932,43.6483863,43.681303,43.5992087,43.568633,43.544704,43.626365,43.594577,43.5903778,43.632641,43.5931564,43.551804,43.585974,43.60454,43.620747,43.5947431,43.6688466,43.6555526,43.645532,43.5624883,43.6491983,43.6123158,43.5711014,43.6406514,43.6803871,43.6015064,43.599288,43.6157222,43.6018468,43.639151,43.5834967,43.647575,43.5707023,43.615799,43.552877,43.5689565,43.648724,43.633893,43.6183551,43.5926761,43.590282,43.586311,43.648962,43.6058354,43.5732588,43.5942341,43.6176437,43.635982,43.6129405,43.5734437,43.6194423,43.6023878,43.6122779,43.625927,43.620931,43.6173997,43.615751,43.6171003,43.5526915,43.6920387,-116.2135745,-116.2919211,-116.284887,-116.3456794,-116.2082807,-116.1799021,-116.2960007,-116.2145508,-116.1534075,-116.3544153,-116.2102005,-116.230735,-116.2466671,-116.2284526,-116.194785,-116.215855,-116.2234691,-116.3160828,-116.3243743,-116.268053,-116.1964928,-116.218515,-116.1940438,-116.2226005,-116.199126,-116.191985,-116.2201504,-116.2188586,-116.200583,-116.1898411,-116.208625,-116.2016517,-116.1729855,-116.203086,-116.2147125,-116.2123541,-116.1833698,-116.185561,-116.2149029,-116.321398,-116.337034,-116.2621912,-116.2387254,-116.1858868,-116.1633768,-116.2187273,-116.1777398,-116.184313,-116.198734,-116.2941272,-116.3312438,-116.248724,-116.1735301,-116.1571147,-116.2943564,-116.214027,-116.1910508,-116.2216564,-116.32195,-116.1540997,-116.2610448,-116.2078795,-116.171538,-116.202894,-116.1322349,-116.3140766,-116.2610432,-116.069723,-116.3020825,-116.2330146,-116.3063828,-116.1743447,-116.3007286,-116.305672,-116.27027,-116.2692501,-116.2830959,-116.3192311,-116.1680331,-116.1857617,-116.153317,-116.1786617,-116.2137274,-116.1943893,-116.1696052,-116.2841691,-116.2102647,-116.159217,-116.140329,-116.1827547,-116.207153,-116.1564325,-116.236936,-116.222081,-116.1406764,-116.125789,-116.2333794,-116.228565,-116.314295,-116.223728,-116.189305,-116.1780806,-116.2077292,-116.208244,-116.2443622,-116.2372639,-116.3219028,-116.2134882,-116.1425104,-116.274251,-116.284287,-116.2287023,-116.18477,-116.2741747,-116.180993,-116.205531,-116.132874,-116.172557,-116.2123044,-116.195633,-116.2285497,-116.2217642,-116.2633144,-116.238387,-116.3472997,-116.1629067,-116.3268437,-116.1704825,-116.1633,-116.2344009,-116.2684177,-116.2130446,-116.293971,-116.3050215,-116.245916,-116.2743595,-116.1573813,-116.203326,-116.1335834,-116.22412,-116.098622,-116.1210522,-116.222835,-116.326042,-116.2309316,-116.2504264,-116.2709188,-116.183356,-116.247889,-116.1931448,-116.193697,-116.213678,-116.2536306,-116.033712,-116.2297304,-116.192158,-116.3342868,-116.1884035,-116.2085864,-116.191698,-116.2142557,-116.1982766,-116.203924,-116.2036778,-116.0986275,-116.2376974
49,Boise,Idaho,150971,170,Williams park,Neighborhood,Open,Developed,Southeast,Active Park,BOISE CITY (BOISE PARKS & RECREATION),7.85154104,GIS,201 W Williams St,Classic,Williams-Park,0.010096959,3.54e-06,201 W WILLIAMS ST,Neighborhood,Williams Park,43.6610652,43.6828866,43.679896,43.6605954,43.6104879,,43.6130114,43.6532929,43.6146316,43.5475988,43.6503693,43.617887,43.626294,43.6449789,43.6436012,43.638452,43.636504,43.6351477,43.6319851,43.6303104,43.626552,43.6248542,43.622819,43.6181311,43.6175837,43.616731,43.615077,43.616591,43.6144756,43.613066,43.6103798,43.610273,43.615726,43.6092033,43.614215,43.6151446,43.6144897,43.6052277,43.603333,43.6019085,43.604337,43.601044,43.5973645,43.5953347,43.6147002,43.5944027,43.5960863,43.5933122,43.590637,43.587635,43.5908829,43.5856801,43.5815,43.5883943,43.5783797,43.5774967,43.5772726,43.5880929,43.5734826,43.56389,43.5656557,43.6085474,43.6256985,43.61205,43.6338044,43.5600487,43.595756,43.6093837,43.468523,43.6899475,43.6574399,43.6554753,43.6019602,43.6521854,43.645009,43.6379565,43.6339837,43.6265791,43.6164788,43.6011568,43.5807801,43.563206,43.6147656,43.6187073,43.6112937,43.5824429,43.613342,43.6213324,43.573703,43.5751881,43.6116233,43.611803,43.5290362,43.6519645,43.615314,43.5732785,43.557425,43.6046661,43.610827,43.6153342,43.618824,43.613564,43.6236296,43.6265626,43.6329444,43.5898161,43.6384932,43.6483863,43.681303,43.5992087,43.568633,43.544704,43.626365,43.594577,43.5903778,43.632641,43.5931564,43.551804,43.585974,43.60454,43.620747,43.5947431,43.6688466,43.6555526,43.645532,43.5624883,43.6491983,43.6123158,43.5711014,43.6406514,43.6803871,43.6015064,43.599288,43.6157222,43.6018468,43.639151,43.5834967,43.647575,43.5707023,43.615799,43.552877,43.5689565,43.648724,43.633893,43.6183551,43.5926761,43.590282,43.586311,43.648962,43.6058354,43.5732588,43.5942341,43.6176437,43.635982,43.6129405,43.5734437,43.6194423,43.6023878,43.6122779,43.625927,43.620931,43.6173997,43.615751,43.6171003,43.5526915,43.6920387,-116.2135745,-116.2919211,-116.284887,-116.3456794,-116.2082807,-116.1799021,-116.2960007,-116.2145508,-116.1534075,-116.3544153,-116.2102005,-116.230735,-116.2466671,-116.2284526,-116.194785,-116.215855,-116.2234691,-116.3160828,-116.3243743,-116.268053,-116.1964928,-116.218515,-116.1940438,-116.2226005,-116.199126,-116.191985,-116.2201504,-116.2188586,-116.200583,-116.1898411,-116.208625,-116.2016517,-116.1729855,-116.203086,-116.2147125,-116.2123541,-116.1833698,-116.185561,-116.2149029,-116.321398,-116.337034,-116.2621912,-116.2387254,-116.1858868,-116.1633768,-116.2187273,-116.1777398,-116.184313,-116.198734,-116.2941272,-116.3312438,-116.248724,-116.1735301,-116.1571147,-116.2943564,-116.214027,-116.1910508,-116.2216564,-116.32195,-116.1540997,-116.2610448,-116.2078795,-116.171538,-116.202894,-116.1322349,-116.3140766,-116.2610432,-116.069723,-116.3020825,-116.2330146,-116.3063828,-116.1743447,-116.3007286,-116.305672,-116.27027,-116.2692501,-116.2830959,-116.3192311,-116.1680331,-116.1857617,-116.153317,-116.1786617,-116.2137274,-116.1943893,-116.1696052,-116.2841691,-116.2102647,-116.159217,-116.140329,-116.1827547,-116.207153,-116.1564325,-116.236936,-116.222081,-116.1406764,-116.125789,-116.2333794,-116.228565,-116.314295,-116.223728,-116.189305,-116.1780806,-116.2077292,-116.208244,-116.2443622,-116.2372639,-116.3219028,-116.2134882,-116.1425104,-116.274251,-116.284287,-116.2287023,-116.18477,-116.2741747,-116.180993,-116.205531,-116.132874,-116.172557,-116.2123044,-116.195633,-116.2285497,-116.2217642,-116.2633144,-116.238387,-116.3472997,-116.1629067,-116.3268437,-116.1704825,-116.1633,-116.2344009,-116.2684177,-116.2130446,-116.293971,-116.3050215,-116.245916,-116.2743595,-116.1573813,-116.203326,-116.1335834,-116.22412,-116.098622,-116.1210522,-116.222835,-116.326042,-116.2309316,-116.2504264,-116.2709188,-116.183356,-116.247889,-116.1931448,-116.193697,-116.213678,-116.2536306,-116.033712,-116.2297304,-116.192158,-116.3342868,-116.1884035,-116.2085864,-116.191698,-116.2142557,-116.1982766,-116.203924,-116.2036778,-116.0986275,-116.2376974
50,Boise,Idaho,150972,260,Riverside parcel/canal diversion,Linear,Open,Undeveloped,North River,Natural Area,BOISE CITY (BOISE PARKS & RECREATION),1.72461713,GIS,2495 E Warm Springs Ave,Not Classic,,0.006613437,7.78e-07,2495 E WARM SPRINGS AVE,Linear,Riverside Parcel/Canal Diversion,43.6610652,43.6828866,43.679896,43.6605954,43.6104879,,43.6130114,43.6532929,43.6146316,43.5475988,43.6503693,43.617887,43.626294,43.6449789,43.6436012,43.638452,43.636504,43.6351477,43.6319851,43.6303104,43.626552,43.6248542,43.622819,43.6181311,43.6175837,43.616731,43.615077,43.616591,43.6144756,43.613066,43.6103798,43.610273,43.615726,43.6092033,43.614215,43.6151446,43.6144897,43.6052277,43.603333,43.6019085,43.604337,43.601044,43.5973645,43.5953347,43.6147002,43.5944027,43.5960863,43.5933122,43.590637,43.587635,43.5908829,43.5856801,43.5815,43.5883943,43.5783797,43.5774967,43.5772726,43.5880929,43.5734826,43.56389,43.5656557,43.6085474,43.6256985,43.61205,43.6338044,43.5600487,43.595756,43.6093837,43.468523,43.6899475,43.6574399,43.6554753,43.6019602,43.6521854,43.645009,43.6379565,43.6339837,43.6265791,43.6164788,43.6011568,43.5807801,43.563206,43.6147656,43.6187073,43.6112937,43.5824429,43.613342,43.6213324,43.573703,43.5751881,43.6116233,43.611803,43.5290362,43.6519645,43.615314,43.5732785,43.557425,43.6046661,43.610827,43.6153342,43.618824,43.613564,43.6236296,43.6265626,43.6329444,43.5898161,43.6384932,43.6483863,43.681303,43.5992087,43.568633,43.544704,43.626365,43.594577,43.5903778,43.632641,43.5931564,43.551804,43.585974,43.60454,43.620747,43.5947431,43.6688466,43.6555526,43.645532,43.5624883,43.6491983,43.6123158,43.5711014,43.6406514,43.6803871,43.6015064,43.599288,43.6157222,43.6018468,43.639151,43.5834967,43.647575,43.5707023,43.615799,43.552877,43.5689565,43.648724,43.633893,43.6183551,43.5926761,43.590282,43.586311,43.648962,43.6058354,43.5732588,43.5942341,43.6176437,43.635982,43.6129405,43.5734437,43.6194423,43.6023878,43.6122779,43.625927,43.620931,43.6173997,43.615751,43.6171003,43.5526915,43.6920387,-116.2135745,-116.2919211,-116.284887,-116.3456794,-116.2082807,-116.1799021,-116.2960007,-116.2145508,-116.1534075,-116.3544153,-116.2102005,-116.230735,-116.2466671,-116.2284526,-116.194785,-116.215855,-116.2234691,-116.3160828,-116.3243743,-116.268053,-116.1964928,-116.218515,-116.1940438,-116.2226005,-116.199126,-116.191985,-116.2201504,-116.2188586,-116.200583,-116.1898411,-116.208625,-116.2016517,-116.1729855,-116.203086,-116.2147125,-116.2123541,-116.1833698,-116.185561,-116.2149029,-116.321398,-116.337034,-116.2621912,-116.2387254,-116.1858868,-116.1633768,-116.2187273,-116.1777398,-116.184313,-116.198734,-116.2941272,-116.3312438,-116.248724,-116.1735301,-116.1571147,-116.2943564,-116.214027,-116.1910508,-116.2216564,-116.32195,-116.1540997,-116.2610448,-116.2078795,-116.171538,-116.202894,-116.1322349,-116.3140766,-116.2610432,-116.069723,-116.3020825,-116.2330146,-116.3063828,-116.1743447,-116.3007286,-116.305672,-116.27027,-116.2692501,-116.2830959,-116.3192311,-116.1680331,-116.1857617,-116.153317,-116.1786617,-116.2137274,-116.1943893,-116.1696052,-116.2841691,-116.2102647,-116.159217,-116.140329,-116.1827547,-116.207153,-116.1564325,-116.236936,-116.222081,-116.1406764,-116.125789,-116.2333794,-116.228565,-116.314295,-116.223728,-116.189305,-116.1780806,-116.2077292,-116.208244,-116.2443622,-116.2372639,-116.3219028,-116.2134882,-116.1425104,-116.274251,-116.284287,-116.2287023,-116.18477,-116.2741747,-116.180993,-116.205531,-116.132874,-116.172557,-116.2123044,-116.195633,-116.2285497,-116.2217642,-116.2633144,-116.238387,-116.3472997,-116.1629067,-116.3268437,-116.1704825,-116.1633,-116.2344009,-116.2684177,-116.2130446,-116.293971,-116.3050215,-116.245916,-116.2743595,-116.1573813,-116.203326,-116.1335834,-116.22412,-116.098622,-116.1210522,-116.222835,-116.326042,-116.2309316,-116.2504264,-116.2709188,-116.183356,-116.247889,-116.1931448,-116.193697,-116.213678,-116.2536306,-116.033712,-116.2297304,-116.192158,-116.3342868,-116.1884035,-116.2085864,-116.191698,-116.2142557,-116.1982766,-116.203924,-116.2036778,-116.0986275,-116.2376974
51,Boise,Idaho,150973,139,Manitou park,Neighborhood,Open,Developed,Southeast,Active Park,BOISE CITY (BOISE PARKS & RECREATION),9.12391598,GIS,2001 S Manitou Ave,Classic,Manitou-Park,0.011312283999999999,4.11e-06,2001 S MANITOU AVE,Neighborhood,Manitou Park,43.6610652,43.6828866,43.679896,43.6605954,43.6104879,,43.6130114,43.6532929,43.6146316,43.5475988,43.6503693,43.617887,43.626294,43.6449789,43.6436012,43.638452,43.636504,43.6351477,43.6319851,43.6303104,43.626552,43.6248542,43.622819,43.6181311,43.6175837,43.616731,43.615077,43.616591,43.6144756,43.613066,43.6103798,43.610273,43.615726,43.6092033,43.614215,43.6151446,43.6144897,43.6052277,43.603333,43.6019085,43.604337,43.601044,43.5973645,43.5953347,43.6147002,43.5944027,43.5960863,43.5933122,43.590637,43.587635,43.5908829,43.5856801,43.5815,43.5883943,43.5783797,43.5774967,43.5772726,43.5880929,43.5734826,43.56389,43.5656557,43.6085474,43.6256985,43.61205,43.6338044,43.5600487,43.595756,43.6093837,43.468523,43.6899475,43.6574399,43.6554753,43.6019602,43.6521854,43.645009,43.6379565,43.6339837,43.6265791,43.6164788,43.6011568,43.5807801,43.563206,43.6147656,43.6187073,43.6112937,43.5824429,43.613342,43.6213324,43.573703,43.5751881,43.6116233,43.611803,43.5290362,43.6519645,43.615314,43.5732785,43.557425,43.6046661,43.610827,43.6153342,43.618824,43.613564,43.6236296,43.6265626,43.6329444,43.5898161,43.6384932,43.6483863,43.681303,43.5992087,43.568633,43.544704,43.626365,43.594577,43.5903778,43.632641,43.5931564,43.551804,43.585974,43.60454,43.620747,43.5947431,43.6688466,43.6555526,43.645532,43.5624883,43.6491983,43.6123158,43.5711014,43.6406514,43.6803871,43.6015064,43.599288,43.6157222,43.6018468,43.639151,43.5834967,43.647575,43.5707023,43.615799,43.552877,43.5689565,43.648724,43.633893,43.6183551,43.5926761,43.590282,43.586311,43.648962,43.6058354,43.5732588,43.5942341,43.6176437,43.635982,43.6129405,43.5734437,43.6194423,43.6023878,43.6122779,43.625927,43.620931,43.6173997,43.615751,43.6171003,43.5526915,43.6920387,-116.2135745,-116.2919211,-116.284887,-116.3456794,-116.2082807,-116.1799021,-116.2960007,-116.2145508,-116.1534075,-116.3544153,-116.2102005,-116.230735,-116.2466671,-116.2284526,-116.194785,-116.215855,-116.2234691,-116.3160828,-116.3243743,-116.268053,-116.1964928,-116.218515,-116.1940438,-116.2226005,-116.199126,-116.191985,-116.2201504,-116.2188586,-116.200583,-116.1898411,-116.208625,-116.2016517,-116.1729855,-116.203086,-116.2147125,-116.2123541,-116.1833698,-116.185561,-116.2149029,-116.321398,-116.337034,-116.2621912,-116.2387254,-116.1858868,-116.1633768,-116.2187273,-116.1777398,-116.184313,-116.198734,-116.2941272,-116.3312438,-116.248724,-116.1735301,-116.1571147,-116.2943564,-116.214027,-116.1910508,-116.2216564,-116.32195,-116.1540997,-116.2610448,-116.2078795,-116.171538,-116.202894,-116.1322349,-116.3140766,-116.2610432,-116.069723,-116.3020825,-116.2330146,-116.3063828,-116.1743447,-116.3007286,-116.305672,-116.27027,-116.2692501,-116.2830959,-116.3192311,-116.1680331,-116.1857617,-116.153317,-116.1786617,-116.2137274,-116.1943893,-116.1696052,-116.2841691,-116.2102647,-116.159217,-116.140329,-116.1827547,-116.207153,-116.1564325,-116.236936,-116.222081,-116.1406764,-116.125789,-116.2333794,-116.228565,-116.314295,-116.223728,-116.189305,-116.1780806,-116.2077292,-116.208244,-116.2443622,-116.2372639,-116.3219028,-116.2134882,-116.1425104,-116.274251,-116.284287,-116.2287023,-116.18477,-116.2741747,-116.180993,-116.205531,-116.132874,-116.172557,-116.2123044,-116.195633,-116.2285497,-116.2217642,-116.2633144,-116.238387,-116.3472997,-116.1629067,-116.3268437,-116.1704825,-116.1633,-116.2344009,-116.2684177,-116.2130446,-116.293971,-116.3050215,-116.245916,-116.2743595,-116.1573813,-116.203326,-116.1335834,-116.22412,-116.098622,-116.1210522,-116.222835,-116.326042,-116.2309316,-116.2504264,-116.2709188,-116.183356,-116.247889,-116.1931448,-116.193697,-116.213678,-116.2536306,-116.033712,-116.2297304,-116.192158,-116.3342868,-116.1884035,-116.2085864,-116.191698,-116.2142557,-116.1982766,-116.203924,-116.2036778,-116.0986275,-116.2376974
52,Boise,Idaho,150974,412,Five mile creek trail,Linear,Open,Undeveloped,Southwest,Corridor,BOISE CITY (BOISE PARKS & RECREATION),1.52,Ada County Database,S Maple Grove Rd,Not Classic,,0.019092418,7.02e-07,S MAPLE GROVE RD,Linear,Five Mile Creek Trail,43.6610652,43.6828866,43.679896,43.6605954,43.6104879,,43.6130114,43.6532929,43.6146316,43.5475988,43.6503693,43.617887,43.626294,43.6449789,43.6436012,43.638452,43.636504,43.6351477,43.6319851,43.6303104,43.626552,43.6248542,43.622819,43.6181311,43.6175837,43.616731,43.615077,43.616591,43.6144756,43.613066,43.6103798,43.610273,43.615726,43.6092033,43.614215,43.6151446,43.6144897,43.6052277,43.603333,43.6019085,43.604337,43.601044,43.5973645,43.5953347,43.6147002,43.5944027,43.5960863,43.5933122,43.590637,43.587635,43.5908829,43.5856801,43.5815,43.5883943,43.5783797,43.5774967,43.5772726,43.5880929,43.5734826,43.56389,43.5656557,43.6085474,43.6256985,43.61205,43.6338044,43.5600487,43.595756,43.6093837,43.468523,43.6899475,43.6574399,43.6554753,43.6019602,43.6521854,43.645009,43.6379565,43.6339837,43.6265791,43.6164788,43.6011568,43.5807801,43.563206,43.6147656,43.6187073,43.6112937,43.5824429,43.613342,43.6213324,43.573703,43.5751881,43.6116233,43.611803,43.5290362,43.6519645,43.615314,43.5732785,43.557425,43.6046661,43.610827,43.6153342,43.618824,43.613564,43.6236296,43.6265626,43.6329444,43.5898161,43.6384932,43.6483863,43.681303,43.5992087,43.568633,43.544704,43.626365,43.594577,43.5903778,43.632641,43.5931564,43.551804,43.585974,43.60454,43.620747,43.5947431,43.6688466,43.6555526,43.645532,43.5624883,43.6491983,43.6123158,43.5711014,43.6406514,43.6803871,43.6015064,43.599288,43.6157222,43.6018468,43.639151,43.5834967,43.647575,43.5707023,43.615799,43.552877,43.5689565,43.648724,43.633893,43.6183551,43.5926761,43.590282,43.586311,43.648962,43.6058354,43.5732588,43.5942341,43.6176437,43.635982,43.6129405,43.5734437,43.6194423,43.6023878,43.6122779,43.625927,43.620931,43.6173997,43.615751,43.6171003,43.5526915,43.6920387,-116.2135745,-116.2919211,-116.284887,-116.3456794,-116.2082807,-116.1799021,-116.2960007,-116.2145508,-116.1534075,-116.3544153,-116.2102005,-116.230735,-116.2466671,-116.2284526,-116.194785,-116.215855,-116.2234691,-116.3160828,-116.3243743,-116.268053,-116.1964928,-116.218515,-116.1940438,-116.2226005,-116.199126,-116.191985,-116.2201504,-116.2188586,-116.200583,-116.1898411,-116.208625,-116.2016517,-116.1729855,-116.203086,-116.2147125,-116.2123541,-116.1833698,-116.185561,-116.2149029,-116.321398,-116.337034,-116.2621912,-116.2387254,-116.1858868,-116.1633768,-116.2187273,-116.1777398,-116.184313,-116.198734,-116.2941272,-116.3312438,-116.248724,-116.1735301,-116.1571147,-116.2943564,-116.214027,-116.1910508,-116.2216564,-116.32195,-116.1540997,-116.2610448,-116.2078795,-116.171538,-116.202894,-116.1322349,-116.3140766,-116.2610432,-116.069723,-116.3020825,-116.2330146,-116.3063828,-116.1743447,-116.3007286,-116.305672,-116.27027,-116.2692501,-116.2830959,-116.3192311,-116.1680331,-116.1857617,-116.153317,-116.1786617,-116.2137274,-116.1943893,-116.1696052,-116.2841691,-116.2102647,-116.159217,-116.140329,-116.1827547,-116.207153,-116.1564325,-116.236936,-116.222081,-116.1406764,-116.125789,-116.2333794,-116.228565,-116.314295,-116.223728,-116.189305,-116.1780806,-116.2077292,-116.208244,-116.2443622,-116.2372639,-116.3219028,-116.2134882,-116.1425104,-116.274251,-116.284287,-116.2287023,-116.18477,-116.2741747,-116.180993,-116.205531,-116.132874,-116.172557,-116.2123044,-116.195633,-116.2285497,-116.2217642,-116.2633144,-116.238387,-116.3472997,-116.1629067,-116.3268437,-116.1704825,-116.1633,-116.2344009,-116.2684177,-116.2130446,-116.293971,-116.3050215,-116.245916,-116.2743595,-116.1573813,-116.203326,-116.1335834,-116.22412,-116.098622,-116.1210522,-116.222835,-116.326042,-116.2309316,-116.2504264,-116.2709188,-116.183356,-116.247889,-116.1931448,-116.193697,-116.213678,-116.2536306,-116.033712,-116.2297304,-116.192158,-116.3342868,-116.1884035,-116.2085864,-116.191698,-116.2142557,-116.1982766,-116.203924,-116.2036778,-116.0986275,-116.2376974
53,Boise,Idaho,150975,151,Peppermint park,Neighborhood,Open,Developed,West Bench,Active Park,BOISE CITY (BOISE PARKS & RECREATION),7.0,Ada County Database,11855 W Peppermint Dr,Classic,Peppermint-Park,0.006892954000000001,3.16e-06,11855 W PEPPERMINT DR,Neighborhood,Peppermint Park,43.6610652,43.6828866,43.679896,43.6605954,43.6104879,,43.6130114,43.6532929,43.6146316,43.5475988,43.6503693,43.617887,43.626294,43.6449789,43.6436012,43.638452,43.636504,43.6351477,43.6319851,43.6303104,43.626552,43.6248542,43.622819,43.6181311,43.6175837,43.616731,43.615077,43.616591,43.6144756,43.613066,43.6103798,43.610273,43.615726,43.6092033,43.614215,43.6151446,43.6144897,43.6052277,43.603333,43.6019085,43.604337,43.601044,43.5973645,43.5953347,43.6147002,43.5944027,43.5960863,43.5933122,43.590637,43.587635,43.5908829,43.5856801,43.5815,43.5883943,43.5783797,43.5774967,43.5772726,43.5880929,43.5734826,43.56389,43.5656557,43.6085474,43.6256985,43.61205,43.6338044,43.5600487,43.595756,43.6093837,43.468523,43.6899475,43.6574399,43.6554753,43.6019602,43.6521854,43.645009,43.6379565,43.6339837,43.6265791,43.6164788,43.6011568,43.5807801,43.563206,43.6147656,43.6187073,43.6112937,43.5824429,43.613342,43.6213324,43.573703,43.5751881,43.6116233,43.611803,43.5290362,43.6519645,43.615314,43.5732785,43.557425,43.6046661,43.610827,43.6153342,43.618824,43.613564,43.6236296,43.6265626,43.6329444,43.5898161,43.6384932,43.6483863,43.681303,43.5992087,43.568633,43.544704,43.626365,43.594577,43.5903778,43.632641,43.5931564,43.551804,43.585974,43.60454,43.620747,43.5947431,43.6688466,43.6555526,43.645532,43.5624883,43.6491983,43.6123158,43.5711014,43.6406514,43.6803871,43.6015064,43.599288,43.6157222,43.6018468,43.639151,43.5834967,43.647575,43.5707023,43.615799,43.552877,43.5689565,43.648724,43.633893,43.6183551,43.5926761,43.590282,43.586311,43.648962,43.6058354,43.5732588,43.5942341,43.6176437,43.635982,43.6129405,43.5734437,43.6194423,43.6023878,43.6122779,43.625927,43.620931,43.6173997,43.615751,43.6171003,43.5526915,43.6920387,-116.2135745,-116.2919211,-116.284887,-116.3456794,-116.2082807,-116.1799021,-116.2960007,-116.2145508,-116.1534075,-116.3544153,-116.2102005,-116.230735,-116.2466671,-116.2284526,-116.194785,-116.215855,-116.2234691,-116.3160828,-116.3243743,-116.268053,-116.1964928,-116.218515,-116.1940438,-116.2226005,-116.199126,-116.191985,-116.2201504,-116.2188586,-116.200583,-116.1898411,-116.208625,-116.2016517,-116.1729855,-116.203086,-116.2147125,-116.2123541,-116.1833698,-116.185561,-116.2149029,-116.321398,-116.337034,-116.2621912,-116.2387254,-116.1858868,-116.1633768,-116.2187273,-116.1777398,-116.184313,-116.198734,-116.2941272,-116.3312438,-116.248724,-116.1735301,-116.1571147,-116.2943564,-116.214027,-116.1910508,-116.2216564,-116.32195,-116.1540997,-116.2610448,-116.2078795,-116.171538,-116.202894,-116.1322349,-116.3140766,-116.2610432,-116.069723,-116.3020825,-116.2330146,-116.3063828,-116.1743447,-116.3007286,-116.305672,-116.27027,-116.2692501,-116.2830959,-116.3192311,-116.1680331,-116.1857617,-116.153317,-116.1786617,-116.2137274,-116.1943893,-116.1696052,-116.2841691,-116.2102647,-116.159217,-116.140329,-116.1827547,-116.207153,-116.1564325,-116.236936,-116.222081,-116.1406764,-116.125789,-116.2333794,-116.228565,-116.314295,-116.223728,-116.189305,-116.1780806,-116.2077292,-116.208244,-116.2443622,-116.2372639,-116.3219028,-116.2134882,-116.1425104,-116.274251,-116.284287,-116.2287023,-116.18477,-116.2741747,-116.180993,-116.205531,-116.132874,-116.172557,-116.2123044,-116.195633,-116.2285497,-116.2217642,-116.2633144,-116.238387,-116.3472997,-116.1629067,-116.3268437,-116.1704825,-116.1633,-116.2344009,-116.2684177,-116.2130446,-116.293971,-116.3050215,-116.245916,-116.2743595,-116.1573813,-116.203326,-116.1335834,-116.22412,-116.098622,-116.1210522,-116.222835,-116.326042,-116.2309316,-116.2504264,-116.2709188,-116.183356,-116.247889,-116.1931448,-116.193697,-116.213678,-116.2536306,-116.033712,-116.2297304,-116.192158,-116.3342868,-116.1884035,-116.2085864,-116.191698,-116.2142557,-116.1982766,-116.203924,-116.2036778,-116.0986275,-116.2376974
54,Boise,Idaho,150976,152,Phillippi park,Neighborhood,Open,Developed,Central Bench,Active Park,BOISE CITY,8.812999999999999,Ada County Database,2299 S Phillippi St,Classic,Phillippi-Park,0.008843647,3.98e-06,2299 S PHILLIPPI ST,Neighborhood,Phillippi Park,43.6610652,43.6828866,43.679896,43.6605954,43.6104879,,43.6130114,43.6532929,43.6146316,43.5475988,43.6503693,43.617887,43.626294,43.6449789,43.6436012,43.638452,43.636504,43.6351477,43.6319851,43.6303104,43.626552,43.6248542,43.622819,43.6181311,43.6175837,43.616731,43.615077,43.616591,43.6144756,43.613066,43.6103798,43.610273,43.615726,43.6092033,43.614215,43.6151446,43.6144897,43.6052277,43.603333,43.6019085,43.604337,43.601044,43.5973645,43.5953347,43.6147002,43.5944027,43.5960863,43.5933122,43.590637,43.587635,43.5908829,43.5856801,43.5815,43.5883943,43.5783797,43.5774967,43.5772726,43.5880929,43.5734826,43.56389,43.5656557,43.6085474,43.6256985,43.61205,43.6338044,43.5600487,43.595756,43.6093837,43.468523,43.6899475,43.6574399,43.6554753,43.6019602,43.6521854,43.645009,43.6379565,43.6339837,43.6265791,43.6164788,43.6011568,43.5807801,43.563206,43.6147656,43.6187073,43.6112937,43.5824429,43.613342,43.6213324,43.573703,43.5751881,43.6116233,43.611803,43.5290362,43.6519645,43.615314,43.5732785,43.557425,43.6046661,43.610827,43.6153342,43.618824,43.613564,43.6236296,43.6265626,43.6329444,43.5898161,43.6384932,43.6483863,43.681303,43.5992087,43.568633,43.544704,43.626365,43.594577,43.5903778,43.632641,43.5931564,43.551804,43.585974,43.60454,43.620747,43.5947431,43.6688466,43.6555526,43.645532,43.5624883,43.6491983,43.6123158,43.5711014,43.6406514,43.6803871,43.6015064,43.599288,43.6157222,43.6018468,43.639151,43.5834967,43.647575,43.5707023,43.615799,43.552877,43.5689565,43.648724,43.633893,43.6183551,43.5926761,43.590282,43.586311,43.648962,43.6058354,43.5732588,43.5942341,43.6176437,43.635982,43.6129405,43.5734437,43.6194423,43.6023878,43.6122779,43.625927,43.620931,43.6173997,43.615751,43.6171003,43.5526915,43.6920387,-116.2135745,-116.2919211,-116.284887,-116.3456794,-116.2082807,-116.1799021,-116.2960007,-116.2145508,-116.1534075,-116.3544153,-116.2102005,-116.230735,-116.2466671,-116.2284526,-116.194785,-116.215855,-116.2234691,-116.3160828,-116.3243743,-116.268053,-116.1964928,-116.218515,-116.1940438,-116.2226005,-116.199126,-116.191985,-116.2201504,-116.2188586,-116.200583,-116.1898411,-116.208625,-116.2016517,-116.1729855,-116.203086,-116.2147125,-116.2123541,-116.1833698,-116.185561,-116.2149029,-116.321398,-116.337034,-116.2621912,-116.2387254,-116.1858868,-116.1633768,-116.2187273,-116.1777398,-116.184313,-116.198734,-116.2941272,-116.3312438,-116.248724,-116.1735301,-116.1571147,-116.2943564,-116.214027,-116.1910508,-116.2216564,-116.32195,-116.1540997,-116.2610448,-116.2078795,-116.171538,-116.202894,-116.1322349,-116.3140766,-116.2610432,-116.069723,-116.3020825,-116.2330146,-116.3063828,-116.1743447,-116.3007286,-116.305672,-116.27027,-116.2692501,-116.2830959,-116.3192311,-116.1680331,-116.1857617,-116.153317,-116.1786617,-116.2137274,-116.1943893,-116.1696052,-116.2841691,-116.2102647,-116.159217,-116.140329,-116.1827547,-116.207153,-116.1564325,-116.236936,-116.222081,-116.1406764,-116.125789,-116.2333794,-116.228565,-116.314295,-116.223728,-116.189305,-116.1780806,-116.2077292,-116.208244,-116.2443622,-116.2372639,-116.3219028,-116.2134882,-116.1425104,-116.274251,-116.284287,-116.2287023,-116.18477,-116.2741747,-116.180993,-116.205531,-116.132874,-116.172557,-116.2123044,-116.195633,-116.2285497,-116.2217642,-116.2633144,-116.238387,-116.3472997,-116.1629067,-116.3268437,-116.1704825,-116.1633,-116.2344009,-116.2684177,-116.2130446,-116.293971,-116.3050215,-116.245916,-116.2743595,-116.1573813,-116.203326,-116.1335834,-116.22412,-116.098622,-116.1210522,-116.222835,-116.326042,-116.2309316,-116.2504264,-116.2709188,-116.183356,-116.247889,-116.1931448,-116.193697,-116.213678,-116.2536306,-116.033712,-116.2297304,-116.192158,-116.3342868,-116.1884035,-116.2085864,-116.191698,-116.2142557,-116.1982766,-116.203924,-116.2036778,-116.0986275,-116.2376974
55,Boise,Idaho,150977,103,Baggley park,Neighborhood,Open,Developed,Southeast,Active Park,BOISE CITY (BOISE PARKS & RECREATION),7.47698782,GIS,1410 E Parkcenter Blvd,Classic,Baggley-Park,0.009854273,3.37e-06,1410 E PARKCENTER BLVD,Neighborhood,Baggley Park,43.6610652,43.6828866,43.679896,43.6605954,43.6104879,,43.6130114,43.6532929,43.6146316,43.5475988,43.6503693,43.617887,43.626294,43.6449789,43.6436012,43.638452,43.636504,43.6351477,43.6319851,43.6303104,43.626552,43.6248542,43.622819,43.6181311,43.6175837,43.616731,43.615077,43.616591,43.6144756,43.613066,43.6103798,43.610273,43.615726,43.6092033,43.614215,43.6151446,43.6144897,43.6052277,43.603333,43.6019085,43.604337,43.601044,43.5973645,43.5953347,43.6147002,43.5944027,43.5960863,43.5933122,43.590637,43.587635,43.5908829,43.5856801,43.5815,43.5883943,43.5783797,43.5774967,43.5772726,43.5880929,43.5734826,43.56389,43.5656557,43.6085474,43.6256985,43.61205,43.6338044,43.5600487,43.595756,43.6093837,43.468523,43.6899475,43.6574399,43.6554753,43.6019602,43.6521854,43.645009,43.6379565,43.6339837,43.6265791,43.6164788,43.6011568,43.5807801,43.563206,43.6147656,43.6187073,43.6112937,43.5824429,43.613342,43.6213324,43.573703,43.5751881,43.6116233,43.611803,43.5290362,43.6519645,43.615314,43.5732785,43.557425,43.6046661,43.610827,43.6153342,43.618824,43.613564,43.6236296,43.6265626,43.6329444,43.5898161,43.6384932,43.6483863,43.681303,43.5992087,43.568633,43.544704,43.626365,43.594577,43.5903778,43.632641,43.5931564,43.551804,43.585974,43.60454,43.620747,43.5947431,43.6688466,43.6555526,43.645532,43.5624883,43.6491983,43.6123158,43.5711014,43.6406514,43.6803871,43.6015064,43.599288,43.6157222,43.6018468,43.639151,43.5834967,43.647575,43.5707023,43.615799,43.552877,43.5689565,43.648724,43.633893,43.6183551,43.5926761,43.590282,43.586311,43.648962,43.6058354,43.5732588,43.5942341,43.6176437,43.635982,43.6129405,43.5734437,43.6194423,43.6023878,43.6122779,43.625927,43.620931,43.6173997,43.615751,43.6171003,43.5526915,43.6920387,-116.2135745,-116.2919211,-116.284887,-116.3456794,-116.2082807,-116.1799021,-116.2960007,-116.2145508,-116.1534075,-116.3544153,-116.2102005,-116.230735,-116.2466671,-116.2284526,-116.194785,-116.215855,-116.2234691,-116.3160828,-116.3243743,-116.268053,-116.1964928,-116.218515,-116.1940438,-116.2226005,-116.199126,-116.191985,-116.2201504,-116.2188586,-116.200583,-116.1898411,-116.208625,-116.2016517,-116.1729855,-116.203086,-116.2147125,-116.2123541,-116.1833698,-116.185561,-116.2149029,-116.321398,-116.337034,-116.2621912,-116.2387254,-116.1858868,-116.1633768,-116.2187273,-116.1777398,-116.184313,-116.198734,-116.2941272,-116.3312438,-116.248724,-116.1735301,-116.1571147,-116.2943564,-116.214027,-116.1910508,-116.2216564,-116.32195,-116.1540997,-116.2610448,-116.2078795,-116.171538,-116.202894,-116.1322349,-116.3140766,-116.2610432,-116.069723,-116.3020825,-116.2330146,-116.3063828,-116.1743447,-116.3007286,-116.305672,-116.27027,-116.2692501,-116.2830959,-116.3192311,-116.1680331,-116.1857617,-116.153317,-116.1786617,-116.2137274,-116.1943893,-116.1696052,-116.2841691,-116.2102647,-116.159217,-116.140329,-116.1827547,-116.207153,-116.1564325,-116.236936,-116.222081,-116.1406764,-116.125789,-116.2333794,-116.228565,-116.314295,-116.223728,-116.189305,-116.1780806,-116.2077292,-116.208244,-116.2443622,-116.2372639,-116.3219028,-116.2134882,-116.1425104,-116.274251,-116.284287,-116.2287023,-116.18477,-116.2741747,-116.180993,-116.205531,-116.132874,-116.172557,-116.2123044,-116.195633,-116.2285497,-116.2217642,-116.2633144,-116.238387,-116.3472997,-116.1629067,-116.3268437,-116.1704825,-116.1633,-116.2344009,-116.2684177,-116.2130446,-116.293971,-116.3050215,-116.245916,-116.2743595,-116.1573813,-116.203326,-116.1335834,-116.22412,-116.098622,-116.1210522,-116.222835,-116.326042,-116.2309316,-116.2504264,-116.2709188,-116.183356,-116.247889,-116.1931448,-116.193697,-116.213678,-116.2536306,-116.033712,-116.2297304,-116.192158,-116.3342868,-116.1884035,-116.2085864,-116.191698,-116.2142557,-116.1982766,-116.203924,-116.2036778,-116.0986275,-116.2376974
56,Boise,Idaho,150978,501,Greenbelt - e parkcenter,Linear,Open,Developed,Southeast,Corridor,BOISE CITY (BOISE PARKS & RECREATION),4.15465087,GIS,S Swallowtail Ln,Not Classic,,0.028691556,1.87e-06,S SWALLOWTAIL LN,Linear,Greenbelt - E Parkcenter,43.6610652,43.6828866,43.679896,43.6605954,43.6104879,,43.6130114,43.6532929,43.6146316,43.5475988,43.6503693,43.617887,43.626294,43.6449789,43.6436012,43.638452,43.636504,43.6351477,43.6319851,43.6303104,43.626552,43.6248542,43.622819,43.6181311,43.6175837,43.616731,43.615077,43.616591,43.6144756,43.613066,43.6103798,43.610273,43.615726,43.6092033,43.614215,43.6151446,43.6144897,43.6052277,43.603333,43.6019085,43.604337,43.601044,43.5973645,43.5953347,43.6147002,43.5944027,43.5960863,43.5933122,43.590637,43.587635,43.5908829,43.5856801,43.5815,43.5883943,43.5783797,43.5774967,43.5772726,43.5880929,43.5734826,43.56389,43.5656557,43.6085474,43.6256985,43.61205,43.6338044,43.5600487,43.595756,43.6093837,43.468523,43.6899475,43.6574399,43.6554753,43.6019602,43.6521854,43.645009,43.6379565,43.6339837,43.6265791,43.6164788,43.6011568,43.5807801,43.563206,43.6147656,43.6187073,43.6112937,43.5824429,43.613342,43.6213324,43.573703,43.5751881,43.6116233,43.611803,43.5290362,43.6519645,43.615314,43.5732785,43.557425,43.6046661,43.610827,43.6153342,43.618824,43.613564,43.6236296,43.6265626,43.6329444,43.5898161,43.6384932,43.6483863,43.681303,43.5992087,43.568633,43.544704,43.626365,43.594577,43.5903778,43.632641,43.5931564,43.551804,43.585974,43.60454,43.620747,43.5947431,43.6688466,43.6555526,43.645532,43.5624883,43.6491983,43.6123158,43.5711014,43.6406514,43.6803871,43.6015064,43.599288,43.6157222,43.6018468,43.639151,43.5834967,43.647575,43.5707023,43.615799,43.552877,43.5689565,43.648724,43.633893,43.6183551,43.5926761,43.590282,43.586311,43.648962,43.6058354,43.5732588,43.5942341,43.6176437,43.635982,43.6129405,43.5734437,43.6194423,43.6023878,43.6122779,43.625927,43.620931,43.6173997,43.615751,43.6171003,43.5526915,43.6920387,-116.2135745,-116.2919211,-116.284887,-116.3456794,-116.2082807,-116.1799021,-116.2960007,-116.2145508,-116.1534075,-116.3544153,-116.2102005,-116.230735,-116.2466671,-116.2284526,-116.194785,-116.215855,-116.2234691,-116.3160828,-116.3243743,-116.268053,-116.1964928,-116.218515,-116.1940438,-116.2226005,-116.199126,-116.191985,-116.2201504,-116.2188586,-116.200583,-116.1898411,-116.208625,-116.2016517,-116.1729855,-116.203086,-116.2147125,-116.2123541,-116.1833698,-116.185561,-116.2149029,-116.321398,-116.337034,-116.2621912,-116.2387254,-116.1858868,-116.1633768,-116.2187273,-116.1777398,-116.184313,-116.198734,-116.2941272,-116.3312438,-116.248724,-116.1735301,-116.1571147,-116.2943564,-116.214027,-116.1910508,-116.2216564,-116.32195,-116.1540997,-116.2610448,-116.2078795,-116.171538,-116.202894,-116.1322349,-116.3140766,-116.2610432,-116.069723,-116.3020825,-116.2330146,-116.3063828,-116.1743447,-116.3007286,-116.305672,-116.27027,-116.2692501,-116.2830959,-116.3192311,-116.1680331,-116.1857617,-116.153317,-116.1786617,-116.2137274,-116.1943893,-116.1696052,-116.2841691,-116.2102647,-116.159217,-116.140329,-116.1827547,-116.207153,-116.1564325,-116.236936,-116.222081,-116.1406764,-116.125789,-116.2333794,-116.228565,-116.314295,-116.223728,-116.189305,-116.1780806,-116.2077292,-116.208244,-116.2443622,-116.2372639,-116.3219028,-116.2134882,-116.1425104,-116.274251,-116.284287,-116.2287023,-116.18477,-116.2741747,-116.180993,-116.205531,-116.132874,-116.172557,-116.2123044,-116.195633,-116.2285497,-116.2217642,-116.2633144,-116.238387,-116.3472997,-116.1629067,-116.3268437,-116.1704825,-116.1633,-116.2344009,-116.2684177,-116.2130446,-116.293971,-116.3050215,-116.245916,-116.2743595,-116.1573813,-116.203326,-116.1335834,-116.22412,-116.098622,-116.1210522,-116.222835,-116.326042,-116.2309316,-116.2504264,-116.2709188,-116.183356,-116.247889,-116.1931448,-116.193697,-116.213678,-116.2536306,-116.033712,-116.2297304,-116.192158,-116.3342868,-116.1884035,-116.2085864,-116.191698,-116.2142557,-116.1982766,-116.203924,-116.2036778,-116.0986275,-116.2376974
57,Boise,Idaho,150979,217,Molenaar park,Community,Open,Developed,West Bench,Active Park,BOISE CITY (BOISE PARKS & RECREATION),19.98,Ada County Database,2815 S Maple Grove Rd,Not Classic,Molenaar-Park,0.013338908,8.84e-06,2815 S MAPLE GROVE RD,Community,Molenaar Park,43.6610652,43.6828866,43.679896,43.6605954,43.6104879,,43.6130114,43.6532929,43.6146316,43.5475988,43.6503693,43.617887,43.626294,43.6449789,43.6436012,43.638452,43.636504,43.6351477,43.6319851,43.6303104,43.626552,43.6248542,43.622819,43.6181311,43.6175837,43.616731,43.615077,43.616591,43.6144756,43.613066,43.6103798,43.610273,43.615726,43.6092033,43.614215,43.6151446,43.6144897,43.6052277,43.603333,43.6019085,43.604337,43.601044,43.5973645,43.5953347,43.6147002,43.5944027,43.5960863,43.5933122,43.590637,43.587635,43.5908829,43.5856801,43.5815,43.5883943,43.5783797,43.5774967,43.5772726,43.5880929,43.5734826,43.56389,43.5656557,43.6085474,43.6256985,43.61205,43.6338044,43.5600487,43.595756,43.6093837,43.468523,43.6899475,43.6574399,43.6554753,43.6019602,43.6521854,43.645009,43.6379565,43.6339837,43.6265791,43.6164788,43.6011568,43.5807801,43.563206,43.6147656,43.6187073,43.6112937,43.5824429,43.613342,43.6213324,43.573703,43.5751881,43.6116233,43.611803,43.5290362,43.6519645,43.615314,43.5732785,43.557425,43.6046661,43.610827,43.6153342,43.618824,43.613564,43.6236296,43.6265626,43.6329444,43.5898161,43.6384932,43.6483863,43.681303,43.5992087,43.568633,43.544704,43.626365,43.594577,43.5903778,43.632641,43.5931564,43.551804,43.585974,43.60454,43.620747,43.5947431,43.6688466,43.6555526,43.645532,43.5624883,43.6491983,43.6123158,43.5711014,43.6406514,43.6803871,43.6015064,43.599288,43.6157222,43.6018468,43.639151,43.5834967,43.647575,43.5707023,43.615799,43.552877,43.5689565,43.648724,43.633893,43.6183551,43.5926761,43.590282,43.586311,43.648962,43.6058354,43.5732588,43.5942341,43.6176437,43.635982,43.6129405,43.5734437,43.6194423,43.6023878,43.6122779,43.625927,43.620931,43.6173997,43.615751,43.6171003,43.5526915,43.6920387,-116.2135745,-116.2919211,-116.284887,-116.3456794,-116.2082807,-116.1799021,-116.2960007,-116.2145508,-116.1534075,-116.3544153,-116.2102005,-116.230735,-116.2466671,-116.2284526,-116.194785,-116.215855,-116.2234691,-116.3160828,-116.3243743,-116.268053,-116.1964928,-116.218515,-116.1940438,-116.2226005,-116.199126,-116.191985,-116.2201504,-116.2188586,-116.200583,-116.1898411,-116.208625,-116.2016517,-116.1729855,-116.203086,-116.2147125,-116.2123541,-116.1833698,-116.185561,-116.2149029,-116.321398,-116.337034,-116.2621912,-116.2387254,-116.1858868,-116.1633768,-116.2187273,-116.1777398,-116.184313,-116.198734,-116.2941272,-116.3312438,-116.248724,-116.1735301,-116.1571147,-116.2943564,-116.214027,-116.1910508,-116.2216564,-116.32195,-116.1540997,-116.2610448,-116.2078795,-116.171538,-116.202894,-116.1322349,-116.3140766,-116.2610432,-116.069723,-116.3020825,-116.2330146,-116.3063828,-116.1743447,-116.3007286,-116.305672,-116.27027,-116.2692501,-116.2830959,-116.3192311,-116.1680331,-116.1857617,-116.153317,-116.1786617,-116.2137274,-116.1943893,-116.1696052,-116.2841691,-116.2102647,-116.159217,-116.140329,-116.1827547,-116.207153,-116.1564325,-116.236936,-116.222081,-116.1406764,-116.125789,-116.2333794,-116.228565,-116.314295,-116.223728,-116.189305,-116.1780806,-116.2077292,-116.208244,-116.2443622,-116.2372639,-116.3219028,-116.2134882,-116.1425104,-116.274251,-116.284287,-116.2287023,-116.18477,-116.2741747,-116.180993,-116.205531,-116.132874,-116.172557,-116.2123044,-116.195633,-116.2285497,-116.2217642,-116.2633144,-116.238387,-116.3472997,-116.1629067,-116.3268437,-116.1704825,-116.1633,-116.2344009,-116.2684177,-116.2130446,-116.293971,-116.3050215,-116.245916,-116.2743595,-116.1573813,-116.203326,-116.1335834,-116.22412,-116.098622,-116.1210522,-116.222835,-116.326042,-116.2309316,-116.2504264,-116.2709188,-116.183356,-116.247889,-116.1931448,-116.193697,-116.213678,-116.2536306,-116.033712,-116.2297304,-116.192158,-116.3342868,-116.1884035,-116.2085864,-116.191698,-116.2142557,-116.1982766,-116.203924,-116.2036778,-116.0986275,-116.2376974
58,Boise,Idaho,150980,160,Shoshone park,Neighborhood,Open,Developed,Central Bench,Active Park,BOISE CITY (BOISE PARKS & RECREATION),5.71938884,GIS,2800 W Canal St,Classic,Shoshone-Park,0.007718753,2.58e-06,2800 W CANAL ST,Neighborhood,Shoshone Park,43.6610652,43.6828866,43.679896,43.6605954,43.6104879,,43.6130114,43.6532929,43.6146316,43.5475988,43.6503693,43.617887,43.626294,43.6449789,43.6436012,43.638452,43.636504,43.6351477,43.6319851,43.6303104,43.626552,43.6248542,43.622819,43.6181311,43.6175837,43.616731,43.615077,43.616591,43.6144756,43.613066,43.6103798,43.610273,43.615726,43.6092033,43.614215,43.6151446,43.6144897,43.6052277,43.603333,43.6019085,43.604337,43.601044,43.5973645,43.5953347,43.6147002,43.5944027,43.5960863,43.5933122,43.590637,43.587635,43.5908829,43.5856801,43.5815,43.5883943,43.5783797,43.5774967,43.5772726,43.5880929,43.5734826,43.56389,43.5656557,43.6085474,43.6256985,43.61205,43.6338044,43.5600487,43.595756,43.6093837,43.468523,43.6899475,43.6574399,43.6554753,43.6019602,43.6521854,43.645009,43.6379565,43.6339837,43.6265791,43.6164788,43.6011568,43.5807801,43.563206,43.6147656,43.6187073,43.6112937,43.5824429,43.613342,43.6213324,43.573703,43.5751881,43.6116233,43.611803,43.5290362,43.6519645,43.615314,43.5732785,43.557425,43.6046661,43.610827,43.6153342,43.618824,43.613564,43.6236296,43.6265626,43.6329444,43.5898161,43.6384932,43.6483863,43.681303,43.5992087,43.568633,43.544704,43.626365,43.594577,43.5903778,43.632641,43.5931564,43.551804,43.585974,43.60454,43.620747,43.5947431,43.6688466,43.6555526,43.645532,43.5624883,43.6491983,43.6123158,43.5711014,43.6406514,43.6803871,43.6015064,43.599288,43.6157222,43.6018468,43.639151,43.5834967,43.647575,43.5707023,43.615799,43.552877,43.5689565,43.648724,43.633893,43.6183551,43.5926761,43.590282,43.586311,43.648962,43.6058354,43.5732588,43.5942341,43.6176437,43.635982,43.6129405,43.5734437,43.6194423,43.6023878,43.6122779,43.625927,43.620931,43.6173997,43.615751,43.6171003,43.5526915,43.6920387,-116.2135745,-116.2919211,-116.284887,-116.3456794,-116.2082807,-116.1799021,-116.2960007,-116.2145508,-116.1534075,-116.3544153,-116.2102005,-116.230735,-116.2466671,-116.2284526,-116.194785,-116.215855,-116.2234691,-116.3160828,-116.3243743,-116.268053,-116.1964928,-116.218515,-116.1940438,-116.2226005,-116.199126,-116.191985,-116.2201504,-116.2188586,-116.200583,-116.1898411,-116.208625,-116.2016517,-116.1729855,-116.203086,-116.2147125,-116.2123541,-116.1833698,-116.185561,-116.2149029,-116.321398,-116.337034,-116.2621912,-116.2387254,-116.1858868,-116.1633768,-116.2187273,-116.1777398,-116.184313,-116.198734,-116.2941272,-116.3312438,-116.248724,-116.1735301,-116.1571147,-116.2943564,-116.214027,-116.1910508,-116.2216564,-116.32195,-116.1540997,-116.2610448,-116.2078795,-116.171538,-116.202894,-116.1322349,-116.3140766,-116.2610432,-116.069723,-116.3020825,-116.2330146,-116.3063828,-116.1743447,-116.3007286,-116.305672,-116.27027,-116.2692501,-116.2830959,-116.3192311,-116.1680331,-116.1857617,-116.153317,-116.1786617,-116.2137274,-116.1943893,-116.1696052,-116.2841691,-116.2102647,-116.159217,-116.140329,-116.1827547,-116.207153,-116.1564325,-116.236936,-116.222081,-116.1406764,-116.125789,-116.2333794,-116.228565,-116.314295,-116.223728,-116.189305,-116.1780806,-116.2077292,-116.208244,-116.2443622,-116.2372639,-116.3219028,-116.2134882,-116.1425104,-116.274251,-116.284287,-116.2287023,-116.18477,-116.2741747,-116.180993,-116.205531,-116.132874,-116.172557,-116.2123044,-116.195633,-116.2285497,-116.2217642,-116.2633144,-116.238387,-116.3472997,-116.1629067,-116.3268437,-116.1704825,-116.1633,-116.2344009,-116.2684177,-116.2130446,-116.293971,-116.3050215,-116.245916,-116.2743595,-116.1573813,-116.203326,-116.1335834,-116.22412,-116.098622,-116.1210522,-116.222835,-116.326042,-116.2309316,-116.2504264,-116.2709188,-116.183356,-116.247889,-116.1931448,-116.193697,-116.213678,-116.2536306,-116.033712,-116.2297304,-116.192158,-116.3342868,-116.1884035,-116.2085864,-116.191698,-116.2142557,-116.1982766,-116.203924,-116.2036778,-116.0986275,-116.2376974
59,Boise,Idaho,150981,137,Kroeger park,Mini,Open,Developed,Southeast,Active Park,BOISE CITY (BOISE PARKS & RECREATION),0.7910363,GIS,2919 S Leadville Ave,Classic,Kroeger-Park,0.002420972,3.5700000000000003e-07,2919 S LEADVILLE AVE,Mini,Kroeger Park,43.6610652,43.6828866,43.679896,43.6605954,43.6104879,,43.6130114,43.6532929,43.6146316,43.5475988,43.6503693,43.617887,43.626294,43.6449789,43.6436012,43.638452,43.636504,43.6351477,43.6319851,43.6303104,43.626552,43.6248542,43.622819,43.6181311,43.6175837,43.616731,43.615077,43.616591,43.6144756,43.613066,43.6103798,43.610273,43.615726,43.6092033,43.614215,43.6151446,43.6144897,43.6052277,43.603333,43.6019085,43.604337,43.601044,43.5973645,43.5953347,43.6147002,43.5944027,43.5960863,43.5933122,43.590637,43.587635,43.5908829,43.5856801,43.5815,43.5883943,43.5783797,43.5774967,43.5772726,43.5880929,43.5734826,43.56389,43.5656557,43.6085474,43.6256985,43.61205,43.6338044,43.5600487,43.595756,43.6093837,43.468523,43.6899475,43.6574399,43.6554753,43.6019602,43.6521854,43.645009,43.6379565,43.6339837,43.6265791,43.6164788,43.6011568,43.5807801,43.563206,43.6147656,43.6187073,43.6112937,43.5824429,43.613342,43.6213324,43.573703,43.5751881,43.6116233,43.611803,43.5290362,43.6519645,43.615314,43.5732785,43.557425,43.6046661,43.610827,43.6153342,43.618824,43.613564,43.6236296,43.6265626,43.6329444,43.5898161,43.6384932,43.6483863,43.681303,43.5992087,43.568633,43.544704,43.626365,43.594577,43.5903778,43.632641,43.5931564,43.551804,43.585974,43.60454,43.620747,43.5947431,43.6688466,43.6555526,43.645532,43.5624883,43.6491983,43.6123158,43.5711014,43.6406514,43.6803871,43.6015064,43.599288,43.6157222,43.6018468,43.639151,43.5834967,43.647575,43.5707023,43.615799,43.552877,43.5689565,43.648724,43.633893,43.6183551,43.5926761,43.590282,43.586311,43.648962,43.6058354,43.5732588,43.5942341,43.6176437,43.635982,43.6129405,43.5734437,43.6194423,43.6023878,43.6122779,43.625927,43.620931,43.6173997,43.615751,43.6171003,43.5526915,43.6920387,-116.2135745,-116.2919211,-116.284887,-116.3456794,-116.2082807,-116.1799021,-116.2960007,-116.2145508,-116.1534075,-116.3544153,-116.2102005,-116.230735,-116.2466671,-116.2284526,-116.194785,-116.215855,-116.2234691,-116.3160828,-116.3243743,-116.268053,-116.1964928,-116.218515,-116.1940438,-116.2226005,-116.199126,-116.191985,-116.2201504,-116.2188586,-116.200583,-116.1898411,-116.208625,-116.2016517,-116.1729855,-116.203086,-116.2147125,-116.2123541,-116.1833698,-116.185561,-116.2149029,-116.321398,-116.337034,-116.2621912,-116.2387254,-116.1858868,-116.1633768,-116.2187273,-116.1777398,-116.184313,-116.198734,-116.2941272,-116.3312438,-116.248724,-116.1735301,-116.1571147,-116.2943564,-116.214027,-116.1910508,-116.2216564,-116.32195,-116.1540997,-116.2610448,-116.2078795,-116.171538,-116.202894,-116.1322349,-116.3140766,-116.2610432,-116.069723,-116.3020825,-116.2330146,-116.3063828,-116.1743447,-116.3007286,-116.305672,-116.27027,-116.2692501,-116.2830959,-116.3192311,-116.1680331,-116.1857617,-116.153317,-116.1786617,-116.2137274,-116.1943893,-116.1696052,-116.2841691,-116.2102647,-116.159217,-116.140329,-116.1827547,-116.207153,-116.1564325,-116.236936,-116.222081,-116.1406764,-116.125789,-116.2333794,-116.228565,-116.314295,-116.223728,-116.189305,-116.1780806,-116.2077292,-116.208244,-116.2443622,-116.2372639,-116.3219028,-116.2134882,-116.1425104,-116.274251,-116.284287,-116.2287023,-116.18477,-116.2741747,-116.180993,-116.205531,-116.132874,-116.172557,-116.2123044,-116.195633,-116.2285497,-116.2217642,-116.2633144,-116.238387,-116.3472997,-116.1629067,-116.3268437,-116.1704825,-116.1633,-116.2344009,-116.2684177,-116.2130446,-116.293971,-116.3050215,-116.245916,-116.2743595,-116.1573813,-116.203326,-116.1335834,-116.22412,-116.098622,-116.1210522,-116.222835,-116.326042,-116.2309316,-116.2504264,-116.2709188,-116.183356,-116.247889,-116.1931448,-116.193697,-116.213678,-116.2536306,-116.033712,-116.2297304,-116.192158,-116.3342868,-116.1884035,-116.2085864,-116.191698,-116.2142557,-116.1982766,-116.203924,-116.2036778,-116.0986275,-116.2376974
60,Boise,Idaho,150982,149,Owyhee park,Neighborhood,Open,Developed,Central Bench,Active Park,BOISE CITY (BOISE PARKS & RECREATION),5.0,Ada County Database,3400 W Elder St,Classic,Owyhee-Park,0.005957316999999999,2.26e-06,3400 W ELDER ST,Neighborhood,Owyhee Park,43.6610652,43.6828866,43.679896,43.6605954,43.6104879,,43.6130114,43.6532929,43.6146316,43.5475988,43.6503693,43.617887,43.626294,43.6449789,43.6436012,43.638452,43.636504,43.6351477,43.6319851,43.6303104,43.626552,43.6248542,43.622819,43.6181311,43.6175837,43.616731,43.615077,43.616591,43.6144756,43.613066,43.6103798,43.610273,43.615726,43.6092033,43.614215,43.6151446,43.6144897,43.6052277,43.603333,43.6019085,43.604337,43.601044,43.5973645,43.5953347,43.6147002,43.5944027,43.5960863,43.5933122,43.590637,43.587635,43.5908829,43.5856801,43.5815,43.5883943,43.5783797,43.5774967,43.5772726,43.5880929,43.5734826,43.56389,43.5656557,43.6085474,43.6256985,43.61205,43.6338044,43.5600487,43.595756,43.6093837,43.468523,43.6899475,43.6574399,43.6554753,43.6019602,43.6521854,43.645009,43.6379565,43.6339837,43.6265791,43.6164788,43.6011568,43.5807801,43.563206,43.6147656,43.6187073,43.6112937,43.5824429,43.613342,43.6213324,43.573703,43.5751881,43.6116233,43.611803,43.5290362,43.6519645,43.615314,43.5732785,43.557425,43.6046661,43.610827,43.6153342,43.618824,43.613564,43.6236296,43.6265626,43.6329444,43.5898161,43.6384932,43.6483863,43.681303,43.5992087,43.568633,43.544704,43.626365,43.594577,43.5903778,43.632641,43.5931564,43.551804,43.585974,43.60454,43.620747,43.5947431,43.6688466,43.6555526,43.645532,43.5624883,43.6491983,43.6123158,43.5711014,43.6406514,43.6803871,43.6015064,43.599288,43.6157222,43.6018468,43.639151,43.5834967,43.647575,43.5707023,43.615799,43.552877,43.5689565,43.648724,43.633893,43.6183551,43.5926761,43.590282,43.586311,43.648962,43.6058354,43.5732588,43.5942341,43.6176437,43.635982,43.6129405,43.5734437,43.6194423,43.6023878,43.6122779,43.625927,43.620931,43.6173997,43.615751,43.6171003,43.5526915,43.6920387,-116.2135745,-116.2919211,-116.284887,-116.3456794,-116.2082807,-116.1799021,-116.2960007,-116.2145508,-116.1534075,-116.3544153,-116.2102005,-116.230735,-116.2466671,-116.2284526,-116.194785,-116.215855,-116.2234691,-116.3160828,-116.3243743,-116.268053,-116.1964928,-116.218515,-116.1940438,-116.2226005,-116.199126,-116.191985,-116.2201504,-116.2188586,-116.200583,-116.1898411,-116.208625,-116.2016517,-116.1729855,-116.203086,-116.2147125,-116.2123541,-116.1833698,-116.185561,-116.2149029,-116.321398,-116.337034,-116.2621912,-116.2387254,-116.1858868,-116.1633768,-116.2187273,-116.1777398,-116.184313,-116.198734,-116.2941272,-116.3312438,-116.248724,-116.1735301,-116.1571147,-116.2943564,-116.214027,-116.1910508,-116.2216564,-116.32195,-116.1540997,-116.2610448,-116.2078795,-116.171538,-116.202894,-116.1322349,-116.3140766,-116.2610432,-116.069723,-116.3020825,-116.2330146,-116.3063828,-116.1743447,-116.3007286,-116.305672,-116.27027,-116.2692501,-116.2830959,-116.3192311,-116.1680331,-116.1857617,-116.153317,-116.1786617,-116.2137274,-116.1943893,-116.1696052,-116.2841691,-116.2102647,-116.159217,-116.140329,-116.1827547,-116.207153,-116.1564325,-116.236936,-116.222081,-116.1406764,-116.125789,-116.2333794,-116.228565,-116.314295,-116.223728,-116.189305,-116.1780806,-116.2077292,-116.208244,-116.2443622,-116.2372639,-116.3219028,-116.2134882,-116.1425104,-116.274251,-116.284287,-116.2287023,-116.18477,-116.2741747,-116.180993,-116.205531,-116.132874,-116.172557,-116.2123044,-116.195633,-116.2285497,-116.2217642,-116.2633144,-116.238387,-116.3472997,-116.1629067,-116.3268437,-116.1704825,-116.1633,-116.2344009,-116.2684177,-116.2130446,-116.293971,-116.3050215,-116.245916,-116.2743595,-116.1573813,-116.203326,-116.1335834,-116.22412,-116.098622,-116.1210522,-116.222835,-116.326042,-116.2309316,-116.2504264,-116.2709188,-116.183356,-116.247889,-116.1931448,-116.193697,-116.213678,-116.2536306,-116.033712,-116.2297304,-116.192158,-116.3342868,-116.1884035,-116.2085864,-116.191698,-116.2142557,-116.1982766,-116.203924,-116.2036778,-116.0986275,-116.2376974
61,Boise,Idaho,150983,225,Wrigley site,Neighborhood,Planned,Undeveloped,Southwest,Active Park,BOISE CITY,13.21,Ada County Database,11300 W Arabian Way,Not Classic,,0.00975505,5.95e-06,11300 W ARABIAN WAY,Neighborhood,Wrigley Site,43.6610652,43.6828866,43.679896,43.6605954,43.6104879,,43.6130114,43.6532929,43.6146316,43.5475988,43.6503693,43.617887,43.626294,43.6449789,43.6436012,43.638452,43.636504,43.6351477,43.6319851,43.6303104,43.626552,43.6248542,43.622819,43.6181311,43.6175837,43.616731,43.615077,43.616591,43.6144756,43.613066,43.6103798,43.610273,43.615726,43.6092033,43.614215,43.6151446,43.6144897,43.6052277,43.603333,43.6019085,43.604337,43.601044,43.5973645,43.5953347,43.6147002,43.5944027,43.5960863,43.5933122,43.590637,43.587635,43.5908829,43.5856801,43.5815,43.5883943,43.5783797,43.5774967,43.5772726,43.5880929,43.5734826,43.56389,43.5656557,43.6085474,43.6256985,43.61205,43.6338044,43.5600487,43.595756,43.6093837,43.468523,43.6899475,43.6574399,43.6554753,43.6019602,43.6521854,43.645009,43.6379565,43.6339837,43.6265791,43.6164788,43.6011568,43.5807801,43.563206,43.6147656,43.6187073,43.6112937,43.5824429,43.613342,43.6213324,43.573703,43.5751881,43.6116233,43.611803,43.5290362,43.6519645,43.615314,43.5732785,43.557425,43.6046661,43.610827,43.6153342,43.618824,43.613564,43.6236296,43.6265626,43.6329444,43.5898161,43.6384932,43.6483863,43.681303,43.5992087,43.568633,43.544704,43.626365,43.594577,43.5903778,43.632641,43.5931564,43.551804,43.585974,43.60454,43.620747,43.5947431,43.6688466,43.6555526,43.645532,43.5624883,43.6491983,43.6123158,43.5711014,43.6406514,43.6803871,43.6015064,43.599288,43.6157222,43.6018468,43.639151,43.5834967,43.647575,43.5707023,43.615799,43.552877,43.5689565,43.648724,43.633893,43.6183551,43.5926761,43.590282,43.586311,43.648962,43.6058354,43.5732588,43.5942341,43.6176437,43.635982,43.6129405,43.5734437,43.6194423,43.6023878,43.6122779,43.625927,43.620931,43.6173997,43.615751,43.6171003,43.5526915,43.6920387,-116.2135745,-116.2919211,-116.284887,-116.3456794,-116.2082807,-116.1799021,-116.2960007,-116.2145508,-116.1534075,-116.3544153,-116.2102005,-116.230735,-116.2466671,-116.2284526,-116.194785,-116.215855,-116.2234691,-116.3160828,-116.3243743,-116.268053,-116.1964928,-116.218515,-116.1940438,-116.2226005,-116.199126,-116.191985,-116.2201504,-116.2188586,-116.200583,-116.1898411,-116.208625,-116.2016517,-116.1729855,-116.203086,-116.2147125,-116.2123541,-116.1833698,-116.185561,-116.2149029,-116.321398,-116.337034,-116.2621912,-116.2387254,-116.1858868,-116.1633768,-116.2187273,-116.1777398,-116.184313,-116.198734,-116.2941272,-116.3312438,-116.248724,-116.1735301,-116.1571147,-116.2943564,-116.214027,-116.1910508,-116.2216564,-116.32195,-116.1540997,-116.2610448,-116.2078795,-116.171538,-116.202894,-116.1322349,-116.3140766,-116.2610432,-116.069723,-116.3020825,-116.2330146,-116.3063828,-116.1743447,-116.3007286,-116.305672,-116.27027,-116.2692501,-116.2830959,-116.3192311,-116.1680331,-116.1857617,-116.153317,-116.1786617,-116.2137274,-116.1943893,-116.1696052,-116.2841691,-116.2102647,-116.159217,-116.140329,-116.1827547,-116.207153,-116.1564325,-116.236936,-116.222081,-116.1406764,-116.125789,-116.2333794,-116.228565,-116.314295,-116.223728,-116.189305,-116.1780806,-116.2077292,-116.208244,-116.2443622,-116.2372639,-116.3219028,-116.2134882,-116.1425104,-116.274251,-116.284287,-116.2287023,-116.18477,-116.2741747,-116.180993,-116.205531,-116.132874,-116.172557,-116.2123044,-116.195633,-116.2285497,-116.2217642,-116.2633144,-116.238387,-116.3472997,-116.1629067,-116.3268437,-116.1704825,-116.1633,-116.2344009,-116.2684177,-116.2130446,-116.293971,-116.3050215,-116.245916,-116.2743595,-116.1573813,-116.203326,-116.1335834,-116.22412,-116.098622,-116.1210522,-116.222835,-116.326042,-116.2309316,-116.2504264,-116.2709188,-116.183356,-116.247889,-116.1931448,-116.193697,-116.213678,-116.2536306,-116.033712,-116.2297304,-116.192158,-116.3342868,-116.1884035,-116.2085864,-116.191698,-116.2142557,-116.1982766,-116.203924,-116.2036778,-116.0986275,-116.2376974
62,Boise,Idaho,150984,410,Holcomb trail,Linear,Open,Undeveloped,Southeast,Corridor,BOISE CITY (BOISE PARKS & RECREATION),2.21,Ada County Database,E Gloucester Pl,Not Classic,,0.008104846,9.97e-07,E GLOUCESTER PL,Linear,Holcomb Trail,43.6610652,43.6828866,43.679896,43.6605954,43.6104879,,43.6130114,43.6532929,43.6146316,43.5475988,43.6503693,43.617887,43.626294,43.6449789,43.6436012,43.638452,43.636504,43.6351477,43.6319851,43.6303104,43.626552,43.6248542,43.622819,43.6181311,43.6175837,43.616731,43.615077,43.616591,43.6144756,43.613066,43.6103798,43.610273,43.615726,43.6092033,43.614215,43.6151446,43.6144897,43.6052277,43.603333,43.6019085,43.604337,43.601044,43.5973645,43.5953347,43.6147002,43.5944027,43.5960863,43.5933122,43.590637,43.587635,43.5908829,43.5856801,43.5815,43.5883943,43.5783797,43.5774967,43.5772726,43.5880929,43.5734826,43.56389,43.5656557,43.6085474,43.6256985,43.61205,43.6338044,43.5600487,43.595756,43.6093837,43.468523,43.6899475,43.6574399,43.6554753,43.6019602,43.6521854,43.645009,43.6379565,43.6339837,43.6265791,43.6164788,43.6011568,43.5807801,43.563206,43.6147656,43.6187073,43.6112937,43.5824429,43.613342,43.6213324,43.573703,43.5751881,43.6116233,43.611803,43.5290362,43.6519645,43.615314,43.5732785,43.557425,43.6046661,43.610827,43.6153342,43.618824,43.613564,43.6236296,43.6265626,43.6329444,43.5898161,43.6384932,43.6483863,43.681303,43.5992087,43.568633,43.544704,43.626365,43.594577,43.5903778,43.632641,43.5931564,43.551804,43.585974,43.60454,43.620747,43.5947431,43.6688466,43.6555526,43.645532,43.5624883,43.6491983,43.6123158,43.5711014,43.6406514,43.6803871,43.6015064,43.599288,43.6157222,43.6018468,43.639151,43.5834967,43.647575,43.5707023,43.615799,43.552877,43.5689565,43.648724,43.633893,43.6183551,43.5926761,43.590282,43.586311,43.648962,43.6058354,43.5732588,43.5942341,43.6176437,43.635982,43.6129405,43.5734437,43.6194423,43.6023878,43.6122779,43.625927,43.620931,43.6173997,43.615751,43.6171003,43.5526915,43.6920387,-116.2135745,-116.2919211,-116.284887,-116.3456794,-116.2082807,-116.1799021,-116.2960007,-116.2145508,-116.1534075,-116.3544153,-116.2102005,-116.230735,-116.2466671,-116.2284526,-116.194785,-116.215855,-116.2234691,-116.3160828,-116.3243743,-116.268053,-116.1964928,-116.218515,-116.1940438,-116.2226005,-116.199126,-116.191985,-116.2201504,-116.2188586,-116.200583,-116.1898411,-116.208625,-116.2016517,-116.1729855,-116.203086,-116.2147125,-116.2123541,-116.1833698,-116.185561,-116.2149029,-116.321398,-116.337034,-116.2621912,-116.2387254,-116.1858868,-116.1633768,-116.2187273,-116.1777398,-116.184313,-116.198734,-116.2941272,-116.3312438,-116.248724,-116.1735301,-116.1571147,-116.2943564,-116.214027,-116.1910508,-116.2216564,-116.32195,-116.1540997,-116.2610448,-116.2078795,-116.171538,-116.202894,-116.1322349,-116.3140766,-116.2610432,-116.069723,-116.3020825,-116.2330146,-116.3063828,-116.1743447,-116.3007286,-116.305672,-116.27027,-116.2692501,-116.2830959,-116.3192311,-116.1680331,-116.1857617,-116.153317,-116.1786617,-116.2137274,-116.1943893,-116.1696052,-116.2841691,-116.2102647,-116.159217,-116.140329,-116.1827547,-116.207153,-116.1564325,-116.236936,-116.222081,-116.1406764,-116.125789,-116.2333794,-116.228565,-116.314295,-116.223728,-116.189305,-116.1780806,-116.2077292,-116.208244,-116.2443622,-116.2372639,-116.3219028,-116.2134882,-116.1425104,-116.274251,-116.284287,-116.2287023,-116.18477,-116.2741747,-116.180993,-116.205531,-116.132874,-116.172557,-116.2123044,-116.195633,-116.2285497,-116.2217642,-116.2633144,-116.238387,-116.3472997,-116.1629067,-116.3268437,-116.1704825,-116.1633,-116.2344009,-116.2684177,-116.2130446,-116.293971,-116.3050215,-116.245916,-116.2743595,-116.1573813,-116.203326,-116.1335834,-116.22412,-116.098622,-116.1210522,-116.222835,-116.326042,-116.2309316,-116.2504264,-116.2709188,-116.183356,-116.247889,-116.1931448,-116.193697,-116.213678,-116.2536306,-116.033712,-116.2297304,-116.192158,-116.3342868,-116.1884035,-116.2085864,-116.191698,-116.2142557,-116.1982766,-116.203924,-116.2036778,-116.0986275,-116.2376974
63,Boise,Idaho,150985,211,Liberty park life estate,Special use,Planned,Undeveloped,Central Bench,Special Use Area,RYTHER FRANK T LIFE ESTATE,0.51,Ada County Database,414 N Liberty St,Not Classic,,0.001912122,2.2899999999999997e-07,414 N LIBERTY ST,Special Use,Liberty Park Life Estate,43.6610652,43.6828866,43.679896,43.6605954,43.6104879,,43.6130114,43.6532929,43.6146316,43.5475988,43.6503693,43.617887,43.626294,43.6449789,43.6436012,43.638452,43.636504,43.6351477,43.6319851,43.6303104,43.626552,43.6248542,43.622819,43.6181311,43.6175837,43.616731,43.615077,43.616591,43.6144756,43.613066,43.6103798,43.610273,43.615726,43.6092033,43.614215,43.6151446,43.6144897,43.6052277,43.603333,43.6019085,43.604337,43.601044,43.5973645,43.5953347,43.6147002,43.5944027,43.5960863,43.5933122,43.590637,43.587635,43.5908829,43.5856801,43.5815,43.5883943,43.5783797,43.5774967,43.5772726,43.5880929,43.5734826,43.56389,43.5656557,43.6085474,43.6256985,43.61205,43.6338044,43.5600487,43.595756,43.6093837,43.468523,43.6899475,43.6574399,43.6554753,43.6019602,43.6521854,43.645009,43.6379565,43.6339837,43.6265791,43.6164788,43.6011568,43.5807801,43.563206,43.6147656,43.6187073,43.6112937,43.5824429,43.613342,43.6213324,43.573703,43.5751881,43.6116233,43.611803,43.5290362,43.6519645,43.615314,43.5732785,43.557425,43.6046661,43.610827,43.6153342,43.618824,43.613564,43.6236296,43.6265626,43.6329444,43.5898161,43.6384932,43.6483863,43.681303,43.5992087,43.568633,43.544704,43.626365,43.594577,43.5903778,43.632641,43.5931564,43.551804,43.585974,43.60454,43.620747,43.5947431,43.6688466,43.6555526,43.645532,43.5624883,43.6491983,43.6123158,43.5711014,43.6406514,43.6803871,43.6015064,43.599288,43.6157222,43.6018468,43.639151,43.5834967,43.647575,43.5707023,43.615799,43.552877,43.5689565,43.648724,43.633893,43.6183551,43.5926761,43.590282,43.586311,43.648962,43.6058354,43.5732588,43.5942341,43.6176437,43.635982,43.6129405,43.5734437,43.6194423,43.6023878,43.6122779,43.625927,43.620931,43.6173997,43.615751,43.6171003,43.5526915,43.6920387,-116.2135745,-116.2919211,-116.284887,-116.3456794,-116.2082807,-116.1799021,-116.2960007,-116.2145508,-116.1534075,-116.3544153,-116.2102005,-116.230735,-116.2466671,-116.2284526,-116.194785,-116.215855,-116.2234691,-116.3160828,-116.3243743,-116.268053,-116.1964928,-116.218515,-116.1940438,-116.2226005,-116.199126,-116.191985,-116.2201504,-116.2188586,-116.200583,-116.1898411,-116.208625,-116.2016517,-116.1729855,-116.203086,-116.2147125,-116.2123541,-116.1833698,-116.185561,-116.2149029,-116.321398,-116.337034,-116.2621912,-116.2387254,-116.1858868,-116.1633768,-116.2187273,-116.1777398,-116.184313,-116.198734,-116.2941272,-116.3312438,-116.248724,-116.1735301,-116.1571147,-116.2943564,-116.214027,-116.1910508,-116.2216564,-116.32195,-116.1540997,-116.2610448,-116.2078795,-116.171538,-116.202894,-116.1322349,-116.3140766,-116.2610432,-116.069723,-116.3020825,-116.2330146,-116.3063828,-116.1743447,-116.3007286,-116.305672,-116.27027,-116.2692501,-116.2830959,-116.3192311,-116.1680331,-116.1857617,-116.153317,-116.1786617,-116.2137274,-116.1943893,-116.1696052,-116.2841691,-116.2102647,-116.159217,-116.140329,-116.1827547,-116.207153,-116.1564325,-116.236936,-116.222081,-116.1406764,-116.125789,-116.2333794,-116.228565,-116.314295,-116.223728,-116.189305,-116.1780806,-116.2077292,-116.208244,-116.2443622,-116.2372639,-116.3219028,-116.2134882,-116.1425104,-116.274251,-116.284287,-116.2287023,-116.18477,-116.2741747,-116.180993,-116.205531,-116.132874,-116.172557,-116.2123044,-116.195633,-116.2285497,-116.2217642,-116.2633144,-116.238387,-116.3472997,-116.1629067,-116.3268437,-116.1704825,-116.1633,-116.2344009,-116.2684177,-116.2130446,-116.293971,-116.3050215,-116.245916,-116.2743595,-116.1573813,-116.203326,-116.1335834,-116.22412,-116.098622,-116.1210522,-116.222835,-116.326042,-116.2309316,-116.2504264,-116.2709188,-116.183356,-116.247889,-116.1931448,-116.193697,-116.213678,-116.2536306,-116.033712,-116.2297304,-116.192158,-116.3342868,-116.1884035,-116.2085864,-116.191698,-116.2142557,-116.1982766,-116.203924,-116.2036778,-116.0986275,-116.2376974
64,Boise,Idaho,150986,403,Chesnut hills pathway,Linear,Open,Undeveloped,West Bench,Corridor,BOISE CITY (BOISE PARKS & RECREATION),0.66,Ada County Database,W Red Maple Dr,Not Classic,,0.005334728,2.98e-07,W RED MAPLE DR,Linear,Chesnut Hills Pathway,43.6610652,43.6828866,43.679896,43.6605954,43.6104879,,43.6130114,43.6532929,43.6146316,43.5475988,43.6503693,43.617887,43.626294,43.6449789,43.6436012,43.638452,43.636504,43.6351477,43.6319851,43.6303104,43.626552,43.6248542,43.622819,43.6181311,43.6175837,43.616731,43.615077,43.616591,43.6144756,43.613066,43.6103798,43.610273,43.615726,43.6092033,43.614215,43.6151446,43.6144897,43.6052277,43.603333,43.6019085,43.604337,43.601044,43.5973645,43.5953347,43.6147002,43.5944027,43.5960863,43.5933122,43.590637,43.587635,43.5908829,43.5856801,43.5815,43.5883943,43.5783797,43.5774967,43.5772726,43.5880929,43.5734826,43.56389,43.5656557,43.6085474,43.6256985,43.61205,43.6338044,43.5600487,43.595756,43.6093837,43.468523,43.6899475,43.6574399,43.6554753,43.6019602,43.6521854,43.645009,43.6379565,43.6339837,43.6265791,43.6164788,43.6011568,43.5807801,43.563206,43.6147656,43.6187073,43.6112937,43.5824429,43.613342,43.6213324,43.573703,43.5751881,43.6116233,43.611803,43.5290362,43.6519645,43.615314,43.5732785,43.557425,43.6046661,43.610827,43.6153342,43.618824,43.613564,43.6236296,43.6265626,43.6329444,43.5898161,43.6384932,43.6483863,43.681303,43.5992087,43.568633,43.544704,43.626365,43.594577,43.5903778,43.632641,43.5931564,43.551804,43.585974,43.60454,43.620747,43.5947431,43.6688466,43.6555526,43.645532,43.5624883,43.6491983,43.6123158,43.5711014,43.6406514,43.6803871,43.6015064,43.599288,43.6157222,43.6018468,43.639151,43.5834967,43.647575,43.5707023,43.615799,43.552877,43.5689565,43.648724,43.633893,43.6183551,43.5926761,43.590282,43.586311,43.648962,43.6058354,43.5732588,43.5942341,43.6176437,43.635982,43.6129405,43.5734437,43.6194423,43.6023878,43.6122779,43.625927,43.620931,43.6173997,43.615751,43.6171003,43.5526915,43.6920387,-116.2135745,-116.2919211,-116.284887,-116.3456794,-116.2082807,-116.1799021,-116.2960007,-116.2145508,-116.1534075,-116.3544153,-116.2102005,-116.230735,-116.2466671,-116.2284526,-116.194785,-116.215855,-116.2234691,-116.3160828,-116.3243743,-116.268053,-116.1964928,-116.218515,-116.1940438,-116.2226005,-116.199126,-116.191985,-116.2201504,-116.2188586,-116.200583,-116.1898411,-116.208625,-116.2016517,-116.1729855,-116.203086,-116.2147125,-116.2123541,-116.1833698,-116.185561,-116.2149029,-116.321398,-116.337034,-116.2621912,-116.2387254,-116.1858868,-116.1633768,-116.2187273,-116.1777398,-116.184313,-116.198734,-116.2941272,-116.3312438,-116.248724,-116.1735301,-116.1571147,-116.2943564,-116.214027,-116.1910508,-116.2216564,-116.32195,-116.1540997,-116.2610448,-116.2078795,-116.171538,-116.202894,-116.1322349,-116.3140766,-116.2610432,-116.069723,-116.3020825,-116.2330146,-116.3063828,-116.1743447,-116.3007286,-116.305672,-116.27027,-116.2692501,-116.2830959,-116.3192311,-116.1680331,-116.1857617,-116.153317,-116.1786617,-116.2137274,-116.1943893,-116.1696052,-116.2841691,-116.2102647,-116.159217,-116.140329,-116.1827547,-116.207153,-116.1564325,-116.236936,-116.222081,-116.1406764,-116.125789,-116.2333794,-116.228565,-116.314295,-116.223728,-116.189305,-116.1780806,-116.2077292,-116.208244,-116.2443622,-116.2372639,-116.3219028,-116.2134882,-116.1425104,-116.274251,-116.284287,-116.2287023,-116.18477,-116.2741747,-116.180993,-116.205531,-116.132874,-116.172557,-116.2123044,-116.195633,-116.2285497,-116.2217642,-116.2633144,-116.238387,-116.3472997,-116.1629067,-116.3268437,-116.1704825,-116.1633,-116.2344009,-116.2684177,-116.2130446,-116.293971,-116.3050215,-116.245916,-116.2743595,-116.1573813,-116.203326,-116.1335834,-116.22412,-116.098622,-116.1210522,-116.222835,-116.326042,-116.2309316,-116.2504264,-116.2709188,-116.183356,-116.247889,-116.1931448,-116.193697,-116.213678,-116.2536306,-116.033712,-116.2297304,-116.192158,-116.3342868,-116.1884035,-116.2085864,-116.191698,-116.2142557,-116.1982766,-116.203924,-116.2036778,-116.0986275,-116.2376974
65,Boise,Idaho,150987,414,16th street pathway,Linear,Open,Undeveloped,North River,Corridor,BOISE CITY (BOISE PARKS & RECREATION),0.04878866,GIS,N 16th St,Not Classic,,0.0007792789999999999,2.2000000000000002e-08,N 16TH ST,Linear,16th Street Pathway,43.6610652,43.6828866,43.679896,43.6605954,43.6104879,,43.6130114,43.6532929,43.6146316,43.5475988,43.6503693,43.617887,43.626294,43.6449789,43.6436012,43.638452,43.636504,43.6351477,43.6319851,43.6303104,43.626552,43.6248542,43.622819,43.6181311,43.6175837,43.616731,43.615077,43.616591,43.6144756,43.613066,43.6103798,43.610273,43.615726,43.6092033,43.614215,43.6151446,43.6144897,43.6052277,43.603333,43.6019085,43.604337,43.601044,43.5973645,43.5953347,43.6147002,43.5944027,43.5960863,43.5933122,43.590637,43.587635,43.5908829,43.5856801,43.5815,43.5883943,43.5783797,43.5774967,43.5772726,43.5880929,43.5734826,43.56389,43.5656557,43.6085474,43.6256985,43.61205,43.6338044,43.5600487,43.595756,43.6093837,43.468523,43.6899475,43.6574399,43.6554753,43.6019602,43.6521854,43.645009,43.6379565,43.6339837,43.6265791,43.6164788,43.6011568,43.5807801,43.563206,43.6147656,43.6187073,43.6112937,43.5824429,43.613342,43.6213324,43.573703,43.5751881,43.6116233,43.611803,43.5290362,43.6519645,43.615314,43.5732785,43.557425,43.6046661,43.610827,43.6153342,43.618824,43.613564,43.6236296,43.6265626,43.6329444,43.5898161,43.6384932,43.6483863,43.681303,43.5992087,43.568633,43.544704,43.626365,43.594577,43.5903778,43.632641,43.5931564,43.551804,43.585974,43.60454,43.620747,43.5947431,43.6688466,43.6555526,43.645532,43.5624883,43.6491983,43.6123158,43.5711014,43.6406514,43.6803871,43.6015064,43.599288,43.6157222,43.6018468,43.639151,43.5834967,43.647575,43.5707023,43.615799,43.552877,43.5689565,43.648724,43.633893,43.6183551,43.5926761,43.590282,43.586311,43.648962,43.6058354,43.5732588,43.5942341,43.6176437,43.635982,43.6129405,43.5734437,43.6194423,43.6023878,43.6122779,43.625927,43.620931,43.6173997,43.615751,43.6171003,43.5526915,43.6920387,-116.2135745,-116.2919211,-116.284887,-116.3456794,-116.2082807,-116.1799021,-116.2960007,-116.2145508,-116.1534075,-116.3544153,-116.2102005,-116.230735,-116.2466671,-116.2284526,-116.194785,-116.215855,-116.2234691,-116.3160828,-116.3243743,-116.268053,-116.1964928,-116.218515,-116.1940438,-116.2226005,-116.199126,-116.191985,-116.2201504,-116.2188586,-116.200583,-116.1898411,-116.208625,-116.2016517,-116.1729855,-116.203086,-116.2147125,-116.2123541,-116.1833698,-116.185561,-116.2149029,-116.321398,-116.337034,-116.2621912,-116.2387254,-116.1858868,-116.1633768,-116.2187273,-116.1777398,-116.184313,-116.198734,-116.2941272,-116.3312438,-116.248724,-116.1735301,-116.1571147,-116.2943564,-116.214027,-116.1910508,-116.2216564,-116.32195,-116.1540997,-116.2610448,-116.2078795,-116.171538,-116.202894,-116.1322349,-116.3140766,-116.2610432,-116.069723,-116.3020825,-116.2330146,-116.3063828,-116.1743447,-116.3007286,-116.305672,-116.27027,-116.2692501,-116.2830959,-116.3192311,-116.1680331,-116.1857617,-116.153317,-116.1786617,-116.2137274,-116.1943893,-116.1696052,-116.2841691,-116.2102647,-116.159217,-116.140329,-116.1827547,-116.207153,-116.1564325,-116.236936,-116.222081,-116.1406764,-116.125789,-116.2333794,-116.228565,-116.314295,-116.223728,-116.189305,-116.1780806,-116.2077292,-116.208244,-116.2443622,-116.2372639,-116.3219028,-116.2134882,-116.1425104,-116.274251,-116.284287,-116.2287023,-116.18477,-116.2741747,-116.180993,-116.205531,-116.132874,-116.172557,-116.2123044,-116.195633,-116.2285497,-116.2217642,-116.2633144,-116.238387,-116.3472997,-116.1629067,-116.3268437,-116.1704825,-116.1633,-116.2344009,-116.2684177,-116.2130446,-116.293971,-116.3050215,-116.245916,-116.2743595,-116.1573813,-116.203326,-116.1335834,-116.22412,-116.098622,-116.1210522,-116.222835,-116.326042,-116.2309316,-116.2504264,-116.2709188,-116.183356,-116.247889,-116.1931448,-116.193697,-116.213678,-116.2536306,-116.033712,-116.2297304,-116.192158,-116.3342868,-116.1884035,-116.2085864,-116.191698,-116.2142557,-116.1982766,-116.203924,-116.2036778,-116.0986275,-116.2376974
66,Boise,Idaho,150988,708,Foothills east reserve,Open space,Open,Reserve,North River,Natural Area,BOISE CITY (BOISE PARKS & RECREATION),23.56357312,GIS,1220 E Shenandoah Dr,Reserve,Foothills-East-Reserve,0.022757759,1.06e-05,1220 E SHENANDOAH DR,Open Space,Foothills East Reserve,43.6610652,43.6828866,43.679896,43.6605954,43.6104879,,43.6130114,43.6532929,43.6146316,43.5475988,43.6503693,43.617887,43.626294,43.6449789,43.6436012,43.638452,43.636504,43.6351477,43.6319851,43.6303104,43.626552,43.6248542,43.622819,43.6181311,43.6175837,43.616731,43.615077,43.616591,43.6144756,43.613066,43.6103798,43.610273,43.615726,43.6092033,43.614215,43.6151446,43.6144897,43.6052277,43.603333,43.6019085,43.604337,43.601044,43.5973645,43.5953347,43.6147002,43.5944027,43.5960863,43.5933122,43.590637,43.587635,43.5908829,43.5856801,43.5815,43.5883943,43.5783797,43.5774967,43.5772726,43.5880929,43.5734826,43.56389,43.5656557,43.6085474,43.6256985,43.61205,43.6338044,43.5600487,43.595756,43.6093837,43.468523,43.6899475,43.6574399,43.6554753,43.6019602,43.6521854,43.645009,43.6379565,43.6339837,43.6265791,43.6164788,43.6011568,43.5807801,43.563206,43.6147656,43.6187073,43.6112937,43.5824429,43.613342,43.6213324,43.573703,43.5751881,43.6116233,43.611803,43.5290362,43.6519645,43.615314,43.5732785,43.557425,43.6046661,43.610827,43.6153342,43.618824,43.613564,43.6236296,43.6265626,43.6329444,43.5898161,43.6384932,43.6483863,43.681303,43.5992087,43.568633,43.544704,43.626365,43.594577,43.5903778,43.632641,43.5931564,43.551804,43.585974,43.60454,43.620747,43.5947431,43.6688466,43.6555526,43.645532,43.5624883,43.6491983,43.6123158,43.5711014,43.6406514,43.6803871,43.6015064,43.599288,43.6157222,43.6018468,43.639151,43.5834967,43.647575,43.5707023,43.615799,43.552877,43.5689565,43.648724,43.633893,43.6183551,43.5926761,43.590282,43.586311,43.648962,43.6058354,43.5732588,43.5942341,43.6176437,43.635982,43.6129405,43.5734437,43.6194423,43.6023878,43.6122779,43.625927,43.620931,43.6173997,43.615751,43.6171003,43.5526915,43.6920387,-116.2135745,-116.2919211,-116.284887,-116.3456794,-116.2082807,-116.1799021,-116.2960007,-116.2145508,-116.1534075,-116.3544153,-116.2102005,-116.230735,-116.2466671,-116.2284526,-116.194785,-116.215855,-116.2234691,-116.3160828,-116.3243743,-116.268053,-116.1964928,-116.218515,-116.1940438,-116.2226005,-116.199126,-116.191985,-116.2201504,-116.2188586,-116.200583,-116.1898411,-116.208625,-116.2016517,-116.1729855,-116.203086,-116.2147125,-116.2123541,-116.1833698,-116.185561,-116.2149029,-116.321398,-116.337034,-116.2621912,-116.2387254,-116.1858868,-116.1633768,-116.2187273,-116.1777398,-116.184313,-116.198734,-116.2941272,-116.3312438,-116.248724,-116.1735301,-116.1571147,-116.2943564,-116.214027,-116.1910508,-116.2216564,-116.32195,-116.1540997,-116.2610448,-116.2078795,-116.171538,-116.202894,-116.1322349,-116.3140766,-116.2610432,-116.069723,-116.3020825,-116.2330146,-116.3063828,-116.1743447,-116.3007286,-116.305672,-116.27027,-116.2692501,-116.2830959,-116.3192311,-116.1680331,-116.1857617,-116.153317,-116.1786617,-116.2137274,-116.1943893,-116.1696052,-116.2841691,-116.2102647,-116.159217,-116.140329,-116.1827547,-116.207153,-116.1564325,-116.236936,-116.222081,-116.1406764,-116.125789,-116.2333794,-116.228565,-116.314295,-116.223728,-116.189305,-116.1780806,-116.2077292,-116.208244,-116.2443622,-116.2372639,-116.3219028,-116.2134882,-116.1425104,-116.274251,-116.284287,-116.2287023,-116.18477,-116.2741747,-116.180993,-116.205531,-116.132874,-116.172557,-116.2123044,-116.195633,-116.2285497,-116.2217642,-116.2633144,-116.238387,-116.3472997,-116.1629067,-116.3268437,-116.1704825,-116.1633,-116.2344009,-116.2684177,-116.2130446,-116.293971,-116.3050215,-116.245916,-116.2743595,-116.1573813,-116.203326,-116.1335834,-116.22412,-116.098622,-116.1210522,-116.222835,-116.326042,-116.2309316,-116.2504264,-116.2709188,-116.183356,-116.247889,-116.1931448,-116.193697,-116.213678,-116.2536306,-116.033712,-116.2297304,-116.192158,-116.3342868,-116.1884035,-116.2085864,-116.191698,-116.2142557,-116.1982766,-116.203924,-116.2036778,-116.0986275,-116.2376974
67,Boise,Idaho,150991,111,Camel's back park,Neighborhood,Open,Developed,North River,Active Park,BOISE CITY (BOISE PARKS & RECREATION),11.30487853,GIS,1200 W Heron St,Classic,Camels-Back-Park,0.012211671,5.0999999999999995e-06,1200 W HERON ST,Neighborhood,Camel's Back Park,43.6610652,43.6828866,43.679896,43.6605954,43.6104879,,43.6130114,43.6532929,43.6146316,43.5475988,43.6503693,43.617887,43.626294,43.6449789,43.6436012,43.638452,43.636504,43.6351477,43.6319851,43.6303104,43.626552,43.6248542,43.622819,43.6181311,43.6175837,43.616731,43.615077,43.616591,43.6144756,43.613066,43.6103798,43.610273,43.615726,43.6092033,43.614215,43.6151446,43.6144897,43.6052277,43.603333,43.6019085,43.604337,43.601044,43.5973645,43.5953347,43.6147002,43.5944027,43.5960863,43.5933122,43.590637,43.587635,43.5908829,43.5856801,43.5815,43.5883943,43.5783797,43.5774967,43.5772726,43.5880929,43.5734826,43.56389,43.5656557,43.6085474,43.6256985,43.61205,43.6338044,43.5600487,43.595756,43.6093837,43.468523,43.6899475,43.6574399,43.6554753,43.6019602,43.6521854,43.645009,43.6379565,43.6339837,43.6265791,43.6164788,43.6011568,43.5807801,43.563206,43.6147656,43.6187073,43.6112937,43.5824429,43.613342,43.6213324,43.573703,43.5751881,43.6116233,43.611803,43.5290362,43.6519645,43.615314,43.5732785,43.557425,43.6046661,43.610827,43.6153342,43.618824,43.613564,43.6236296,43.6265626,43.6329444,43.5898161,43.6384932,43.6483863,43.681303,43.5992087,43.568633,43.544704,43.626365,43.594577,43.5903778,43.632641,43.5931564,43.551804,43.585974,43.60454,43.620747,43.5947431,43.6688466,43.6555526,43.645532,43.5624883,43.6491983,43.6123158,43.5711014,43.6406514,43.6803871,43.6015064,43.599288,43.6157222,43.6018468,43.639151,43.5834967,43.647575,43.5707023,43.615799,43.552877,43.5689565,43.648724,43.633893,43.6183551,43.5926761,43.590282,43.586311,43.648962,43.6058354,43.5732588,43.5942341,43.6176437,43.635982,43.6129405,43.5734437,43.6194423,43.6023878,43.6122779,43.625927,43.620931,43.6173997,43.615751,43.6171003,43.5526915,43.6920387,-116.2135745,-116.2919211,-116.284887,-116.3456794,-116.2082807,-116.1799021,-116.2960007,-116.2145508,-116.1534075,-116.3544153,-116.2102005,-116.230735,-116.2466671,-116.2284526,-116.194785,-116.215855,-116.2234691,-116.3160828,-116.3243743,-116.268053,-116.1964928,-116.218515,-116.1940438,-116.2226005,-116.199126,-116.191985,-116.2201504,-116.2188586,-116.200583,-116.1898411,-116.208625,-116.2016517,-116.1729855,-116.203086,-116.2147125,-116.2123541,-116.1833698,-116.185561,-116.2149029,-116.321398,-116.337034,-116.2621912,-116.2387254,-116.1858868,-116.1633768,-116.2187273,-116.1777398,-116.184313,-116.198734,-116.2941272,-116.3312438,-116.248724,-116.1735301,-116.1571147,-116.2943564,-116.214027,-116.1910508,-116.2216564,-116.32195,-116.1540997,-116.2610448,-116.2078795,-116.171538,-116.202894,-116.1322349,-116.3140766,-116.2610432,-116.069723,-116.3020825,-116.2330146,-116.3063828,-116.1743447,-116.3007286,-116.305672,-116.27027,-116.2692501,-116.2830959,-116.3192311,-116.1680331,-116.1857617,-116.153317,-116.1786617,-116.2137274,-116.1943893,-116.1696052,-116.2841691,-116.2102647,-116.159217,-116.140329,-116.1827547,-116.207153,-116.1564325,-116.236936,-116.222081,-116.1406764,-116.125789,-116.2333794,-116.228565,-116.314295,-116.223728,-116.189305,-116.1780806,-116.2077292,-116.208244,-116.2443622,-116.2372639,-116.3219028,-116.2134882,-116.1425104,-116.274251,-116.284287,-116.2287023,-116.18477,-116.2741747,-116.180993,-116.205531,-116.132874,-116.172557,-116.2123044,-116.195633,-116.2285497,-116.2217642,-116.2633144,-116.238387,-116.3472997,-116.1629067,-116.3268437,-116.1704825,-116.1633,-116.2344009,-116.2684177,-116.2130446,-116.293971,-116.3050215,-116.245916,-116.2743595,-116.1573813,-116.203326,-116.1335834,-116.22412,-116.098622,-116.1210522,-116.222835,-116.326042,-116.2309316,-116.2504264,-116.2709188,-116.183356,-116.247889,-116.1931448,-116.193697,-116.213678,-116.2536306,-116.033712,-116.2297304,-116.192158,-116.3342868,-116.1884035,-116.2085864,-116.191698,-116.2142557,-116.1982766,-116.203924,-116.2036778,-116.0986275,-116.2376974
68,Boise,Idaho,150992,104,Barber observation point,Special use,Open,Developed,Southeast,Historical/Cultural,"BOISE CITY, BLM",2.15742099,GIS,6300 S Surprise Way,Classic,Barber-Observation-Point,0.005417486,9.72e-07,6300 S SURPRISE WAY,Special Use,Barber Observation Point,43.6610652,43.6828866,43.679896,43.6605954,43.6104879,,43.6130114,43.6532929,43.6146316,43.5475988,43.6503693,43.617887,43.626294,43.6449789,43.6436012,43.638452,43.636504,43.6351477,43.6319851,43.6303104,43.626552,43.6248542,43.622819,43.6181311,43.6175837,43.616731,43.615077,43.616591,43.6144756,43.613066,43.6103798,43.610273,43.615726,43.6092033,43.614215,43.6151446,43.6144897,43.6052277,43.603333,43.6019085,43.604337,43.601044,43.5973645,43.5953347,43.6147002,43.5944027,43.5960863,43.5933122,43.590637,43.587635,43.5908829,43.5856801,43.5815,43.5883943,43.5783797,43.5774967,43.5772726,43.5880929,43.5734826,43.56389,43.5656557,43.6085474,43.6256985,43.61205,43.6338044,43.5600487,43.595756,43.6093837,43.468523,43.6899475,43.6574399,43.6554753,43.6019602,43.6521854,43.645009,43.6379565,43.6339837,43.6265791,43.6164788,43.6011568,43.5807801,43.563206,43.6147656,43.6187073,43.6112937,43.5824429,43.613342,43.6213324,43.573703,43.5751881,43.6116233,43.611803,43.5290362,43.6519645,43.615314,43.5732785,43.557425,43.6046661,43.610827,43.6153342,43.618824,43.613564,43.6236296,43.6265626,43.6329444,43.5898161,43.6384932,43.6483863,43.681303,43.5992087,43.568633,43.544704,43.626365,43.594577,43.5903778,43.632641,43.5931564,43.551804,43.585974,43.60454,43.620747,43.5947431,43.6688466,43.6555526,43.645532,43.5624883,43.6491983,43.6123158,43.5711014,43.6406514,43.6803871,43.6015064,43.599288,43.6157222,43.6018468,43.639151,43.5834967,43.647575,43.5707023,43.615799,43.552877,43.5689565,43.648724,43.633893,43.6183551,43.5926761,43.590282,43.586311,43.648962,43.6058354,43.5732588,43.5942341,43.6176437,43.635982,43.6129405,43.5734437,43.6194423,43.6023878,43.6122779,43.625927,43.620931,43.6173997,43.615751,43.6171003,43.5526915,43.6920387,-116.2135745,-116.2919211,-116.284887,-116.3456794,-116.2082807,-116.1799021,-116.2960007,-116.2145508,-116.1534075,-116.3544153,-116.2102005,-116.230735,-116.2466671,-116.2284526,-116.194785,-116.215855,-116.2234691,-116.3160828,-116.3243743,-116.268053,-116.1964928,-116.218515,-116.1940438,-116.2226005,-116.199126,-116.191985,-116.2201504,-116.2188586,-116.200583,-116.1898411,-116.208625,-116.2016517,-116.1729855,-116.203086,-116.2147125,-116.2123541,-116.1833698,-116.185561,-116.2149029,-116.321398,-116.337034,-116.2621912,-116.2387254,-116.1858868,-116.1633768,-116.2187273,-116.1777398,-116.184313,-116.198734,-116.2941272,-116.3312438,-116.248724,-116.1735301,-116.1571147,-116.2943564,-116.214027,-116.1910508,-116.2216564,-116.32195,-116.1540997,-116.2610448,-116.2078795,-116.171538,-116.202894,-116.1322349,-116.3140766,-116.2610432,-116.069723,-116.3020825,-116.2330146,-116.3063828,-116.1743447,-116.3007286,-116.305672,-116.27027,-116.2692501,-116.2830959,-116.3192311,-116.1680331,-116.1857617,-116.153317,-116.1786617,-116.2137274,-116.1943893,-116.1696052,-116.2841691,-116.2102647,-116.159217,-116.140329,-116.1827547,-116.207153,-116.1564325,-116.236936,-116.222081,-116.1406764,-116.125789,-116.2333794,-116.228565,-116.314295,-116.223728,-116.189305,-116.1780806,-116.2077292,-116.208244,-116.2443622,-116.2372639,-116.3219028,-116.2134882,-116.1425104,-116.274251,-116.284287,-116.2287023,-116.18477,-116.2741747,-116.180993,-116.205531,-116.132874,-116.172557,-116.2123044,-116.195633,-116.2285497,-116.2217642,-116.2633144,-116.238387,-116.3472997,-116.1629067,-116.3268437,-116.1704825,-116.1633,-116.2344009,-116.2684177,-116.2130446,-116.293971,-116.3050215,-116.245916,-116.2743595,-116.1573813,-116.203326,-116.1335834,-116.22412,-116.098622,-116.1210522,-116.222835,-116.326042,-116.2309316,-116.2504264,-116.2709188,-116.183356,-116.247889,-116.1931448,-116.193697,-116.213678,-116.2536306,-116.033712,-116.2297304,-116.192158,-116.3342868,-116.1884035,-116.2085864,-116.191698,-116.2142557,-116.1982766,-116.203924,-116.2036778,-116.0986275,-116.2376974
69,Boise,Idaho,150993,205,Fox ridge site,Neighborhood,Planned,Undeveloped,Southwest,Active Park,BOISE CITY,26.2,Ada County Database,7750 S Five Mile Rd,Not Classic,,0.059021291,1.1900000000000001e-05,7750 S FIVE MILE RD,Neighborhood,Fox Ridge Site,43.6610652,43.6828866,43.679896,43.6605954,43.6104879,,43.6130114,43.6532929,43.6146316,43.5475988,43.6503693,43.617887,43.626294,43.6449789,43.6436012,43.638452,43.636504,43.6351477,43.6319851,43.6303104,43.626552,43.6248542,43.622819,43.6181311,43.6175837,43.616731,43.615077,43.616591,43.6144756,43.613066,43.6103798,43.610273,43.615726,43.6092033,43.614215,43.6151446,43.6144897,43.6052277,43.603333,43.6019085,43.604337,43.601044,43.5973645,43.5953347,43.6147002,43.5944027,43.5960863,43.5933122,43.590637,43.587635,43.5908829,43.5856801,43.5815,43.5883943,43.5783797,43.5774967,43.5772726,43.5880929,43.5734826,43.56389,43.5656557,43.6085474,43.6256985,43.61205,43.6338044,43.5600487,43.595756,43.6093837,43.468523,43.6899475,43.6574399,43.6554753,43.6019602,43.6521854,43.645009,43.6379565,43.6339837,43.6265791,43.6164788,43.6011568,43.5807801,43.563206,43.6147656,43.6187073,43.6112937,43.5824429,43.613342,43.6213324,43.573703,43.5751881,43.6116233,43.611803,43.5290362,43.6519645,43.615314,43.5732785,43.557425,43.6046661,43.610827,43.6153342,43.618824,43.613564,43.6236296,43.6265626,43.6329444,43.5898161,43.6384932,43.6483863,43.681303,43.5992087,43.568633,43.544704,43.626365,43.594577,43.5903778,43.632641,43.5931564,43.551804,43.585974,43.60454,43.620747,43.5947431,43.6688466,43.6555526,43.645532,43.5624883,43.6491983,43.6123158,43.5711014,43.6406514,43.6803871,43.6015064,43.599288,43.6157222,43.6018468,43.639151,43.5834967,43.647575,43.5707023,43.615799,43.552877,43.5689565,43.648724,43.633893,43.6183551,43.5926761,43.590282,43.586311,43.648962,43.6058354,43.5732588,43.5942341,43.6176437,43.635982,43.6129405,43.5734437,43.6194423,43.6023878,43.6122779,43.625927,43.620931,43.6173997,43.615751,43.6171003,43.5526915,43.6920387,-116.2135745,-116.2919211,-116.284887,-116.3456794,-116.2082807,-116.1799021,-116.2960007,-116.2145508,-116.1534075,-116.3544153,-116.2102005,-116.230735,-116.2466671,-116.2284526,-116.194785,-116.215855,-116.2234691,-116.3160828,-116.3243743,-116.268053,-116.1964928,-116.218515,-116.1940438,-116.2226005,-116.199126,-116.191985,-116.2201504,-116.2188586,-116.200583,-116.1898411,-116.208625,-116.2016517,-116.1729855,-116.203086,-116.2147125,-116.2123541,-116.1833698,-116.185561,-116.2149029,-116.321398,-116.337034,-116.2621912,-116.2387254,-116.1858868,-116.1633768,-116.2187273,-116.1777398,-116.184313,-116.198734,-116.2941272,-116.3312438,-116.248724,-116.1735301,-116.1571147,-116.2943564,-116.214027,-116.1910508,-116.2216564,-116.32195,-116.1540997,-116.2610448,-116.2078795,-116.171538,-116.202894,-116.1322349,-116.3140766,-116.2610432,-116.069723,-116.3020825,-116.2330146,-116.3063828,-116.1743447,-116.3007286,-116.305672,-116.27027,-116.2692501,-116.2830959,-116.3192311,-116.1680331,-116.1857617,-116.153317,-116.1786617,-116.2137274,-116.1943893,-116.1696052,-116.2841691,-116.2102647,-116.159217,-116.140329,-116.1827547,-116.207153,-116.1564325,-116.236936,-116.222081,-116.1406764,-116.125789,-116.2333794,-116.228565,-116.314295,-116.223728,-116.189305,-116.1780806,-116.2077292,-116.208244,-116.2443622,-116.2372639,-116.3219028,-116.2134882,-116.1425104,-116.274251,-116.284287,-116.2287023,-116.18477,-116.2741747,-116.180993,-116.205531,-116.132874,-116.172557,-116.2123044,-116.195633,-116.2285497,-116.2217642,-116.2633144,-116.238387,-116.3472997,-116.1629067,-116.3268437,-116.1704825,-116.1633,-116.2344009,-116.2684177,-116.2130446,-116.293971,-116.3050215,-116.245916,-116.2743595,-116.1573813,-116.203326,-116.1335834,-116.22412,-116.098622,-116.1210522,-116.222835,-116.326042,-116.2309316,-116.2504264,-116.2709188,-116.183356,-116.247889,-116.1931448,-116.193697,-116.213678,-116.2536306,-116.033712,-116.2297304,-116.192158,-116.3342868,-116.1884035,-116.2085864,-116.191698,-116.2142557,-116.1982766,-116.203924,-116.2036778,-116.0986275,-116.2376974
70,Boise,Idaho,150994,138,Liberty park,Neighborhood,Open,Developed,Central Bench,Active Park,BOISE CITY (BOISE PARKS & RECREATION),8.42614837,GIS,520 N Liberty St,Classic,Liberty-Park,0.012824315,3.8e-06,520 N LIBERTY ST,Neighborhood,Liberty Park,43.6610652,43.6828866,43.679896,43.6605954,43.6104879,,43.6130114,43.6532929,43.6146316,43.5475988,43.6503693,43.617887,43.626294,43.6449789,43.6436012,43.638452,43.636504,43.6351477,43.6319851,43.6303104,43.626552,43.6248542,43.622819,43.6181311,43.6175837,43.616731,43.615077,43.616591,43.6144756,43.613066,43.6103798,43.610273,43.615726,43.6092033,43.614215,43.6151446,43.6144897,43.6052277,43.603333,43.6019085,43.604337,43.601044,43.5973645,43.5953347,43.6147002,43.5944027,43.5960863,43.5933122,43.590637,43.587635,43.5908829,43.5856801,43.5815,43.5883943,43.5783797,43.5774967,43.5772726,43.5880929,43.5734826,43.56389,43.5656557,43.6085474,43.6256985,43.61205,43.6338044,43.5600487,43.595756,43.6093837,43.468523,43.6899475,43.6574399,43.6554753,43.6019602,43.6521854,43.645009,43.6379565,43.6339837,43.6265791,43.6164788,43.6011568,43.5807801,43.563206,43.6147656,43.6187073,43.6112937,43.5824429,43.613342,43.6213324,43.573703,43.5751881,43.6116233,43.611803,43.5290362,43.6519645,43.615314,43.5732785,43.557425,43.6046661,43.610827,43.6153342,43.618824,43.613564,43.6236296,43.6265626,43.6329444,43.5898161,43.6384932,43.6483863,43.681303,43.5992087,43.568633,43.544704,43.626365,43.594577,43.5903778,43.632641,43.5931564,43.551804,43.585974,43.60454,43.620747,43.5947431,43.6688466,43.6555526,43.645532,43.5624883,43.6491983,43.6123158,43.5711014,43.6406514,43.6803871,43.6015064,43.599288,43.6157222,43.6018468,43.639151,43.5834967,43.647575,43.5707023,43.615799,43.552877,43.5689565,43.648724,43.633893,43.6183551,43.5926761,43.590282,43.586311,43.648962,43.6058354,43.5732588,43.5942341,43.6176437,43.635982,43.6129405,43.5734437,43.6194423,43.6023878,43.6122779,43.625927,43.620931,43.6173997,43.615751,43.6171003,43.5526915,43.6920387,-116.2135745,-116.2919211,-116.284887,-116.3456794,-116.2082807,-116.1799021,-116.2960007,-116.2145508,-116.1534075,-116.3544153,-116.2102005,-116.230735,-116.2466671,-116.2284526,-116.194785,-116.215855,-116.2234691,-116.3160828,-116.3243743,-116.268053,-116.1964928,-116.218515,-116.1940438,-116.2226005,-116.199126,-116.191985,-116.2201504,-116.2188586,-116.200583,-116.1898411,-116.208625,-116.2016517,-116.1729855,-116.203086,-116.2147125,-116.2123541,-116.1833698,-116.185561,-116.2149029,-116.321398,-116.337034,-116.2621912,-116.2387254,-116.1858868,-116.1633768,-116.2187273,-116.1777398,-116.184313,-116.198734,-116.2941272,-116.3312438,-116.248724,-116.1735301,-116.1571147,-116.2943564,-116.214027,-116.1910508,-116.2216564,-116.32195,-116.1540997,-116.2610448,-116.2078795,-116.171538,-116.202894,-116.1322349,-116.3140766,-116.2610432,-116.069723,-116.3020825,-116.2330146,-116.3063828,-116.1743447,-116.3007286,-116.305672,-116.27027,-116.2692501,-116.2830959,-116.3192311,-116.1680331,-116.1857617,-116.153317,-116.1786617,-116.2137274,-116.1943893,-116.1696052,-116.2841691,-116.2102647,-116.159217,-116.140329,-116.1827547,-116.207153,-116.1564325,-116.236936,-116.222081,-116.1406764,-116.125789,-116.2333794,-116.228565,-116.314295,-116.223728,-116.189305,-116.1780806,-116.2077292,-116.208244,-116.2443622,-116.2372639,-116.3219028,-116.2134882,-116.1425104,-116.274251,-116.284287,-116.2287023,-116.18477,-116.2741747,-116.180993,-116.205531,-116.132874,-116.172557,-116.2123044,-116.195633,-116.2285497,-116.2217642,-116.2633144,-116.238387,-116.3472997,-116.1629067,-116.3268437,-116.1704825,-116.1633,-116.2344009,-116.2684177,-116.2130446,-116.293971,-116.3050215,-116.245916,-116.2743595,-116.1573813,-116.203326,-116.1335834,-116.22412,-116.098622,-116.1210522,-116.222835,-116.326042,-116.2309316,-116.2504264,-116.2709188,-116.183356,-116.247889,-116.1931448,-116.193697,-116.213678,-116.2536306,-116.033712,-116.2297304,-116.192158,-116.3342868,-116.1884035,-116.2085864,-116.191698,-116.2142557,-116.1982766,-116.203924,-116.2036778,-116.0986275,-116.2376974
71,Boise,Idaho,150995,200,Bonneville monument park,Open space,Open,Undeveloped,Southeast,Historical/Cultural,BOISE CITY (BOISE PARKS & RECREATION),10.0,Ada County Database,E Blacks Creek Rd,Reserve,,0.00856037,4.48e-06,E BLACKS CREEK RD,Open Space,Bonneville Monument Park,43.6610652,43.6828866,43.679896,43.6605954,43.6104879,,43.6130114,43.6532929,43.6146316,43.5475988,43.6503693,43.617887,43.626294,43.6449789,43.6436012,43.638452,43.636504,43.6351477,43.6319851,43.6303104,43.626552,43.6248542,43.622819,43.6181311,43.6175837,43.616731,43.615077,43.616591,43.6144756,43.613066,43.6103798,43.610273,43.615726,43.6092033,43.614215,43.6151446,43.6144897,43.6052277,43.603333,43.6019085,43.604337,43.601044,43.5973645,43.5953347,43.6147002,43.5944027,43.5960863,43.5933122,43.590637,43.587635,43.5908829,43.5856801,43.5815,43.5883943,43.5783797,43.5774967,43.5772726,43.5880929,43.5734826,43.56389,43.5656557,43.6085474,43.6256985,43.61205,43.6338044,43.5600487,43.595756,43.6093837,43.468523,43.6899475,43.6574399,43.6554753,43.6019602,43.6521854,43.645009,43.6379565,43.6339837,43.6265791,43.6164788,43.6011568,43.5807801,43.563206,43.6147656,43.6187073,43.6112937,43.5824429,43.613342,43.6213324,43.573703,43.5751881,43.6116233,43.611803,43.5290362,43.6519645,43.615314,43.5732785,43.557425,43.6046661,43.610827,43.6153342,43.618824,43.613564,43.6236296,43.6265626,43.6329444,43.5898161,43.6384932,43.6483863,43.681303,43.5992087,43.568633,43.544704,43.626365,43.594577,43.5903778,43.632641,43.5931564,43.551804,43.585974,43.60454,43.620747,43.5947431,43.6688466,43.6555526,43.645532,43.5624883,43.6491983,43.6123158,43.5711014,43.6406514,43.6803871,43.6015064,43.599288,43.6157222,43.6018468,43.639151,43.5834967,43.647575,43.5707023,43.615799,43.552877,43.5689565,43.648724,43.633893,43.6183551,43.5926761,43.590282,43.586311,43.648962,43.6058354,43.5732588,43.5942341,43.6176437,43.635982,43.6129405,43.5734437,43.6194423,43.6023878,43.6122779,43.625927,43.620931,43.6173997,43.615751,43.6171003,43.5526915,43.6920387,-116.2135745,-116.2919211,-116.284887,-116.3456794,-116.2082807,-116.1799021,-116.2960007,-116.2145508,-116.1534075,-116.3544153,-116.2102005,-116.230735,-116.2466671,-116.2284526,-116.194785,-116.215855,-116.2234691,-116.3160828,-116.3243743,-116.268053,-116.1964928,-116.218515,-116.1940438,-116.2226005,-116.199126,-116.191985,-116.2201504,-116.2188586,-116.200583,-116.1898411,-116.208625,-116.2016517,-116.1729855,-116.203086,-116.2147125,-116.2123541,-116.1833698,-116.185561,-116.2149029,-116.321398,-116.337034,-116.2621912,-116.2387254,-116.1858868,-116.1633768,-116.2187273,-116.1777398,-116.184313,-116.198734,-116.2941272,-116.3312438,-116.248724,-116.1735301,-116.1571147,-116.2943564,-116.214027,-116.1910508,-116.2216564,-116.32195,-116.1540997,-116.2610448,-116.2078795,-116.171538,-116.202894,-116.1322349,-116.3140766,-116.2610432,-116.069723,-116.3020825,-116.2330146,-116.3063828,-116.1743447,-116.3007286,-116.305672,-116.27027,-116.2692501,-116.2830959,-116.3192311,-116.1680331,-116.1857617,-116.153317,-116.1786617,-116.2137274,-116.1943893,-116.1696052,-116.2841691,-116.2102647,-116.159217,-116.140329,-116.1827547,-116.207153,-116.1564325,-116.236936,-116.222081,-116.1406764,-116.125789,-116.2333794,-116.228565,-116.314295,-116.223728,-116.189305,-116.1780806,-116.2077292,-116.208244,-116.2443622,-116.2372639,-116.3219028,-116.2134882,-116.1425104,-116.274251,-116.284287,-116.2287023,-116.18477,-116.2741747,-116.180993,-116.205531,-116.132874,-116.172557,-116.2123044,-116.195633,-116.2285497,-116.2217642,-116.2633144,-116.238387,-116.3472997,-116.1629067,-116.3268437,-116.1704825,-116.1633,-116.2344009,-116.2684177,-116.2130446,-116.293971,-116.3050215,-116.245916,-116.2743595,-116.1573813,-116.203326,-116.1335834,-116.22412,-116.098622,-116.1210522,-116.222835,-116.326042,-116.2309316,-116.2504264,-116.2709188,-116.183356,-116.247889,-116.1931448,-116.193697,-116.213678,-116.2536306,-116.033712,-116.2297304,-116.192158,-116.3342868,-116.1884035,-116.2085864,-116.191698,-116.2142557,-116.1982766,-116.203924,-116.2036778,-116.0986275,-116.2376974
72,Boise,Idaho,150996,147,Optimist youth sports complex,Community,Open,Developed,North River,Special Use Area,BOISE CITY (BOISE PARKS & RECREATION),53.266999999999996,Ada County Database,9889 W Hill Rd,Classic,Optimist-Youth-Sports-Complex,0.026875918999999998,2.37e-05,9889 W HILL RD,Community,Optimist Youth Sports Complex,43.6610652,43.6828866,43.679896,43.6605954,43.6104879,,43.6130114,43.6532929,43.6146316,43.5475988,43.6503693,43.617887,43.626294,43.6449789,43.6436012,43.638452,43.636504,43.6351477,43.6319851,43.6303104,43.626552,43.6248542,43.622819,43.6181311,43.6175837,43.616731,43.615077,43.616591,43.6144756,43.613066,43.6103798,43.610273,43.615726,43.6092033,43.614215,43.6151446,43.6144897,43.6052277,43.603333,43.6019085,43.604337,43.601044,43.5973645,43.5953347,43.6147002,43.5944027,43.5960863,43.5933122,43.590637,43.587635,43.5908829,43.5856801,43.5815,43.5883943,43.5783797,43.5774967,43.5772726,43.5880929,43.5734826,43.56389,43.5656557,43.6085474,43.6256985,43.61205,43.6338044,43.5600487,43.595756,43.6093837,43.468523,43.6899475,43.6574399,43.6554753,43.6019602,43.6521854,43.645009,43.6379565,43.6339837,43.6265791,43.6164788,43.6011568,43.5807801,43.563206,43.6147656,43.6187073,43.6112937,43.5824429,43.613342,43.6213324,43.573703,43.5751881,43.6116233,43.611803,43.5290362,43.6519645,43.615314,43.5732785,43.557425,43.6046661,43.610827,43.6153342,43.618824,43.613564,43.6236296,43.6265626,43.6329444,43.5898161,43.6384932,43.6483863,43.681303,43.5992087,43.568633,43.544704,43.626365,43.594577,43.5903778,43.632641,43.5931564,43.551804,43.585974,43.60454,43.620747,43.5947431,43.6688466,43.6555526,43.645532,43.5624883,43.6491983,43.6123158,43.5711014,43.6406514,43.6803871,43.6015064,43.599288,43.6157222,43.6018468,43.639151,43.5834967,43.647575,43.5707023,43.615799,43.552877,43.5689565,43.648724,43.633893,43.6183551,43.5926761,43.590282,43.586311,43.648962,43.6058354,43.5732588,43.5942341,43.6176437,43.635982,43.6129405,43.5734437,43.6194423,43.6023878,43.6122779,43.625927,43.620931,43.6173997,43.615751,43.6171003,43.5526915,43.6920387,-116.2135745,-116.2919211,-116.284887,-116.3456794,-116.2082807,-116.1799021,-116.2960007,-116.2145508,-116.1534075,-116.3544153,-116.2102005,-116.230735,-116.2466671,-116.2284526,-116.194785,-116.215855,-116.2234691,-116.3160828,-116.3243743,-116.268053,-116.1964928,-116.218515,-116.1940438,-116.2226005,-116.199126,-116.191985,-116.2201504,-116.2188586,-116.200583,-116.1898411,-116.208625,-116.2016517,-116.1729855,-116.203086,-116.2147125,-116.2123541,-116.1833698,-116.185561,-116.2149029,-116.321398,-116.337034,-116.2621912,-116.2387254,-116.1858868,-116.1633768,-116.2187273,-116.1777398,-116.184313,-116.198734,-116.2941272,-116.3312438,-116.248724,-116.1735301,-116.1571147,-116.2943564,-116.214027,-116.1910508,-116.2216564,-116.32195,-116.1540997,-116.2610448,-116.2078795,-116.171538,-116.202894,-116.1322349,-116.3140766,-116.2610432,-116.069723,-116.3020825,-116.2330146,-116.3063828,-116.1743447,-116.3007286,-116.305672,-116.27027,-116.2692501,-116.2830959,-116.3192311,-116.1680331,-116.1857617,-116.153317,-116.1786617,-116.2137274,-116.1943893,-116.1696052,-116.2841691,-116.2102647,-116.159217,-116.140329,-116.1827547,-116.207153,-116.1564325,-116.236936,-116.222081,-116.1406764,-116.125789,-116.2333794,-116.228565,-116.314295,-116.223728,-116.189305,-116.1780806,-116.2077292,-116.208244,-116.2443622,-116.2372639,-116.3219028,-116.2134882,-116.1425104,-116.274251,-116.284287,-116.2287023,-116.18477,-116.2741747,-116.180993,-116.205531,-116.132874,-116.172557,-116.2123044,-116.195633,-116.2285497,-116.2217642,-116.2633144,-116.238387,-116.3472997,-116.1629067,-116.3268437,-116.1704825,-116.1633,-116.2344009,-116.2684177,-116.2130446,-116.293971,-116.3050215,-116.245916,-116.2743595,-116.1573813,-116.203326,-116.1335834,-116.22412,-116.098622,-116.1210522,-116.222835,-116.326042,-116.2309316,-116.2504264,-116.2709188,-116.183356,-116.247889,-116.1931448,-116.193697,-116.213678,-116.2536306,-116.033712,-116.2297304,-116.192158,-116.3342868,-116.1884035,-116.2085864,-116.191698,-116.2142557,-116.1982766,-116.203924,-116.2036778,-116.0986275,-116.2376974
73,Boise,Idaho,150997,129,Hillside park,Community,Open,Developed,North River,Active Park,BOISE INDEPENDENT SCHOOL DISTRICT,10.97575136,GIS,4150 N 36th St,Classic,Hillside-Park,0.011804387,4.95e-06,4150 N 36TH ST,Community,Hillside Park,43.6610652,43.6828866,43.679896,43.6605954,43.6104879,,43.6130114,43.6532929,43.6146316,43.5475988,43.6503693,43.617887,43.626294,43.6449789,43.6436012,43.638452,43.636504,43.6351477,43.6319851,43.6303104,43.626552,43.6248542,43.622819,43.6181311,43.6175837,43.616731,43.615077,43.616591,43.6144756,43.613066,43.6103798,43.610273,43.615726,43.6092033,43.614215,43.6151446,43.6144897,43.6052277,43.603333,43.6019085,43.604337,43.601044,43.5973645,43.5953347,43.6147002,43.5944027,43.5960863,43.5933122,43.590637,43.587635,43.5908829,43.5856801,43.5815,43.5883943,43.5783797,43.5774967,43.5772726,43.5880929,43.5734826,43.56389,43.5656557,43.6085474,43.6256985,43.61205,43.6338044,43.5600487,43.595756,43.6093837,43.468523,43.6899475,43.6574399,43.6554753,43.6019602,43.6521854,43.645009,43.6379565,43.6339837,43.6265791,43.6164788,43.6011568,43.5807801,43.563206,43.6147656,43.6187073,43.6112937,43.5824429,43.613342,43.6213324,43.573703,43.5751881,43.6116233,43.611803,43.5290362,43.6519645,43.615314,43.5732785,43.557425,43.6046661,43.610827,43.6153342,43.618824,43.613564,43.6236296,43.6265626,43.6329444,43.5898161,43.6384932,43.6483863,43.681303,43.5992087,43.568633,43.544704,43.626365,43.594577,43.5903778,43.632641,43.5931564,43.551804,43.585974,43.60454,43.620747,43.5947431,43.6688466,43.6555526,43.645532,43.5624883,43.6491983,43.6123158,43.5711014,43.6406514,43.6803871,43.6015064,43.599288,43.6157222,43.6018468,43.639151,43.5834967,43.647575,43.5707023,43.615799,43.552877,43.5689565,43.648724,43.633893,43.6183551,43.5926761,43.590282,43.586311,43.648962,43.6058354,43.5732588,43.5942341,43.6176437,43.635982,43.6129405,43.5734437,43.6194423,43.6023878,43.6122779,43.625927,43.620931,43.6173997,43.615751,43.6171003,43.5526915,43.6920387,-116.2135745,-116.2919211,-116.284887,-116.3456794,-116.2082807,-116.1799021,-116.2960007,-116.2145508,-116.1534075,-116.3544153,-116.2102005,-116.230735,-116.2466671,-116.2284526,-116.194785,-116.215855,-116.2234691,-116.3160828,-116.3243743,-116.268053,-116.1964928,-116.218515,-116.1940438,-116.2226005,-116.199126,-116.191985,-116.2201504,-116.2188586,-116.200583,-116.1898411,-116.208625,-116.2016517,-116.1729855,-116.203086,-116.2147125,-116.2123541,-116.1833698,-116.185561,-116.2149029,-116.321398,-116.337034,-116.2621912,-116.2387254,-116.1858868,-116.1633768,-116.2187273,-116.1777398,-116.184313,-116.198734,-116.2941272,-116.3312438,-116.248724,-116.1735301,-116.1571147,-116.2943564,-116.214027,-116.1910508,-116.2216564,-116.32195,-116.1540997,-116.2610448,-116.2078795,-116.171538,-116.202894,-116.1322349,-116.3140766,-116.2610432,-116.069723,-116.3020825,-116.2330146,-116.3063828,-116.1743447,-116.3007286,-116.305672,-116.27027,-116.2692501,-116.2830959,-116.3192311,-116.1680331,-116.1857617,-116.153317,-116.1786617,-116.2137274,-116.1943893,-116.1696052,-116.2841691,-116.2102647,-116.159217,-116.140329,-116.1827547,-116.207153,-116.1564325,-116.236936,-116.222081,-116.1406764,-116.125789,-116.2333794,-116.228565,-116.314295,-116.223728,-116.189305,-116.1780806,-116.2077292,-116.208244,-116.2443622,-116.2372639,-116.3219028,-116.2134882,-116.1425104,-116.274251,-116.284287,-116.2287023,-116.18477,-116.2741747,-116.180993,-116.205531,-116.132874,-116.172557,-116.2123044,-116.195633,-116.2285497,-116.2217642,-116.2633144,-116.238387,-116.3472997,-116.1629067,-116.3268437,-116.1704825,-116.1633,-116.2344009,-116.2684177,-116.2130446,-116.293971,-116.3050215,-116.245916,-116.2743595,-116.1573813,-116.203326,-116.1335834,-116.22412,-116.098622,-116.1210522,-116.222835,-116.326042,-116.2309316,-116.2504264,-116.2709188,-116.183356,-116.247889,-116.1931448,-116.193697,-116.213678,-116.2536306,-116.033712,-116.2297304,-116.192158,-116.3342868,-116.1884035,-116.2085864,-116.191698,-116.2142557,-116.1982766,-116.203924,-116.2036778,-116.0986275,-116.2376974
74,Boise,Idaho,150998,162,Skyline park,Mini,Open,Developed,West Bench,Active Park,BOISE CITY (BOISE PARKS & RECREATION),1.614,Ada County Database,9939 W Skycliffe Ave,Classic,Skyline-Park,0.005460075,7.28e-07,9939 W SKYCLIFFE AVE,Mini,Skyline Park,43.6610652,43.6828866,43.679896,43.6605954,43.6104879,,43.6130114,43.6532929,43.6146316,43.5475988,43.6503693,43.617887,43.626294,43.6449789,43.6436012,43.638452,43.636504,43.6351477,43.6319851,43.6303104,43.626552,43.6248542,43.622819,43.6181311,43.6175837,43.616731,43.615077,43.616591,43.6144756,43.613066,43.6103798,43.610273,43.615726,43.6092033,43.614215,43.6151446,43.6144897,43.6052277,43.603333,43.6019085,43.604337,43.601044,43.5973645,43.5953347,43.6147002,43.5944027,43.5960863,43.5933122,43.590637,43.587635,43.5908829,43.5856801,43.5815,43.5883943,43.5783797,43.5774967,43.5772726,43.5880929,43.5734826,43.56389,43.5656557,43.6085474,43.6256985,43.61205,43.6338044,43.5600487,43.595756,43.6093837,43.468523,43.6899475,43.6574399,43.6554753,43.6019602,43.6521854,43.645009,43.6379565,43.6339837,43.6265791,43.6164788,43.6011568,43.5807801,43.563206,43.6147656,43.6187073,43.6112937,43.5824429,43.613342,43.6213324,43.573703,43.5751881,43.6116233,43.611803,43.5290362,43.6519645,43.615314,43.5732785,43.557425,43.6046661,43.610827,43.6153342,43.618824,43.613564,43.6236296,43.6265626,43.6329444,43.5898161,43.6384932,43.6483863,43.681303,43.5992087,43.568633,43.544704,43.626365,43.594577,43.5903778,43.632641,43.5931564,43.551804,43.585974,43.60454,43.620747,43.5947431,43.6688466,43.6555526,43.645532,43.5624883,43.6491983,43.6123158,43.5711014,43.6406514,43.6803871,43.6015064,43.599288,43.6157222,43.6018468,43.639151,43.5834967,43.647575,43.5707023,43.615799,43.552877,43.5689565,43.648724,43.633893,43.6183551,43.5926761,43.590282,43.586311,43.648962,43.6058354,43.5732588,43.5942341,43.6176437,43.635982,43.6129405,43.5734437,43.6194423,43.6023878,43.6122779,43.625927,43.620931,43.6173997,43.615751,43.6171003,43.5526915,43.6920387,-116.2135745,-116.2919211,-116.284887,-116.3456794,-116.2082807,-116.1799021,-116.2960007,-116.2145508,-116.1534075,-116.3544153,-116.2102005,-116.230735,-116.2466671,-116.2284526,-116.194785,-116.215855,-116.2234691,-116.3160828,-116.3243743,-116.268053,-116.1964928,-116.218515,-116.1940438,-116.2226005,-116.199126,-116.191985,-116.2201504,-116.2188586,-116.200583,-116.1898411,-116.208625,-116.2016517,-116.1729855,-116.203086,-116.2147125,-116.2123541,-116.1833698,-116.185561,-116.2149029,-116.321398,-116.337034,-116.2621912,-116.2387254,-116.1858868,-116.1633768,-116.2187273,-116.1777398,-116.184313,-116.198734,-116.2941272,-116.3312438,-116.248724,-116.1735301,-116.1571147,-116.2943564,-116.214027,-116.1910508,-116.2216564,-116.32195,-116.1540997,-116.2610448,-116.2078795,-116.171538,-116.202894,-116.1322349,-116.3140766,-116.2610432,-116.069723,-116.3020825,-116.2330146,-116.3063828,-116.1743447,-116.3007286,-116.305672,-116.27027,-116.2692501,-116.2830959,-116.3192311,-116.1680331,-116.1857617,-116.153317,-116.1786617,-116.2137274,-116.1943893,-116.1696052,-116.2841691,-116.2102647,-116.159217,-116.140329,-116.1827547,-116.207153,-116.1564325,-116.236936,-116.222081,-116.1406764,-116.125789,-116.2333794,-116.228565,-116.314295,-116.223728,-116.189305,-116.1780806,-116.2077292,-116.208244,-116.2443622,-116.2372639,-116.3219028,-116.2134882,-116.1425104,-116.274251,-116.284287,-116.2287023,-116.18477,-116.2741747,-116.180993,-116.205531,-116.132874,-116.172557,-116.2123044,-116.195633,-116.2285497,-116.2217642,-116.2633144,-116.238387,-116.3472997,-116.1629067,-116.3268437,-116.1704825,-116.1633,-116.2344009,-116.2684177,-116.2130446,-116.293971,-116.3050215,-116.245916,-116.2743595,-116.1573813,-116.203326,-116.1335834,-116.22412,-116.098622,-116.1210522,-116.222835,-116.326042,-116.2309316,-116.2504264,-116.2709188,-116.183356,-116.247889,-116.1931448,-116.193697,-116.213678,-116.2536306,-116.033712,-116.2297304,-116.192158,-116.3342868,-116.1884035,-116.2085864,-116.191698,-116.2142557,-116.1982766,-116.203924,-116.2036778,-116.0986275,-116.2376974
75,Boise,Idaho,151000,280,Natatorium pool and hydrotube,Special use,Open,Developed,North River,Active Park,BOISE CITY,2.31449447,GIS,1811 E Warm Springs Ave,Not Classic,Natatorium-Pool-and-Hydrotube,0.005483288,1.04e-06,1811 E WARM SPRINGS AVE,Special Use,Natatorium Pool and Hydrotube,43.6610652,43.6828866,43.679896,43.6605954,43.6104879,,43.6130114,43.6532929,43.6146316,43.5475988,43.6503693,43.617887,43.626294,43.6449789,43.6436012,43.638452,43.636504,43.6351477,43.6319851,43.6303104,43.626552,43.6248542,43.622819,43.6181311,43.6175837,43.616731,43.615077,43.616591,43.6144756,43.613066,43.6103798,43.610273,43.615726,43.6092033,43.614215,43.6151446,43.6144897,43.6052277,43.603333,43.6019085,43.604337,43.601044,43.5973645,43.5953347,43.6147002,43.5944027,43.5960863,43.5933122,43.590637,43.587635,43.5908829,43.5856801,43.5815,43.5883943,43.5783797,43.5774967,43.5772726,43.5880929,43.5734826,43.56389,43.5656557,43.6085474,43.6256985,43.61205,43.6338044,43.5600487,43.595756,43.6093837,43.468523,43.6899475,43.6574399,43.6554753,43.6019602,43.6521854,43.645009,43.6379565,43.6339837,43.6265791,43.6164788,43.6011568,43.5807801,43.563206,43.6147656,43.6187073,43.6112937,43.5824429,43.613342,43.6213324,43.573703,43.5751881,43.6116233,43.611803,43.5290362,43.6519645,43.615314,43.5732785,43.557425,43.6046661,43.610827,43.6153342,43.618824,43.613564,43.6236296,43.6265626,43.6329444,43.5898161,43.6384932,43.6483863,43.681303,43.5992087,43.568633,43.544704,43.626365,43.594577,43.5903778,43.632641,43.5931564,43.551804,43.585974,43.60454,43.620747,43.5947431,43.6688466,43.6555526,43.645532,43.5624883,43.6491983,43.6123158,43.5711014,43.6406514,43.6803871,43.6015064,43.599288,43.6157222,43.6018468,43.639151,43.5834967,43.647575,43.5707023,43.615799,43.552877,43.5689565,43.648724,43.633893,43.6183551,43.5926761,43.590282,43.586311,43.648962,43.6058354,43.5732588,43.5942341,43.6176437,43.635982,43.6129405,43.5734437,43.6194423,43.6023878,43.6122779,43.625927,43.620931,43.6173997,43.615751,43.6171003,43.5526915,43.6920387,-116.2135745,-116.2919211,-116.284887,-116.3456794,-116.2082807,-116.1799021,-116.2960007,-116.2145508,-116.1534075,-116.3544153,-116.2102005,-116.230735,-116.2466671,-116.2284526,-116.194785,-116.215855,-116.2234691,-116.3160828,-116.3243743,-116.268053,-116.1964928,-116.218515,-116.1940438,-116.2226005,-116.199126,-116.191985,-116.2201504,-116.2188586,-116.200583,-116.1898411,-116.208625,-116.2016517,-116.1729855,-116.203086,-116.2147125,-116.2123541,-116.1833698,-116.185561,-116.2149029,-116.321398,-116.337034,-116.2621912,-116.2387254,-116.1858868,-116.1633768,-116.2187273,-116.1777398,-116.184313,-116.198734,-116.2941272,-116.3312438,-116.248724,-116.1735301,-116.1571147,-116.2943564,-116.214027,-116.1910508,-116.2216564,-116.32195,-116.1540997,-116.2610448,-116.2078795,-116.171538,-116.202894,-116.1322349,-116.3140766,-116.2610432,-116.069723,-116.3020825,-116.2330146,-116.3063828,-116.1743447,-116.3007286,-116.305672,-116.27027,-116.2692501,-116.2830959,-116.3192311,-116.1680331,-116.1857617,-116.153317,-116.1786617,-116.2137274,-116.1943893,-116.1696052,-116.2841691,-116.2102647,-116.159217,-116.140329,-116.1827547,-116.207153,-116.1564325,-116.236936,-116.222081,-116.1406764,-116.125789,-116.2333794,-116.228565,-116.314295,-116.223728,-116.189305,-116.1780806,-116.2077292,-116.208244,-116.2443622,-116.2372639,-116.3219028,-116.2134882,-116.1425104,-116.274251,-116.284287,-116.2287023,-116.18477,-116.2741747,-116.180993,-116.205531,-116.132874,-116.172557,-116.2123044,-116.195633,-116.2285497,-116.2217642,-116.2633144,-116.238387,-116.3472997,-116.1629067,-116.3268437,-116.1704825,-116.1633,-116.2344009,-116.2684177,-116.2130446,-116.293971,-116.3050215,-116.245916,-116.2743595,-116.1573813,-116.203326,-116.1335834,-116.22412,-116.098622,-116.1210522,-116.222835,-116.326042,-116.2309316,-116.2504264,-116.2709188,-116.183356,-116.247889,-116.1931448,-116.193697,-116.213678,-116.2536306,-116.033712,-116.2297304,-116.192158,-116.3342868,-116.1884035,-116.2085864,-116.191698,-116.2142557,-116.1982766,-116.203924,-116.2036778,-116.0986275,-116.2376974
76,Boise,Idaho,151001,146,Nottingham park,Mini,Open,Developed,West Bench,Active Park,BOISE CITY (BOISE PARKS & RECREATION),2.147,Ada County Database,5243 N Decatur Dr,Classic,Nottingham-Park,0.004554327,9.69e-07,5243 N DECATUR DR,Mini,Nottingham Park,43.6610652,43.6828866,43.679896,43.6605954,43.6104879,,43.6130114,43.6532929,43.6146316,43.5475988,43.6503693,43.617887,43.626294,43.6449789,43.6436012,43.638452,43.636504,43.6351477,43.6319851,43.6303104,43.626552,43.6248542,43.622819,43.6181311,43.6175837,43.616731,43.615077,43.616591,43.6144756,43.613066,43.6103798,43.610273,43.615726,43.6092033,43.614215,43.6151446,43.6144897,43.6052277,43.603333,43.6019085,43.604337,43.601044,43.5973645,43.5953347,43.6147002,43.5944027,43.5960863,43.5933122,43.590637,43.587635,43.5908829,43.5856801,43.5815,43.5883943,43.5783797,43.5774967,43.5772726,43.5880929,43.5734826,43.56389,43.5656557,43.6085474,43.6256985,43.61205,43.6338044,43.5600487,43.595756,43.6093837,43.468523,43.6899475,43.6574399,43.6554753,43.6019602,43.6521854,43.645009,43.6379565,43.6339837,43.6265791,43.6164788,43.6011568,43.5807801,43.563206,43.6147656,43.6187073,43.6112937,43.5824429,43.613342,43.6213324,43.573703,43.5751881,43.6116233,43.611803,43.5290362,43.6519645,43.615314,43.5732785,43.557425,43.6046661,43.610827,43.6153342,43.618824,43.613564,43.6236296,43.6265626,43.6329444,43.5898161,43.6384932,43.6483863,43.681303,43.5992087,43.568633,43.544704,43.626365,43.594577,43.5903778,43.632641,43.5931564,43.551804,43.585974,43.60454,43.620747,43.5947431,43.6688466,43.6555526,43.645532,43.5624883,43.6491983,43.6123158,43.5711014,43.6406514,43.6803871,43.6015064,43.599288,43.6157222,43.6018468,43.639151,43.5834967,43.647575,43.5707023,43.615799,43.552877,43.5689565,43.648724,43.633893,43.6183551,43.5926761,43.590282,43.586311,43.648962,43.6058354,43.5732588,43.5942341,43.6176437,43.635982,43.6129405,43.5734437,43.6194423,43.6023878,43.6122779,43.625927,43.620931,43.6173997,43.615751,43.6171003,43.5526915,43.6920387,-116.2135745,-116.2919211,-116.284887,-116.3456794,-116.2082807,-116.1799021,-116.2960007,-116.2145508,-116.1534075,-116.3544153,-116.2102005,-116.230735,-116.2466671,-116.2284526,-116.194785,-116.215855,-116.2234691,-116.3160828,-116.3243743,-116.268053,-116.1964928,-116.218515,-116.1940438,-116.2226005,-116.199126,-116.191985,-116.2201504,-116.2188586,-116.200583,-116.1898411,-116.208625,-116.2016517,-116.1729855,-116.203086,-116.2147125,-116.2123541,-116.1833698,-116.185561,-116.2149029,-116.321398,-116.337034,-116.2621912,-116.2387254,-116.1858868,-116.1633768,-116.2187273,-116.1777398,-116.184313,-116.198734,-116.2941272,-116.3312438,-116.248724,-116.1735301,-116.1571147,-116.2943564,-116.214027,-116.1910508,-116.2216564,-116.32195,-116.1540997,-116.2610448,-116.2078795,-116.171538,-116.202894,-116.1322349,-116.3140766,-116.2610432,-116.069723,-116.3020825,-116.2330146,-116.3063828,-116.1743447,-116.3007286,-116.305672,-116.27027,-116.2692501,-116.2830959,-116.3192311,-116.1680331,-116.1857617,-116.153317,-116.1786617,-116.2137274,-116.1943893,-116.1696052,-116.2841691,-116.2102647,-116.159217,-116.140329,-116.1827547,-116.207153,-116.1564325,-116.236936,-116.222081,-116.1406764,-116.125789,-116.2333794,-116.228565,-116.314295,-116.223728,-116.189305,-116.1780806,-116.2077292,-116.208244,-116.2443622,-116.2372639,-116.3219028,-116.2134882,-116.1425104,-116.274251,-116.284287,-116.2287023,-116.18477,-116.2741747,-116.180993,-116.205531,-116.132874,-116.172557,-116.2123044,-116.195633,-116.2285497,-116.2217642,-116.2633144,-116.238387,-116.3472997,-116.1629067,-116.3268437,-116.1704825,-116.1633,-116.2344009,-116.2684177,-116.2130446,-116.293971,-116.3050215,-116.245916,-116.2743595,-116.1573813,-116.203326,-116.1335834,-116.22412,-116.098622,-116.1210522,-116.222835,-116.326042,-116.2309316,-116.2504264,-116.2709188,-116.183356,-116.247889,-116.1931448,-116.193697,-116.213678,-116.2536306,-116.033712,-116.2297304,-116.192158,-116.3342868,-116.1884035,-116.2085864,-116.191698,-116.2142557,-116.1982766,-116.203924,-116.2036778,-116.0986275,-116.2376974
77,Boise,Idaho,151002,135,Jullion park,Neighborhood,Open,Developed,West Bench,Active Park,BOISE CITY (BOISE PARKS & RECREATION),9.38,Ada County Database,3901 N Jullion Way,Classic,Jullion-Park,0.028738209,4.44e-06,3901 N JULLION WAY,Neighborhood,Jullion Park,43.6610652,43.6828866,43.679896,43.6605954,43.6104879,,43.6130114,43.6532929,43.6146316,43.5475988,43.6503693,43.617887,43.626294,43.6449789,43.6436012,43.638452,43.636504,43.6351477,43.6319851,43.6303104,43.626552,43.6248542,43.622819,43.6181311,43.6175837,43.616731,43.615077,43.616591,43.6144756,43.613066,43.6103798,43.610273,43.615726,43.6092033,43.614215,43.6151446,43.6144897,43.6052277,43.603333,43.6019085,43.604337,43.601044,43.5973645,43.5953347,43.6147002,43.5944027,43.5960863,43.5933122,43.590637,43.587635,43.5908829,43.5856801,43.5815,43.5883943,43.5783797,43.5774967,43.5772726,43.5880929,43.5734826,43.56389,43.5656557,43.6085474,43.6256985,43.61205,43.6338044,43.5600487,43.595756,43.6093837,43.468523,43.6899475,43.6574399,43.6554753,43.6019602,43.6521854,43.645009,43.6379565,43.6339837,43.6265791,43.6164788,43.6011568,43.5807801,43.563206,43.6147656,43.6187073,43.6112937,43.5824429,43.613342,43.6213324,43.573703,43.5751881,43.6116233,43.611803,43.5290362,43.6519645,43.615314,43.5732785,43.557425,43.6046661,43.610827,43.6153342,43.618824,43.613564,43.6236296,43.6265626,43.6329444,43.5898161,43.6384932,43.6483863,43.681303,43.5992087,43.568633,43.544704,43.626365,43.594577,43.5903778,43.632641,43.5931564,43.551804,43.585974,43.60454,43.620747,43.5947431,43.6688466,43.6555526,43.645532,43.5624883,43.6491983,43.6123158,43.5711014,43.6406514,43.6803871,43.6015064,43.599288,43.6157222,43.6018468,43.639151,43.5834967,43.647575,43.5707023,43.615799,43.552877,43.5689565,43.648724,43.633893,43.6183551,43.5926761,43.590282,43.586311,43.648962,43.6058354,43.5732588,43.5942341,43.6176437,43.635982,43.6129405,43.5734437,43.6194423,43.6023878,43.6122779,43.625927,43.620931,43.6173997,43.615751,43.6171003,43.5526915,43.6920387,-116.2135745,-116.2919211,-116.284887,-116.3456794,-116.2082807,-116.1799021,-116.2960007,-116.2145508,-116.1534075,-116.3544153,-116.2102005,-116.230735,-116.2466671,-116.2284526,-116.194785,-116.215855,-116.2234691,-116.3160828,-116.3243743,-116.268053,-116.1964928,-116.218515,-116.1940438,-116.2226005,-116.199126,-116.191985,-116.2201504,-116.2188586,-116.200583,-116.1898411,-116.208625,-116.2016517,-116.1729855,-116.203086,-116.2147125,-116.2123541,-116.1833698,-116.185561,-116.2149029,-116.321398,-116.337034,-116.2621912,-116.2387254,-116.1858868,-116.1633768,-116.2187273,-116.1777398,-116.184313,-116.198734,-116.2941272,-116.3312438,-116.248724,-116.1735301,-116.1571147,-116.2943564,-116.214027,-116.1910508,-116.2216564,-116.32195,-116.1540997,-116.2610448,-116.2078795,-116.171538,-116.202894,-116.1322349,-116.3140766,-116.2610432,-116.069723,-116.3020825,-116.2330146,-116.3063828,-116.1743447,-116.3007286,-116.305672,-116.27027,-116.2692501,-116.2830959,-116.3192311,-116.1680331,-116.1857617,-116.153317,-116.1786617,-116.2137274,-116.1943893,-116.1696052,-116.2841691,-116.2102647,-116.159217,-116.140329,-116.1827547,-116.207153,-116.1564325,-116.236936,-116.222081,-116.1406764,-116.125789,-116.2333794,-116.228565,-116.314295,-116.223728,-116.189305,-116.1780806,-116.2077292,-116.208244,-116.2443622,-116.2372639,-116.3219028,-116.2134882,-116.1425104,-116.274251,-116.284287,-116.2287023,-116.18477,-116.2741747,-116.180993,-116.205531,-116.132874,-116.172557,-116.2123044,-116.195633,-116.2285497,-116.2217642,-116.2633144,-116.238387,-116.3472997,-116.1629067,-116.3268437,-116.1704825,-116.1633,-116.2344009,-116.2684177,-116.2130446,-116.293971,-116.3050215,-116.245916,-116.2743595,-116.1573813,-116.203326,-116.1335834,-116.22412,-116.098622,-116.1210522,-116.222835,-116.326042,-116.2309316,-116.2504264,-116.2709188,-116.183356,-116.247889,-116.1931448,-116.193697,-116.213678,-116.2536306,-116.033712,-116.2297304,-116.192158,-116.3342868,-116.1884035,-116.2085864,-116.191698,-116.2142557,-116.1982766,-116.203924,-116.2036778,-116.0986275,-116.2376974
78,Boise,Idaho,151003,169,West moreland park,Mini,Open,Undeveloped,West Bench,Passive Park,BOISE CITY (BOISE PARKS & RECREATION),0.26,Ada County Database,N Cabarton Ln,Not Classic,,0.001442747,1.1900000000000001e-07,N CABARTON LN,Mini,West Moreland Park,43.6610652,43.6828866,43.679896,43.6605954,43.6104879,,43.6130114,43.6532929,43.6146316,43.5475988,43.6503693,43.617887,43.626294,43.6449789,43.6436012,43.638452,43.636504,43.6351477,43.6319851,43.6303104,43.626552,43.6248542,43.622819,43.6181311,43.6175837,43.616731,43.615077,43.616591,43.6144756,43.613066,43.6103798,43.610273,43.615726,43.6092033,43.614215,43.6151446,43.6144897,43.6052277,43.603333,43.6019085,43.604337,43.601044,43.5973645,43.5953347,43.6147002,43.5944027,43.5960863,43.5933122,43.590637,43.587635,43.5908829,43.5856801,43.5815,43.5883943,43.5783797,43.5774967,43.5772726,43.5880929,43.5734826,43.56389,43.5656557,43.6085474,43.6256985,43.61205,43.6338044,43.5600487,43.595756,43.6093837,43.468523,43.6899475,43.6574399,43.6554753,43.6019602,43.6521854,43.645009,43.6379565,43.6339837,43.6265791,43.6164788,43.6011568,43.5807801,43.563206,43.6147656,43.6187073,43.6112937,43.5824429,43.613342,43.6213324,43.573703,43.5751881,43.6116233,43.611803,43.5290362,43.6519645,43.615314,43.5732785,43.557425,43.6046661,43.610827,43.6153342,43.618824,43.613564,43.6236296,43.6265626,43.6329444,43.5898161,43.6384932,43.6483863,43.681303,43.5992087,43.568633,43.544704,43.626365,43.594577,43.5903778,43.632641,43.5931564,43.551804,43.585974,43.60454,43.620747,43.5947431,43.6688466,43.6555526,43.645532,43.5624883,43.6491983,43.6123158,43.5711014,43.6406514,43.6803871,43.6015064,43.599288,43.6157222,43.6018468,43.639151,43.5834967,43.647575,43.5707023,43.615799,43.552877,43.5689565,43.648724,43.633893,43.6183551,43.5926761,43.590282,43.586311,43.648962,43.6058354,43.5732588,43.5942341,43.6176437,43.635982,43.6129405,43.5734437,43.6194423,43.6023878,43.6122779,43.625927,43.620931,43.6173997,43.615751,43.6171003,43.5526915,43.6920387,-116.2135745,-116.2919211,-116.284887,-116.3456794,-116.2082807,-116.1799021,-116.2960007,-116.2145508,-116.1534075,-116.3544153,-116.2102005,-116.230735,-116.2466671,-116.2284526,-116.194785,-116.215855,-116.2234691,-116.3160828,-116.3243743,-116.268053,-116.1964928,-116.218515,-116.1940438,-116.2226005,-116.199126,-116.191985,-116.2201504,-116.2188586,-116.200583,-116.1898411,-116.208625,-116.2016517,-116.1729855,-116.203086,-116.2147125,-116.2123541,-116.1833698,-116.185561,-116.2149029,-116.321398,-116.337034,-116.2621912,-116.2387254,-116.1858868,-116.1633768,-116.2187273,-116.1777398,-116.184313,-116.198734,-116.2941272,-116.3312438,-116.248724,-116.1735301,-116.1571147,-116.2943564,-116.214027,-116.1910508,-116.2216564,-116.32195,-116.1540997,-116.2610448,-116.2078795,-116.171538,-116.202894,-116.1322349,-116.3140766,-116.2610432,-116.069723,-116.3020825,-116.2330146,-116.3063828,-116.1743447,-116.3007286,-116.305672,-116.27027,-116.2692501,-116.2830959,-116.3192311,-116.1680331,-116.1857617,-116.153317,-116.1786617,-116.2137274,-116.1943893,-116.1696052,-116.2841691,-116.2102647,-116.159217,-116.140329,-116.1827547,-116.207153,-116.1564325,-116.236936,-116.222081,-116.1406764,-116.125789,-116.2333794,-116.228565,-116.314295,-116.223728,-116.189305,-116.1780806,-116.2077292,-116.208244,-116.2443622,-116.2372639,-116.3219028,-116.2134882,-116.1425104,-116.274251,-116.284287,-116.2287023,-116.18477,-116.2741747,-116.180993,-116.205531,-116.132874,-116.172557,-116.2123044,-116.195633,-116.2285497,-116.2217642,-116.2633144,-116.238387,-116.3472997,-116.1629067,-116.3268437,-116.1704825,-116.1633,-116.2344009,-116.2684177,-116.2130446,-116.293971,-116.3050215,-116.245916,-116.2743595,-116.1573813,-116.203326,-116.1335834,-116.22412,-116.098622,-116.1210522,-116.222835,-116.326042,-116.2309316,-116.2504264,-116.2709188,-116.183356,-116.247889,-116.1931448,-116.193697,-116.213678,-116.2536306,-116.033712,-116.2297304,-116.192158,-116.3342868,-116.1884035,-116.2085864,-116.191698,-116.2142557,-116.1982766,-116.203924,-116.2036778,-116.0986275,-116.2376974
79,Boise,Idaho,151004,144,Mountain view park,Neighborhood,Open,Developed,West Bench,Active Park,BOISE CITY (BOISE PARKS & RECREATION),8.677296499999999,GIS,7006 W Ustick Rd,Classic,Mountain-View-Park,0.011808892,3.92e-06,7006 W USTICK RD,Neighborhood,Mountain View Park,43.6610652,43.6828866,43.679896,43.6605954,43.6104879,,43.6130114,43.6532929,43.6146316,43.5475988,43.6503693,43.617887,43.626294,43.6449789,43.6436012,43.638452,43.636504,43.6351477,43.6319851,43.6303104,43.626552,43.6248542,43.622819,43.6181311,43.6175837,43.616731,43.615077,43.616591,43.6144756,43.613066,43.6103798,43.610273,43.615726,43.6092033,43.614215,43.6151446,43.6144897,43.6052277,43.603333,43.6019085,43.604337,43.601044,43.5973645,43.5953347,43.6147002,43.5944027,43.5960863,43.5933122,43.590637,43.587635,43.5908829,43.5856801,43.5815,43.5883943,43.5783797,43.5774967,43.5772726,43.5880929,43.5734826,43.56389,43.5656557,43.6085474,43.6256985,43.61205,43.6338044,43.5600487,43.595756,43.6093837,43.468523,43.6899475,43.6574399,43.6554753,43.6019602,43.6521854,43.645009,43.6379565,43.6339837,43.6265791,43.6164788,43.6011568,43.5807801,43.563206,43.6147656,43.6187073,43.6112937,43.5824429,43.613342,43.6213324,43.573703,43.5751881,43.6116233,43.611803,43.5290362,43.6519645,43.615314,43.5732785,43.557425,43.6046661,43.610827,43.6153342,43.618824,43.613564,43.6236296,43.6265626,43.6329444,43.5898161,43.6384932,43.6483863,43.681303,43.5992087,43.568633,43.544704,43.626365,43.594577,43.5903778,43.632641,43.5931564,43.551804,43.585974,43.60454,43.620747,43.5947431,43.6688466,43.6555526,43.645532,43.5624883,43.6491983,43.6123158,43.5711014,43.6406514,43.6803871,43.6015064,43.599288,43.6157222,43.6018468,43.639151,43.5834967,43.647575,43.5707023,43.615799,43.552877,43.5689565,43.648724,43.633893,43.6183551,43.5926761,43.590282,43.586311,43.648962,43.6058354,43.5732588,43.5942341,43.6176437,43.635982,43.6129405,43.5734437,43.6194423,43.6023878,43.6122779,43.625927,43.620931,43.6173997,43.615751,43.6171003,43.5526915,43.6920387,-116.2135745,-116.2919211,-116.284887,-116.3456794,-116.2082807,-116.1799021,-116.2960007,-116.2145508,-116.1534075,-116.3544153,-116.2102005,-116.230735,-116.2466671,-116.2284526,-116.194785,-116.215855,-116.2234691,-116.3160828,-116.3243743,-116.268053,-116.1964928,-116.218515,-116.1940438,-116.2226005,-116.199126,-116.191985,-116.2201504,-116.2188586,-116.200583,-116.1898411,-116.208625,-116.2016517,-116.1729855,-116.203086,-116.2147125,-116.2123541,-116.1833698,-116.185561,-116.2149029,-116.321398,-116.337034,-116.2621912,-116.2387254,-116.1858868,-116.1633768,-116.2187273,-116.1777398,-116.184313,-116.198734,-116.2941272,-116.3312438,-116.248724,-116.1735301,-116.1571147,-116.2943564,-116.214027,-116.1910508,-116.2216564,-116.32195,-116.1540997,-116.2610448,-116.2078795,-116.171538,-116.202894,-116.1322349,-116.3140766,-116.2610432,-116.069723,-116.3020825,-116.2330146,-116.3063828,-116.1743447,-116.3007286,-116.305672,-116.27027,-116.2692501,-116.2830959,-116.3192311,-116.1680331,-116.1857617,-116.153317,-116.1786617,-116.2137274,-116.1943893,-116.1696052,-116.2841691,-116.2102647,-116.159217,-116.140329,-116.1827547,-116.207153,-116.1564325,-116.236936,-116.222081,-116.1406764,-116.125789,-116.2333794,-116.228565,-116.314295,-116.223728,-116.189305,-116.1780806,-116.2077292,-116.208244,-116.2443622,-116.2372639,-116.3219028,-116.2134882,-116.1425104,-116.274251,-116.284287,-116.2287023,-116.18477,-116.2741747,-116.180993,-116.205531,-116.132874,-116.172557,-116.2123044,-116.195633,-116.2285497,-116.2217642,-116.2633144,-116.238387,-116.3472997,-116.1629067,-116.3268437,-116.1704825,-116.1633,-116.2344009,-116.2684177,-116.2130446,-116.293971,-116.3050215,-116.245916,-116.2743595,-116.1573813,-116.203326,-116.1335834,-116.22412,-116.098622,-116.1210522,-116.222835,-116.326042,-116.2309316,-116.2504264,-116.2709188,-116.183356,-116.247889,-116.1931448,-116.193697,-116.213678,-116.2536306,-116.033712,-116.2297304,-116.192158,-116.3342868,-116.1884035,-116.2085864,-116.191698,-116.2142557,-116.1982766,-116.203924,-116.2036778,-116.0986275,-116.2376974
80,Boise,Idaho,151005,121,Fairmont park,Special use,Open,Developed,West Bench,Mixed-use Park,BOISE INDEPENDENT SCHOOL DISTRICT,10.39432287,GIS,7925 W Northview St,Classic,Fairmont-Park,0.011142196000000002,4.69e-06,7925 W NORTHVIEW ST,Special Use,Fairmont Park,43.6610652,43.6828866,43.679896,43.6605954,43.6104879,,43.6130114,43.6532929,43.6146316,43.5475988,43.6503693,43.617887,43.626294,43.6449789,43.6436012,43.638452,43.636504,43.6351477,43.6319851,43.6303104,43.626552,43.6248542,43.622819,43.6181311,43.6175837,43.616731,43.615077,43.616591,43.6144756,43.613066,43.6103798,43.610273,43.615726,43.6092033,43.614215,43.6151446,43.6144897,43.6052277,43.603333,43.6019085,43.604337,43.601044,43.5973645,43.5953347,43.6147002,43.5944027,43.5960863,43.5933122,43.590637,43.587635,43.5908829,43.5856801,43.5815,43.5883943,43.5783797,43.5774967,43.5772726,43.5880929,43.5734826,43.56389,43.5656557,43.6085474,43.6256985,43.61205,43.6338044,43.5600487,43.595756,43.6093837,43.468523,43.6899475,43.6574399,43.6554753,43.6019602,43.6521854,43.645009,43.6379565,43.6339837,43.6265791,43.6164788,43.6011568,43.5807801,43.563206,43.6147656,43.6187073,43.6112937,43.5824429,43.613342,43.6213324,43.573703,43.5751881,43.6116233,43.611803,43.5290362,43.6519645,43.615314,43.5732785,43.557425,43.6046661,43.610827,43.6153342,43.618824,43.613564,43.6236296,43.6265626,43.6329444,43.5898161,43.6384932,43.6483863,43.681303,43.5992087,43.568633,43.544704,43.626365,43.594577,43.5903778,43.632641,43.5931564,43.551804,43.585974,43.60454,43.620747,43.5947431,43.6688466,43.6555526,43.645532,43.5624883,43.6491983,43.6123158,43.5711014,43.6406514,43.6803871,43.6015064,43.599288,43.6157222,43.6018468,43.639151,43.5834967,43.647575,43.5707023,43.615799,43.552877,43.5689565,43.648724,43.633893,43.6183551,43.5926761,43.590282,43.586311,43.648962,43.6058354,43.5732588,43.5942341,43.6176437,43.635982,43.6129405,43.5734437,43.6194423,43.6023878,43.6122779,43.625927,43.620931,43.6173997,43.615751,43.6171003,43.5526915,43.6920387,-116.2135745,-116.2919211,-116.284887,-116.3456794,-116.2082807,-116.1799021,-116.2960007,-116.2145508,-116.1534075,-116.3544153,-116.2102005,-116.230735,-116.2466671,-116.2284526,-116.194785,-116.215855,-116.2234691,-116.3160828,-116.3243743,-116.268053,-116.1964928,-116.218515,-116.1940438,-116.2226005,-116.199126,-116.191985,-116.2201504,-116.2188586,-116.200583,-116.1898411,-116.208625,-116.2016517,-116.1729855,-116.203086,-116.2147125,-116.2123541,-116.1833698,-116.185561,-116.2149029,-116.321398,-116.337034,-116.2621912,-116.2387254,-116.1858868,-116.1633768,-116.2187273,-116.1777398,-116.184313,-116.198734,-116.2941272,-116.3312438,-116.248724,-116.1735301,-116.1571147,-116.2943564,-116.214027,-116.1910508,-116.2216564,-116.32195,-116.1540997,-116.2610448,-116.2078795,-116.171538,-116.202894,-116.1322349,-116.3140766,-116.2610432,-116.069723,-116.3020825,-116.2330146,-116.3063828,-116.1743447,-116.3007286,-116.305672,-116.27027,-116.2692501,-116.2830959,-116.3192311,-116.1680331,-116.1857617,-116.153317,-116.1786617,-116.2137274,-116.1943893,-116.1696052,-116.2841691,-116.2102647,-116.159217,-116.140329,-116.1827547,-116.207153,-116.1564325,-116.236936,-116.222081,-116.1406764,-116.125789,-116.2333794,-116.228565,-116.314295,-116.223728,-116.189305,-116.1780806,-116.2077292,-116.208244,-116.2443622,-116.2372639,-116.3219028,-116.2134882,-116.1425104,-116.274251,-116.284287,-116.2287023,-116.18477,-116.2741747,-116.180993,-116.205531,-116.132874,-116.172557,-116.2123044,-116.195633,-116.2285497,-116.2217642,-116.2633144,-116.238387,-116.3472997,-116.1629067,-116.3268437,-116.1704825,-116.1633,-116.2344009,-116.2684177,-116.2130446,-116.293971,-116.3050215,-116.245916,-116.2743595,-116.1573813,-116.203326,-116.1335834,-116.22412,-116.098622,-116.1210522,-116.222835,-116.326042,-116.2309316,-116.2504264,-116.2709188,-116.183356,-116.247889,-116.1931448,-116.193697,-116.213678,-116.2536306,-116.033712,-116.2297304,-116.192158,-116.3342868,-116.1884035,-116.2085864,-116.191698,-116.2142557,-116.1982766,-116.203924,-116.2036778,-116.0986275,-116.2376974
81,Boise,Idaho,151006,123,Florence park,Neighborhood,Open,Developed,West Bench,Active Park,BOISE CITY (BOISE PARKS & RECREATION),3.49,Ada County Database,7800 W Florence St,Classic,Florence-Park,0.005040552,1.59e-06,7800 W FLORENCE ST,Neighborhood,Florence Park,43.6610652,43.6828866,43.679896,43.6605954,43.6104879,,43.6130114,43.6532929,43.6146316,43.5475988,43.6503693,43.617887,43.626294,43.6449789,43.6436012,43.638452,43.636504,43.6351477,43.6319851,43.6303104,43.626552,43.6248542,43.622819,43.6181311,43.6175837,43.616731,43.615077,43.616591,43.6144756,43.613066,43.6103798,43.610273,43.615726,43.6092033,43.614215,43.6151446,43.6144897,43.6052277,43.603333,43.6019085,43.604337,43.601044,43.5973645,43.5953347,43.6147002,43.5944027,43.5960863,43.5933122,43.590637,43.587635,43.5908829,43.5856801,43.5815,43.5883943,43.5783797,43.5774967,43.5772726,43.5880929,43.5734826,43.56389,43.5656557,43.6085474,43.6256985,43.61205,43.6338044,43.5600487,43.595756,43.6093837,43.468523,43.6899475,43.6574399,43.6554753,43.6019602,43.6521854,43.645009,43.6379565,43.6339837,43.6265791,43.6164788,43.6011568,43.5807801,43.563206,43.6147656,43.6187073,43.6112937,43.5824429,43.613342,43.6213324,43.573703,43.5751881,43.6116233,43.611803,43.5290362,43.6519645,43.615314,43.5732785,43.557425,43.6046661,43.610827,43.6153342,43.618824,43.613564,43.6236296,43.6265626,43.6329444,43.5898161,43.6384932,43.6483863,43.681303,43.5992087,43.568633,43.544704,43.626365,43.594577,43.5903778,43.632641,43.5931564,43.551804,43.585974,43.60454,43.620747,43.5947431,43.6688466,43.6555526,43.645532,43.5624883,43.6491983,43.6123158,43.5711014,43.6406514,43.6803871,43.6015064,43.599288,43.6157222,43.6018468,43.639151,43.5834967,43.647575,43.5707023,43.615799,43.552877,43.5689565,43.648724,43.633893,43.6183551,43.5926761,43.590282,43.586311,43.648962,43.6058354,43.5732588,43.5942341,43.6176437,43.635982,43.6129405,43.5734437,43.6194423,43.6023878,43.6122779,43.625927,43.620931,43.6173997,43.615751,43.6171003,43.5526915,43.6920387,-116.2135745,-116.2919211,-116.284887,-116.3456794,-116.2082807,-116.1799021,-116.2960007,-116.2145508,-116.1534075,-116.3544153,-116.2102005,-116.230735,-116.2466671,-116.2284526,-116.194785,-116.215855,-116.2234691,-116.3160828,-116.3243743,-116.268053,-116.1964928,-116.218515,-116.1940438,-116.2226005,-116.199126,-116.191985,-116.2201504,-116.2188586,-116.200583,-116.1898411,-116.208625,-116.2016517,-116.1729855,-116.203086,-116.2147125,-116.2123541,-116.1833698,-116.185561,-116.2149029,-116.321398,-116.337034,-116.2621912,-116.2387254,-116.1858868,-116.1633768,-116.2187273,-116.1777398,-116.184313,-116.198734,-116.2941272,-116.3312438,-116.248724,-116.1735301,-116.1571147,-116.2943564,-116.214027,-116.1910508,-116.2216564,-116.32195,-116.1540997,-116.2610448,-116.2078795,-116.171538,-116.202894,-116.1322349,-116.3140766,-116.2610432,-116.069723,-116.3020825,-116.2330146,-116.3063828,-116.1743447,-116.3007286,-116.305672,-116.27027,-116.2692501,-116.2830959,-116.3192311,-116.1680331,-116.1857617,-116.153317,-116.1786617,-116.2137274,-116.1943893,-116.1696052,-116.2841691,-116.2102647,-116.159217,-116.140329,-116.1827547,-116.207153,-116.1564325,-116.236936,-116.222081,-116.1406764,-116.125789,-116.2333794,-116.228565,-116.314295,-116.223728,-116.189305,-116.1780806,-116.2077292,-116.208244,-116.2443622,-116.2372639,-116.3219028,-116.2134882,-116.1425104,-116.274251,-116.284287,-116.2287023,-116.18477,-116.2741747,-116.180993,-116.205531,-116.132874,-116.172557,-116.2123044,-116.195633,-116.2285497,-116.2217642,-116.2633144,-116.238387,-116.3472997,-116.1629067,-116.3268437,-116.1704825,-116.1633,-116.2344009,-116.2684177,-116.2130446,-116.293971,-116.3050215,-116.245916,-116.2743595,-116.1573813,-116.203326,-116.1335834,-116.22412,-116.098622,-116.1210522,-116.222835,-116.326042,-116.2309316,-116.2504264,-116.2709188,-116.183356,-116.247889,-116.1931448,-116.193697,-116.213678,-116.2536306,-116.033712,-116.2297304,-116.192158,-116.3342868,-116.1884035,-116.2085864,-116.191698,-116.2142557,-116.1982766,-116.203924,-116.2036778,-116.0986275,-116.2376974
82,Boise,Idaho,151007,154,Eagle rock park,Neighborhood,Open,Developed,North River,Active Park,STATE OF IDAHO,8.89705468,GIS,2150 E Old Penitentiary Rd,Classic,Eagle-Rock-Park,0.010675317,4.01e-06,2150 E OLD PENITENTIARY RD,Neighborhood,Eagle Rock Park,43.6610652,43.6828866,43.679896,43.6605954,43.6104879,,43.6130114,43.6532929,43.6146316,43.5475988,43.6503693,43.617887,43.626294,43.6449789,43.6436012,43.638452,43.636504,43.6351477,43.6319851,43.6303104,43.626552,43.6248542,43.622819,43.6181311,43.6175837,43.616731,43.615077,43.616591,43.6144756,43.613066,43.6103798,43.610273,43.615726,43.6092033,43.614215,43.6151446,43.6144897,43.6052277,43.603333,43.6019085,43.604337,43.601044,43.5973645,43.5953347,43.6147002,43.5944027,43.5960863,43.5933122,43.590637,43.587635,43.5908829,43.5856801,43.5815,43.5883943,43.5783797,43.5774967,43.5772726,43.5880929,43.5734826,43.56389,43.5656557,43.6085474,43.6256985,43.61205,43.6338044,43.5600487,43.595756,43.6093837,43.468523,43.6899475,43.6574399,43.6554753,43.6019602,43.6521854,43.645009,43.6379565,43.6339837,43.6265791,43.6164788,43.6011568,43.5807801,43.563206,43.6147656,43.6187073,43.6112937,43.5824429,43.613342,43.6213324,43.573703,43.5751881,43.6116233,43.611803,43.5290362,43.6519645,43.615314,43.5732785,43.557425,43.6046661,43.610827,43.6153342,43.618824,43.613564,43.6236296,43.6265626,43.6329444,43.5898161,43.6384932,43.6483863,43.681303,43.5992087,43.568633,43.544704,43.626365,43.594577,43.5903778,43.632641,43.5931564,43.551804,43.585974,43.60454,43.620747,43.5947431,43.6688466,43.6555526,43.645532,43.5624883,43.6491983,43.6123158,43.5711014,43.6406514,43.6803871,43.6015064,43.599288,43.6157222,43.6018468,43.639151,43.5834967,43.647575,43.5707023,43.615799,43.552877,43.5689565,43.648724,43.633893,43.6183551,43.5926761,43.590282,43.586311,43.648962,43.6058354,43.5732588,43.5942341,43.6176437,43.635982,43.6129405,43.5734437,43.6194423,43.6023878,43.6122779,43.625927,43.620931,43.6173997,43.615751,43.6171003,43.5526915,43.6920387,-116.2135745,-116.2919211,-116.284887,-116.3456794,-116.2082807,-116.1799021,-116.2960007,-116.2145508,-116.1534075,-116.3544153,-116.2102005,-116.230735,-116.2466671,-116.2284526,-116.194785,-116.215855,-116.2234691,-116.3160828,-116.3243743,-116.268053,-116.1964928,-116.218515,-116.1940438,-116.2226005,-116.199126,-116.191985,-116.2201504,-116.2188586,-116.200583,-116.1898411,-116.208625,-116.2016517,-116.1729855,-116.203086,-116.2147125,-116.2123541,-116.1833698,-116.185561,-116.2149029,-116.321398,-116.337034,-116.2621912,-116.2387254,-116.1858868,-116.1633768,-116.2187273,-116.1777398,-116.184313,-116.198734,-116.2941272,-116.3312438,-116.248724,-116.1735301,-116.1571147,-116.2943564,-116.214027,-116.1910508,-116.2216564,-116.32195,-116.1540997,-116.2610448,-116.2078795,-116.171538,-116.202894,-116.1322349,-116.3140766,-116.2610432,-116.069723,-116.3020825,-116.2330146,-116.3063828,-116.1743447,-116.3007286,-116.305672,-116.27027,-116.2692501,-116.2830959,-116.3192311,-116.1680331,-116.1857617,-116.153317,-116.1786617,-116.2137274,-116.1943893,-116.1696052,-116.2841691,-116.2102647,-116.159217,-116.140329,-116.1827547,-116.207153,-116.1564325,-116.236936,-116.222081,-116.1406764,-116.125789,-116.2333794,-116.228565,-116.314295,-116.223728,-116.189305,-116.1780806,-116.2077292,-116.208244,-116.2443622,-116.2372639,-116.3219028,-116.2134882,-116.1425104,-116.274251,-116.284287,-116.2287023,-116.18477,-116.2741747,-116.180993,-116.205531,-116.132874,-116.172557,-116.2123044,-116.195633,-116.2285497,-116.2217642,-116.2633144,-116.238387,-116.3472997,-116.1629067,-116.3268437,-116.1704825,-116.1633,-116.2344009,-116.2684177,-116.2130446,-116.293971,-116.3050215,-116.245916,-116.2743595,-116.1573813,-116.203326,-116.1335834,-116.22412,-116.098622,-116.1210522,-116.222835,-116.326042,-116.2309316,-116.2504264,-116.2709188,-116.183356,-116.247889,-116.1931448,-116.193697,-116.213678,-116.2536306,-116.033712,-116.2297304,-116.192158,-116.3342868,-116.1884035,-116.2085864,-116.191698,-116.2142557,-116.1982766,-116.203924,-116.2036778,-116.0986275,-116.2376974
83,Boise,Idaho,151009,133,Ivywild park,Community,Open,Developed,Southeast,Active Park,BOISE CITY (BOISE PARKS & RECREATION),17.45185894,GIS,416 W Ivywild St,Classic,Ivywild-Park,0.016157195,7.87e-06,416 W IVYWILD ST,Community,Ivywild Park,43.6610652,43.6828866,43.679896,43.6605954,43.6104879,,43.6130114,43.6532929,43.6146316,43.5475988,43.6503693,43.617887,43.626294,43.6449789,43.6436012,43.638452,43.636504,43.6351477,43.6319851,43.6303104,43.626552,43.6248542,43.622819,43.6181311,43.6175837,43.616731,43.615077,43.616591,43.6144756,43.613066,43.6103798,43.610273,43.615726,43.6092033,43.614215,43.6151446,43.6144897,43.6052277,43.603333,43.6019085,43.604337,43.601044,43.5973645,43.5953347,43.6147002,43.5944027,43.5960863,43.5933122,43.590637,43.587635,43.5908829,43.5856801,43.5815,43.5883943,43.5783797,43.5774967,43.5772726,43.5880929,43.5734826,43.56389,43.5656557,43.6085474,43.6256985,43.61205,43.6338044,43.5600487,43.595756,43.6093837,43.468523,43.6899475,43.6574399,43.6554753,43.6019602,43.6521854,43.645009,43.6379565,43.6339837,43.6265791,43.6164788,43.6011568,43.5807801,43.563206,43.6147656,43.6187073,43.6112937,43.5824429,43.613342,43.6213324,43.573703,43.5751881,43.6116233,43.611803,43.5290362,43.6519645,43.615314,43.5732785,43.557425,43.6046661,43.610827,43.6153342,43.618824,43.613564,43.6236296,43.6265626,43.6329444,43.5898161,43.6384932,43.6483863,43.681303,43.5992087,43.568633,43.544704,43.626365,43.594577,43.5903778,43.632641,43.5931564,43.551804,43.585974,43.60454,43.620747,43.5947431,43.6688466,43.6555526,43.645532,43.5624883,43.6491983,43.6123158,43.5711014,43.6406514,43.6803871,43.6015064,43.599288,43.6157222,43.6018468,43.639151,43.5834967,43.647575,43.5707023,43.615799,43.552877,43.5689565,43.648724,43.633893,43.6183551,43.5926761,43.590282,43.586311,43.648962,43.6058354,43.5732588,43.5942341,43.6176437,43.635982,43.6129405,43.5734437,43.6194423,43.6023878,43.6122779,43.625927,43.620931,43.6173997,43.615751,43.6171003,43.5526915,43.6920387,-116.2135745,-116.2919211,-116.284887,-116.3456794,-116.2082807,-116.1799021,-116.2960007,-116.2145508,-116.1534075,-116.3544153,-116.2102005,-116.230735,-116.2466671,-116.2284526,-116.194785,-116.215855,-116.2234691,-116.3160828,-116.3243743,-116.268053,-116.1964928,-116.218515,-116.1940438,-116.2226005,-116.199126,-116.191985,-116.2201504,-116.2188586,-116.200583,-116.1898411,-116.208625,-116.2016517,-116.1729855,-116.203086,-116.2147125,-116.2123541,-116.1833698,-116.185561,-116.2149029,-116.321398,-116.337034,-116.2621912,-116.2387254,-116.1858868,-116.1633768,-116.2187273,-116.1777398,-116.184313,-116.198734,-116.2941272,-116.3312438,-116.248724,-116.1735301,-116.1571147,-116.2943564,-116.214027,-116.1910508,-116.2216564,-116.32195,-116.1540997,-116.2610448,-116.2078795,-116.171538,-116.202894,-116.1322349,-116.3140766,-116.2610432,-116.069723,-116.3020825,-116.2330146,-116.3063828,-116.1743447,-116.3007286,-116.305672,-116.27027,-116.2692501,-116.2830959,-116.3192311,-116.1680331,-116.1857617,-116.153317,-116.1786617,-116.2137274,-116.1943893,-116.1696052,-116.2841691,-116.2102647,-116.159217,-116.140329,-116.1827547,-116.207153,-116.1564325,-116.236936,-116.222081,-116.1406764,-116.125789,-116.2333794,-116.228565,-116.314295,-116.223728,-116.189305,-116.1780806,-116.2077292,-116.208244,-116.2443622,-116.2372639,-116.3219028,-116.2134882,-116.1425104,-116.274251,-116.284287,-116.2287023,-116.18477,-116.2741747,-116.180993,-116.205531,-116.132874,-116.172557,-116.2123044,-116.195633,-116.2285497,-116.2217642,-116.2633144,-116.238387,-116.3472997,-116.1629067,-116.3268437,-116.1704825,-116.1633,-116.2344009,-116.2684177,-116.2130446,-116.293971,-116.3050215,-116.245916,-116.2743595,-116.1573813,-116.203326,-116.1335834,-116.22412,-116.098622,-116.1210522,-116.222835,-116.326042,-116.2309316,-116.2504264,-116.2709188,-116.183356,-116.247889,-116.1931448,-116.193697,-116.213678,-116.2536306,-116.033712,-116.2297304,-116.192158,-116.3342868,-116.1884035,-116.2085864,-116.191698,-116.2142557,-116.1982766,-116.203924,-116.2036778,-116.0986275,-116.2376974
84,Boise,Idaho,151010,411,Holcomb trail (easement),Linear,Open,Undeveloped,Southeast,Corridor,SILVERWOOD OWNERS ASSOC INC,0.45824938,GIS,E Holcomb Rd,Not Classic,,0.0061476740000000005,2.07e-07,E HOLCOMB RD,Linear,Holcomb Trail (Easement),43.6610652,43.6828866,43.679896,43.6605954,43.6104879,,43.6130114,43.6532929,43.6146316,43.5475988,43.6503693,43.617887,43.626294,43.6449789,43.6436012,43.638452,43.636504,43.6351477,43.6319851,43.6303104,43.626552,43.6248542,43.622819,43.6181311,43.6175837,43.616731,43.615077,43.616591,43.6144756,43.613066,43.6103798,43.610273,43.615726,43.6092033,43.614215,43.6151446,43.6144897,43.6052277,43.603333,43.6019085,43.604337,43.601044,43.5973645,43.5953347,43.6147002,43.5944027,43.5960863,43.5933122,43.590637,43.587635,43.5908829,43.5856801,43.5815,43.5883943,43.5783797,43.5774967,43.5772726,43.5880929,43.5734826,43.56389,43.5656557,43.6085474,43.6256985,43.61205,43.6338044,43.5600487,43.595756,43.6093837,43.468523,43.6899475,43.6574399,43.6554753,43.6019602,43.6521854,43.645009,43.6379565,43.6339837,43.6265791,43.6164788,43.6011568,43.5807801,43.563206,43.6147656,43.6187073,43.6112937,43.5824429,43.613342,43.6213324,43.573703,43.5751881,43.6116233,43.611803,43.5290362,43.6519645,43.615314,43.5732785,43.557425,43.6046661,43.610827,43.6153342,43.618824,43.613564,43.6236296,43.6265626,43.6329444,43.5898161,43.6384932,43.6483863,43.681303,43.5992087,43.568633,43.544704,43.626365,43.594577,43.5903778,43.632641,43.5931564,43.551804,43.585974,43.60454,43.620747,43.5947431,43.6688466,43.6555526,43.645532,43.5624883,43.6491983,43.6123158,43.5711014,43.6406514,43.6803871,43.6015064,43.599288,43.6157222,43.6018468,43.639151,43.5834967,43.647575,43.5707023,43.615799,43.552877,43.5689565,43.648724,43.633893,43.6183551,43.5926761,43.590282,43.586311,43.648962,43.6058354,43.5732588,43.5942341,43.6176437,43.635982,43.6129405,43.5734437,43.6194423,43.6023878,43.6122779,43.625927,43.620931,43.6173997,43.615751,43.6171003,43.5526915,43.6920387,-116.2135745,-116.2919211,-116.284887,-116.3456794,-116.2082807,-116.1799021,-116.2960007,-116.2145508,-116.1534075,-116.3544153,-116.2102005,-116.230735,-116.2466671,-116.2284526,-116.194785,-116.215855,-116.2234691,-116.3160828,-116.3243743,-116.268053,-116.1964928,-116.218515,-116.1940438,-116.2226005,-116.199126,-116.191985,-116.2201504,-116.2188586,-116.200583,-116.1898411,-116.208625,-116.2016517,-116.1729855,-116.203086,-116.2147125,-116.2123541,-116.1833698,-116.185561,-116.2149029,-116.321398,-116.337034,-116.2621912,-116.2387254,-116.1858868,-116.1633768,-116.2187273,-116.1777398,-116.184313,-116.198734,-116.2941272,-116.3312438,-116.248724,-116.1735301,-116.1571147,-116.2943564,-116.214027,-116.1910508,-116.2216564,-116.32195,-116.1540997,-116.2610448,-116.2078795,-116.171538,-116.202894,-116.1322349,-116.3140766,-116.2610432,-116.069723,-116.3020825,-116.2330146,-116.3063828,-116.1743447,-116.3007286,-116.305672,-116.27027,-116.2692501,-116.2830959,-116.3192311,-116.1680331,-116.1857617,-116.153317,-116.1786617,-116.2137274,-116.1943893,-116.1696052,-116.2841691,-116.2102647,-116.159217,-116.140329,-116.1827547,-116.207153,-116.1564325,-116.236936,-116.222081,-116.1406764,-116.125789,-116.2333794,-116.228565,-116.314295,-116.223728,-116.189305,-116.1780806,-116.2077292,-116.208244,-116.2443622,-116.2372639,-116.3219028,-116.2134882,-116.1425104,-116.274251,-116.284287,-116.2287023,-116.18477,-116.2741747,-116.180993,-116.205531,-116.132874,-116.172557,-116.2123044,-116.195633,-116.2285497,-116.2217642,-116.2633144,-116.238387,-116.3472997,-116.1629067,-116.3268437,-116.1704825,-116.1633,-116.2344009,-116.2684177,-116.2130446,-116.293971,-116.3050215,-116.245916,-116.2743595,-116.1573813,-116.203326,-116.1335834,-116.22412,-116.098622,-116.1210522,-116.222835,-116.326042,-116.2309316,-116.2504264,-116.2709188,-116.183356,-116.247889,-116.1931448,-116.193697,-116.213678,-116.2536306,-116.033712,-116.2297304,-116.192158,-116.3342868,-116.1884035,-116.2085864,-116.191698,-116.2142557,-116.1982766,-116.203924,-116.2036778,-116.0986275,-116.2376974
85,Boise,Idaho,151011,100,Aldape park,Mini,Open,Developed,North River,Passive Park,BOISE CITY,0.38205984,GIS,629 N San Jose Dr,Not Classic,Aldape-Park,0.001971733,1.72e-07,629 N SAN JOSE DR,Mini,Aldape Park,43.6610652,43.6828866,43.679896,43.6605954,43.6104879,,43.6130114,43.6532929,43.6146316,43.5475988,43.6503693,43.617887,43.626294,43.6449789,43.6436012,43.638452,43.636504,43.6351477,43.6319851,43.6303104,43.626552,43.6248542,43.622819,43.6181311,43.6175837,43.616731,43.615077,43.616591,43.6144756,43.613066,43.6103798,43.610273,43.615726,43.6092033,43.614215,43.6151446,43.6144897,43.6052277,43.603333,43.6019085,43.604337,43.601044,43.5973645,43.5953347,43.6147002,43.5944027,43.5960863,43.5933122,43.590637,43.587635,43.5908829,43.5856801,43.5815,43.5883943,43.5783797,43.5774967,43.5772726,43.5880929,43.5734826,43.56389,43.5656557,43.6085474,43.6256985,43.61205,43.6338044,43.5600487,43.595756,43.6093837,43.468523,43.6899475,43.6574399,43.6554753,43.6019602,43.6521854,43.645009,43.6379565,43.6339837,43.6265791,43.6164788,43.6011568,43.5807801,43.563206,43.6147656,43.6187073,43.6112937,43.5824429,43.613342,43.6213324,43.573703,43.5751881,43.6116233,43.611803,43.5290362,43.6519645,43.615314,43.5732785,43.557425,43.6046661,43.610827,43.6153342,43.618824,43.613564,43.6236296,43.6265626,43.6329444,43.5898161,43.6384932,43.6483863,43.681303,43.5992087,43.568633,43.544704,43.626365,43.594577,43.5903778,43.632641,43.5931564,43.551804,43.585974,43.60454,43.620747,43.5947431,43.6688466,43.6555526,43.645532,43.5624883,43.6491983,43.6123158,43.5711014,43.6406514,43.6803871,43.6015064,43.599288,43.6157222,43.6018468,43.639151,43.5834967,43.647575,43.5707023,43.615799,43.552877,43.5689565,43.648724,43.633893,43.6183551,43.5926761,43.590282,43.586311,43.648962,43.6058354,43.5732588,43.5942341,43.6176437,43.635982,43.6129405,43.5734437,43.6194423,43.6023878,43.6122779,43.625927,43.620931,43.6173997,43.615751,43.6171003,43.5526915,43.6920387,-116.2135745,-116.2919211,-116.284887,-116.3456794,-116.2082807,-116.1799021,-116.2960007,-116.2145508,-116.1534075,-116.3544153,-116.2102005,-116.230735,-116.2466671,-116.2284526,-116.194785,-116.215855,-116.2234691,-116.3160828,-116.3243743,-116.268053,-116.1964928,-116.218515,-116.1940438,-116.2226005,-116.199126,-116.191985,-116.2201504,-116.2188586,-116.200583,-116.1898411,-116.208625,-116.2016517,-116.1729855,-116.203086,-116.2147125,-116.2123541,-116.1833698,-116.185561,-116.2149029,-116.321398,-116.337034,-116.2621912,-116.2387254,-116.1858868,-116.1633768,-116.2187273,-116.1777398,-116.184313,-116.198734,-116.2941272,-116.3312438,-116.248724,-116.1735301,-116.1571147,-116.2943564,-116.214027,-116.1910508,-116.2216564,-116.32195,-116.1540997,-116.2610448,-116.2078795,-116.171538,-116.202894,-116.1322349,-116.3140766,-116.2610432,-116.069723,-116.3020825,-116.2330146,-116.3063828,-116.1743447,-116.3007286,-116.305672,-116.27027,-116.2692501,-116.2830959,-116.3192311,-116.1680331,-116.1857617,-116.153317,-116.1786617,-116.2137274,-116.1943893,-116.1696052,-116.2841691,-116.2102647,-116.159217,-116.140329,-116.1827547,-116.207153,-116.1564325,-116.236936,-116.222081,-116.1406764,-116.125789,-116.2333794,-116.228565,-116.314295,-116.223728,-116.189305,-116.1780806,-116.2077292,-116.208244,-116.2443622,-116.2372639,-116.3219028,-116.2134882,-116.1425104,-116.274251,-116.284287,-116.2287023,-116.18477,-116.2741747,-116.180993,-116.205531,-116.132874,-116.172557,-116.2123044,-116.195633,-116.2285497,-116.2217642,-116.2633144,-116.238387,-116.3472997,-116.1629067,-116.3268437,-116.1704825,-116.1633,-116.2344009,-116.2684177,-116.2130446,-116.293971,-116.3050215,-116.245916,-116.2743595,-116.1573813,-116.203326,-116.1335834,-116.22412,-116.098622,-116.1210522,-116.222835,-116.326042,-116.2309316,-116.2504264,-116.2709188,-116.183356,-116.247889,-116.1931448,-116.193697,-116.213678,-116.2536306,-116.033712,-116.2297304,-116.192158,-116.3342868,-116.1884035,-116.2085864,-116.191698,-116.2142557,-116.1982766,-116.203924,-116.2036778,-116.0986275,-116.2376974
86,Boise,Idaho,151012,156,Rhodes park,Special use,Open,Developed,North River,Active Park,ACHD,1.12431334,GIS,1555 W Front St,Not Classic,Rhodes-Skate-Park,0.006194815,7.040000000000001e-07,1555 W FRONT ST,Special Use,Rhodes Park,43.6610652,43.6828866,43.679896,43.6605954,43.6104879,,43.6130114,43.6532929,43.6146316,43.5475988,43.6503693,43.617887,43.626294,43.6449789,43.6436012,43.638452,43.636504,43.6351477,43.6319851,43.6303104,43.626552,43.6248542,43.622819,43.6181311,43.6175837,43.616731,43.615077,43.616591,43.6144756,43.613066,43.6103798,43.610273,43.615726,43.6092033,43.614215,43.6151446,43.6144897,43.6052277,43.603333,43.6019085,43.604337,43.601044,43.5973645,43.5953347,43.6147002,43.5944027,43.5960863,43.5933122,43.590637,43.587635,43.5908829,43.5856801,43.5815,43.5883943,43.5783797,43.5774967,43.5772726,43.5880929,43.5734826,43.56389,43.5656557,43.6085474,43.6256985,43.61205,43.6338044,43.5600487,43.595756,43.6093837,43.468523,43.6899475,43.6574399,43.6554753,43.6019602,43.6521854,43.645009,43.6379565,43.6339837,43.6265791,43.6164788,43.6011568,43.5807801,43.563206,43.6147656,43.6187073,43.6112937,43.5824429,43.613342,43.6213324,43.573703,43.5751881,43.6116233,43.611803,43.5290362,43.6519645,43.615314,43.5732785,43.557425,43.6046661,43.610827,43.6153342,43.618824,43.613564,43.6236296,43.6265626,43.6329444,43.5898161,43.6384932,43.6483863,43.681303,43.5992087,43.568633,43.544704,43.626365,43.594577,43.5903778,43.632641,43.5931564,43.551804,43.585974,43.60454,43.620747,43.5947431,43.6688466,43.6555526,43.645532,43.5624883,43.6491983,43.6123158,43.5711014,43.6406514,43.6803871,43.6015064,43.599288,43.6157222,43.6018468,43.639151,43.5834967,43.647575,43.5707023,43.615799,43.552877,43.5689565,43.648724,43.633893,43.6183551,43.5926761,43.590282,43.586311,43.648962,43.6058354,43.5732588,43.5942341,43.6176437,43.635982,43.6129405,43.5734437,43.6194423,43.6023878,43.6122779,43.625927,43.620931,43.6173997,43.615751,43.6171003,43.5526915,43.6920387,-116.2135745,-116.2919211,-116.284887,-116.3456794,-116.2082807,-116.1799021,-116.2960007,-116.2145508,-116.1534075,-116.3544153,-116.2102005,-116.230735,-116.2466671,-116.2284526,-116.194785,-116.215855,-116.2234691,-116.3160828,-116.3243743,-116.268053,-116.1964928,-116.218515,-116.1940438,-116.2226005,-116.199126,-116.191985,-116.2201504,-116.2188586,-116.200583,-116.1898411,-116.208625,-116.2016517,-116.1729855,-116.203086,-116.2147125,-116.2123541,-116.1833698,-116.185561,-116.2149029,-116.321398,-116.337034,-116.2621912,-116.2387254,-116.1858868,-116.1633768,-116.2187273,-116.1777398,-116.184313,-116.198734,-116.2941272,-116.3312438,-116.248724,-116.1735301,-116.1571147,-116.2943564,-116.214027,-116.1910508,-116.2216564,-116.32195,-116.1540997,-116.2610448,-116.2078795,-116.171538,-116.202894,-116.1322349,-116.3140766,-116.2610432,-116.069723,-116.3020825,-116.2330146,-116.3063828,-116.1743447,-116.3007286,-116.305672,-116.27027,-116.2692501,-116.2830959,-116.3192311,-116.1680331,-116.1857617,-116.153317,-116.1786617,-116.2137274,-116.1943893,-116.1696052,-116.2841691,-116.2102647,-116.159217,-116.140329,-116.1827547,-116.207153,-116.1564325,-116.236936,-116.222081,-116.1406764,-116.125789,-116.2333794,-116.228565,-116.314295,-116.223728,-116.189305,-116.1780806,-116.2077292,-116.208244,-116.2443622,-116.2372639,-116.3219028,-116.2134882,-116.1425104,-116.274251,-116.284287,-116.2287023,-116.18477,-116.2741747,-116.180993,-116.205531,-116.132874,-116.172557,-116.2123044,-116.195633,-116.2285497,-116.2217642,-116.2633144,-116.238387,-116.3472997,-116.1629067,-116.3268437,-116.1704825,-116.1633,-116.2344009,-116.2684177,-116.2130446,-116.293971,-116.3050215,-116.245916,-116.2743595,-116.1573813,-116.203326,-116.1335834,-116.22412,-116.098622,-116.1210522,-116.222835,-116.326042,-116.2309316,-116.2504264,-116.2709188,-116.183356,-116.247889,-116.1931448,-116.193697,-116.213678,-116.2536306,-116.033712,-116.2297304,-116.192158,-116.3342868,-116.1884035,-116.2085864,-116.191698,-116.2142557,-116.1982766,-116.203924,-116.2036778,-116.0986275,-116.2376974
87,Boise,Idaho,151013,158,Robert noble park,Mini,Open,ROW,North River,Corridor,BOISE CITY,0.65666665,GIS,150 E Warm Springs Ave,Classic,Robert-Noble-Park,0.0035121040000000003,2.96e-07,150 E WARM SPRINGS AVE,Mini,Robert Noble Park,43.6610652,43.6828866,43.679896,43.6605954,43.6104879,,43.6130114,43.6532929,43.6146316,43.5475988,43.6503693,43.617887,43.626294,43.6449789,43.6436012,43.638452,43.636504,43.6351477,43.6319851,43.6303104,43.626552,43.6248542,43.622819,43.6181311,43.6175837,43.616731,43.615077,43.616591,43.6144756,43.613066,43.6103798,43.610273,43.615726,43.6092033,43.614215,43.6151446,43.6144897,43.6052277,43.603333,43.6019085,43.604337,43.601044,43.5973645,43.5953347,43.6147002,43.5944027,43.5960863,43.5933122,43.590637,43.587635,43.5908829,43.5856801,43.5815,43.5883943,43.5783797,43.5774967,43.5772726,43.5880929,43.5734826,43.56389,43.5656557,43.6085474,43.6256985,43.61205,43.6338044,43.5600487,43.595756,43.6093837,43.468523,43.6899475,43.6574399,43.6554753,43.6019602,43.6521854,43.645009,43.6379565,43.6339837,43.6265791,43.6164788,43.6011568,43.5807801,43.563206,43.6147656,43.6187073,43.6112937,43.5824429,43.613342,43.6213324,43.573703,43.5751881,43.6116233,43.611803,43.5290362,43.6519645,43.615314,43.5732785,43.557425,43.6046661,43.610827,43.6153342,43.618824,43.613564,43.6236296,43.6265626,43.6329444,43.5898161,43.6384932,43.6483863,43.681303,43.5992087,43.568633,43.544704,43.626365,43.594577,43.5903778,43.632641,43.5931564,43.551804,43.585974,43.60454,43.620747,43.5947431,43.6688466,43.6555526,43.645532,43.5624883,43.6491983,43.6123158,43.5711014,43.6406514,43.6803871,43.6015064,43.599288,43.6157222,43.6018468,43.639151,43.5834967,43.647575,43.5707023,43.615799,43.552877,43.5689565,43.648724,43.633893,43.6183551,43.5926761,43.590282,43.586311,43.648962,43.6058354,43.5732588,43.5942341,43.6176437,43.635982,43.6129405,43.5734437,43.6194423,43.6023878,43.6122779,43.625927,43.620931,43.6173997,43.615751,43.6171003,43.5526915,43.6920387,-116.2135745,-116.2919211,-116.284887,-116.3456794,-116.2082807,-116.1799021,-116.2960007,-116.2145508,-116.1534075,-116.3544153,-116.2102005,-116.230735,-116.2466671,-116.2284526,-116.194785,-116.215855,-116.2234691,-116.3160828,-116.3243743,-116.268053,-116.1964928,-116.218515,-116.1940438,-116.2226005,-116.199126,-116.191985,-116.2201504,-116.2188586,-116.200583,-116.1898411,-116.208625,-116.2016517,-116.1729855,-116.203086,-116.2147125,-116.2123541,-116.1833698,-116.185561,-116.2149029,-116.321398,-116.337034,-116.2621912,-116.2387254,-116.1858868,-116.1633768,-116.2187273,-116.1777398,-116.184313,-116.198734,-116.2941272,-116.3312438,-116.248724,-116.1735301,-116.1571147,-116.2943564,-116.214027,-116.1910508,-116.2216564,-116.32195,-116.1540997,-116.2610448,-116.2078795,-116.171538,-116.202894,-116.1322349,-116.3140766,-116.2610432,-116.069723,-116.3020825,-116.2330146,-116.3063828,-116.1743447,-116.3007286,-116.305672,-116.27027,-116.2692501,-116.2830959,-116.3192311,-116.1680331,-116.1857617,-116.153317,-116.1786617,-116.2137274,-116.1943893,-116.1696052,-116.2841691,-116.2102647,-116.159217,-116.140329,-116.1827547,-116.207153,-116.1564325,-116.236936,-116.222081,-116.1406764,-116.125789,-116.2333794,-116.228565,-116.314295,-116.223728,-116.189305,-116.1780806,-116.2077292,-116.208244,-116.2443622,-116.2372639,-116.3219028,-116.2134882,-116.1425104,-116.274251,-116.284287,-116.2287023,-116.18477,-116.2741747,-116.180993,-116.205531,-116.132874,-116.172557,-116.2123044,-116.195633,-116.2285497,-116.2217642,-116.2633144,-116.238387,-116.3472997,-116.1629067,-116.3268437,-116.1704825,-116.1633,-116.2344009,-116.2684177,-116.2130446,-116.293971,-116.3050215,-116.245916,-116.2743595,-116.1573813,-116.203326,-116.1335834,-116.22412,-116.098622,-116.1210522,-116.222835,-116.326042,-116.2309316,-116.2504264,-116.2709188,-116.183356,-116.247889,-116.1931448,-116.193697,-116.213678,-116.2536306,-116.033712,-116.2297304,-116.192158,-116.3342868,-116.1884035,-116.2085864,-116.191698,-116.2142557,-116.1982766,-116.203924,-116.2036778,-116.0986275,-116.2376974
88,Boise,Idaho,151014,150,Parkcenter park,Special use,Open,Developed,Southeast,Active Park,BOISE CITY (BOISE PARKS & RECREATION),14.85,Ada County Database,385 E Parkcenter Blvd,Classic,Parkcenter-Park,0.015504967,6.69e-06,385 E PARKCENTER BLVD,Special Use,Parkcenter Park,43.6610652,43.6828866,43.679896,43.6605954,43.6104879,,43.6130114,43.6532929,43.6146316,43.5475988,43.6503693,43.617887,43.626294,43.6449789,43.6436012,43.638452,43.636504,43.6351477,43.6319851,43.6303104,43.626552,43.6248542,43.622819,43.6181311,43.6175837,43.616731,43.615077,43.616591,43.6144756,43.613066,43.6103798,43.610273,43.615726,43.6092033,43.614215,43.6151446,43.6144897,43.6052277,43.603333,43.6019085,43.604337,43.601044,43.5973645,43.5953347,43.6147002,43.5944027,43.5960863,43.5933122,43.590637,43.587635,43.5908829,43.5856801,43.5815,43.5883943,43.5783797,43.5774967,43.5772726,43.5880929,43.5734826,43.56389,43.5656557,43.6085474,43.6256985,43.61205,43.6338044,43.5600487,43.595756,43.6093837,43.468523,43.6899475,43.6574399,43.6554753,43.6019602,43.6521854,43.645009,43.6379565,43.6339837,43.6265791,43.6164788,43.6011568,43.5807801,43.563206,43.6147656,43.6187073,43.6112937,43.5824429,43.613342,43.6213324,43.573703,43.5751881,43.6116233,43.611803,43.5290362,43.6519645,43.615314,43.5732785,43.557425,43.6046661,43.610827,43.6153342,43.618824,43.613564,43.6236296,43.6265626,43.6329444,43.5898161,43.6384932,43.6483863,43.681303,43.5992087,43.568633,43.544704,43.626365,43.594577,43.5903778,43.632641,43.5931564,43.551804,43.585974,43.60454,43.620747,43.5947431,43.6688466,43.6555526,43.645532,43.5624883,43.6491983,43.6123158,43.5711014,43.6406514,43.6803871,43.6015064,43.599288,43.6157222,43.6018468,43.639151,43.5834967,43.647575,43.5707023,43.615799,43.552877,43.5689565,43.648724,43.633893,43.6183551,43.5926761,43.590282,43.586311,43.648962,43.6058354,43.5732588,43.5942341,43.6176437,43.635982,43.6129405,43.5734437,43.6194423,43.6023878,43.6122779,43.625927,43.620931,43.6173997,43.615751,43.6171003,43.5526915,43.6920387,-116.2135745,-116.2919211,-116.284887,-116.3456794,-116.2082807,-116.1799021,-116.2960007,-116.2145508,-116.1534075,-116.3544153,-116.2102005,-116.230735,-116.2466671,-116.2284526,-116.194785,-116.215855,-116.2234691,-116.3160828,-116.3243743,-116.268053,-116.1964928,-116.218515,-116.1940438,-116.2226005,-116.199126,-116.191985,-116.2201504,-116.2188586,-116.200583,-116.1898411,-116.208625,-116.2016517,-116.1729855,-116.203086,-116.2147125,-116.2123541,-116.1833698,-116.185561,-116.2149029,-116.321398,-116.337034,-116.2621912,-116.2387254,-116.1858868,-116.1633768,-116.2187273,-116.1777398,-116.184313,-116.198734,-116.2941272,-116.3312438,-116.248724,-116.1735301,-116.1571147,-116.2943564,-116.214027,-116.1910508,-116.2216564,-116.32195,-116.1540997,-116.2610448,-116.2078795,-116.171538,-116.202894,-116.1322349,-116.3140766,-116.2610432,-116.069723,-116.3020825,-116.2330146,-116.3063828,-116.1743447,-116.3007286,-116.305672,-116.27027,-116.2692501,-116.2830959,-116.3192311,-116.1680331,-116.1857617,-116.153317,-116.1786617,-116.2137274,-116.1943893,-116.1696052,-116.2841691,-116.2102647,-116.159217,-116.140329,-116.1827547,-116.207153,-116.1564325,-116.236936,-116.222081,-116.1406764,-116.125789,-116.2333794,-116.228565,-116.314295,-116.223728,-116.189305,-116.1780806,-116.2077292,-116.208244,-116.2443622,-116.2372639,-116.3219028,-116.2134882,-116.1425104,-116.274251,-116.284287,-116.2287023,-116.18477,-116.2741747,-116.180993,-116.205531,-116.132874,-116.172557,-116.2123044,-116.195633,-116.2285497,-116.2217642,-116.2633144,-116.238387,-116.3472997,-116.1629067,-116.3268437,-116.1704825,-116.1633,-116.2344009,-116.2684177,-116.2130446,-116.293971,-116.3050215,-116.245916,-116.2743595,-116.1573813,-116.203326,-116.1335834,-116.22412,-116.098622,-116.1210522,-116.222835,-116.326042,-116.2309316,-116.2504264,-116.2709188,-116.183356,-116.247889,-116.1931448,-116.193697,-116.213678,-116.2536306,-116.033712,-116.2297304,-116.192158,-116.3342868,-116.1884035,-116.2085864,-116.191698,-116.2142557,-116.1982766,-116.203924,-116.2036778,-116.0986275,-116.2376974
89,Boise,Idaho,151015,142,Milwaukee park,Special use,Open,Developed,West Bench,Active Park,BOISE CITY,9.975,Ada County Database,3950 N Milwaukee St,Classic,Milwaukee-Park,0.009675003,4.5e-06,3950 N MILWAUKEE ST,Special Use,Milwaukee Park,43.6610652,43.6828866,43.679896,43.6605954,43.6104879,,43.6130114,43.6532929,43.6146316,43.5475988,43.6503693,43.617887,43.626294,43.6449789,43.6436012,43.638452,43.636504,43.6351477,43.6319851,43.6303104,43.626552,43.6248542,43.622819,43.6181311,43.6175837,43.616731,43.615077,43.616591,43.6144756,43.613066,43.6103798,43.610273,43.615726,43.6092033,43.614215,43.6151446,43.6144897,43.6052277,43.603333,43.6019085,43.604337,43.601044,43.5973645,43.5953347,43.6147002,43.5944027,43.5960863,43.5933122,43.590637,43.587635,43.5908829,43.5856801,43.5815,43.5883943,43.5783797,43.5774967,43.5772726,43.5880929,43.5734826,43.56389,43.5656557,43.6085474,43.6256985,43.61205,43.6338044,43.5600487,43.595756,43.6093837,43.468523,43.6899475,43.6574399,43.6554753,43.6019602,43.6521854,43.645009,43.6379565,43.6339837,43.6265791,43.6164788,43.6011568,43.5807801,43.563206,43.6147656,43.6187073,43.6112937,43.5824429,43.613342,43.6213324,43.573703,43.5751881,43.6116233,43.611803,43.5290362,43.6519645,43.615314,43.5732785,43.557425,43.6046661,43.610827,43.6153342,43.618824,43.613564,43.6236296,43.6265626,43.6329444,43.5898161,43.6384932,43.6483863,43.681303,43.5992087,43.568633,43.544704,43.626365,43.594577,43.5903778,43.632641,43.5931564,43.551804,43.585974,43.60454,43.620747,43.5947431,43.6688466,43.6555526,43.645532,43.5624883,43.6491983,43.6123158,43.5711014,43.6406514,43.6803871,43.6015064,43.599288,43.6157222,43.6018468,43.639151,43.5834967,43.647575,43.5707023,43.615799,43.552877,43.5689565,43.648724,43.633893,43.6183551,43.5926761,43.590282,43.586311,43.648962,43.6058354,43.5732588,43.5942341,43.6176437,43.635982,43.6129405,43.5734437,43.6194423,43.6023878,43.6122779,43.625927,43.620931,43.6173997,43.615751,43.6171003,43.5526915,43.6920387,-116.2135745,-116.2919211,-116.284887,-116.3456794,-116.2082807,-116.1799021,-116.2960007,-116.2145508,-116.1534075,-116.3544153,-116.2102005,-116.230735,-116.2466671,-116.2284526,-116.194785,-116.215855,-116.2234691,-116.3160828,-116.3243743,-116.268053,-116.1964928,-116.218515,-116.1940438,-116.2226005,-116.199126,-116.191985,-116.2201504,-116.2188586,-116.200583,-116.1898411,-116.208625,-116.2016517,-116.1729855,-116.203086,-116.2147125,-116.2123541,-116.1833698,-116.185561,-116.2149029,-116.321398,-116.337034,-116.2621912,-116.2387254,-116.1858868,-116.1633768,-116.2187273,-116.1777398,-116.184313,-116.198734,-116.2941272,-116.3312438,-116.248724,-116.1735301,-116.1571147,-116.2943564,-116.214027,-116.1910508,-116.2216564,-116.32195,-116.1540997,-116.2610448,-116.2078795,-116.171538,-116.202894,-116.1322349,-116.3140766,-116.2610432,-116.069723,-116.3020825,-116.2330146,-116.3063828,-116.1743447,-116.3007286,-116.305672,-116.27027,-116.2692501,-116.2830959,-116.3192311,-116.1680331,-116.1857617,-116.153317,-116.1786617,-116.2137274,-116.1943893,-116.1696052,-116.2841691,-116.2102647,-116.159217,-116.140329,-116.1827547,-116.207153,-116.1564325,-116.236936,-116.222081,-116.1406764,-116.125789,-116.2333794,-116.228565,-116.314295,-116.223728,-116.189305,-116.1780806,-116.2077292,-116.208244,-116.2443622,-116.2372639,-116.3219028,-116.2134882,-116.1425104,-116.274251,-116.284287,-116.2287023,-116.18477,-116.2741747,-116.180993,-116.205531,-116.132874,-116.172557,-116.2123044,-116.195633,-116.2285497,-116.2217642,-116.2633144,-116.238387,-116.3472997,-116.1629067,-116.3268437,-116.1704825,-116.1633,-116.2344009,-116.2684177,-116.2130446,-116.293971,-116.3050215,-116.245916,-116.2743595,-116.1573813,-116.203326,-116.1335834,-116.22412,-116.098622,-116.1210522,-116.222835,-116.326042,-116.2309316,-116.2504264,-116.2709188,-116.183356,-116.247889,-116.1931448,-116.193697,-116.213678,-116.2536306,-116.033712,-116.2297304,-116.192158,-116.3342868,-116.1884035,-116.2085864,-116.191698,-116.2142557,-116.1982766,-116.203924,-116.2036778,-116.0986275,-116.2376974
90,Boise,Idaho,151016,300,15th street row (15th & fort),Row,Open,ROW,North River,Corridor,ACHD,0.022018400000000004,GIS,N 15th St,Not Classic,,0.000752497,9.93e-09,N 15TH ST,ROW,15th Street ROW (15th & Fort),43.6610652,43.6828866,43.679896,43.6605954,43.6104879,,43.6130114,43.6532929,43.6146316,43.5475988,43.6503693,43.617887,43.626294,43.6449789,43.6436012,43.638452,43.636504,43.6351477,43.6319851,43.6303104,43.626552,43.6248542,43.622819,43.6181311,43.6175837,43.616731,43.615077,43.616591,43.6144756,43.613066,43.6103798,43.610273,43.615726,43.6092033,43.614215,43.6151446,43.6144897,43.6052277,43.603333,43.6019085,43.604337,43.601044,43.5973645,43.5953347,43.6147002,43.5944027,43.5960863,43.5933122,43.590637,43.587635,43.5908829,43.5856801,43.5815,43.5883943,43.5783797,43.5774967,43.5772726,43.5880929,43.5734826,43.56389,43.5656557,43.6085474,43.6256985,43.61205,43.6338044,43.5600487,43.595756,43.6093837,43.468523,43.6899475,43.6574399,43.6554753,43.6019602,43.6521854,43.645009,43.6379565,43.6339837,43.6265791,43.6164788,43.6011568,43.5807801,43.563206,43.6147656,43.6187073,43.6112937,43.5824429,43.613342,43.6213324,43.573703,43.5751881,43.6116233,43.611803,43.5290362,43.6519645,43.615314,43.5732785,43.557425,43.6046661,43.610827,43.6153342,43.618824,43.613564,43.6236296,43.6265626,43.6329444,43.5898161,43.6384932,43.6483863,43.681303,43.5992087,43.568633,43.544704,43.626365,43.594577,43.5903778,43.632641,43.5931564,43.551804,43.585974,43.60454,43.620747,43.5947431,43.6688466,43.6555526,43.645532,43.5624883,43.6491983,43.6123158,43.5711014,43.6406514,43.6803871,43.6015064,43.599288,43.6157222,43.6018468,43.639151,43.5834967,43.647575,43.5707023,43.615799,43.552877,43.5689565,43.648724,43.633893,43.6183551,43.5926761,43.590282,43.586311,43.648962,43.6058354,43.5732588,43.5942341,43.6176437,43.635982,43.6129405,43.5734437,43.6194423,43.6023878,43.6122779,43.625927,43.620931,43.6173997,43.615751,43.6171003,43.5526915,43.6920387,-116.2135745,-116.2919211,-116.284887,-116.3456794,-116.2082807,-116.1799021,-116.2960007,-116.2145508,-116.1534075,-116.3544153,-116.2102005,-116.230735,-116.2466671,-116.2284526,-116.194785,-116.215855,-116.2234691,-116.3160828,-116.3243743,-116.268053,-116.1964928,-116.218515,-116.1940438,-116.2226005,-116.199126,-116.191985,-116.2201504,-116.2188586,-116.200583,-116.1898411,-116.208625,-116.2016517,-116.1729855,-116.203086,-116.2147125,-116.2123541,-116.1833698,-116.185561,-116.2149029,-116.321398,-116.337034,-116.2621912,-116.2387254,-116.1858868,-116.1633768,-116.2187273,-116.1777398,-116.184313,-116.198734,-116.2941272,-116.3312438,-116.248724,-116.1735301,-116.1571147,-116.2943564,-116.214027,-116.1910508,-116.2216564,-116.32195,-116.1540997,-116.2610448,-116.2078795,-116.171538,-116.202894,-116.1322349,-116.3140766,-116.2610432,-116.069723,-116.3020825,-116.2330146,-116.3063828,-116.1743447,-116.3007286,-116.305672,-116.27027,-116.2692501,-116.2830959,-116.3192311,-116.1680331,-116.1857617,-116.153317,-116.1786617,-116.2137274,-116.1943893,-116.1696052,-116.2841691,-116.2102647,-116.159217,-116.140329,-116.1827547,-116.207153,-116.1564325,-116.236936,-116.222081,-116.1406764,-116.125789,-116.2333794,-116.228565,-116.314295,-116.223728,-116.189305,-116.1780806,-116.2077292,-116.208244,-116.2443622,-116.2372639,-116.3219028,-116.2134882,-116.1425104,-116.274251,-116.284287,-116.2287023,-116.18477,-116.2741747,-116.180993,-116.205531,-116.132874,-116.172557,-116.2123044,-116.195633,-116.2285497,-116.2217642,-116.2633144,-116.238387,-116.3472997,-116.1629067,-116.3268437,-116.1704825,-116.1633,-116.2344009,-116.2684177,-116.2130446,-116.293971,-116.3050215,-116.245916,-116.2743595,-116.1573813,-116.203326,-116.1335834,-116.22412,-116.098622,-116.1210522,-116.222835,-116.326042,-116.2309316,-116.2504264,-116.2709188,-116.183356,-116.247889,-116.1931448,-116.193697,-116.213678,-116.2536306,-116.033712,-116.2297304,-116.192158,-116.3342868,-116.1884035,-116.2085864,-116.191698,-116.2142557,-116.1982766,-116.203924,-116.2036778,-116.0986275,-116.2376974
91,Boise,Idaho,151017,305,Boise ave oregon trail/bown crossing,Linear,Open,Developed,Southeast,Corridor,ACHD,2.09478245,GIS,E Boise Ave,Not Classic,,0.014983838000000001,9.440000000000001e-07,E BOISE AVE,Linear,Boise Ave Oregon Trail/Bown Crossing,43.6610652,43.6828866,43.679896,43.6605954,43.6104879,,43.6130114,43.6532929,43.6146316,43.5475988,43.6503693,43.617887,43.626294,43.6449789,43.6436012,43.638452,43.636504,43.6351477,43.6319851,43.6303104,43.626552,43.6248542,43.622819,43.6181311,43.6175837,43.616731,43.615077,43.616591,43.6144756,43.613066,43.6103798,43.610273,43.615726,43.6092033,43.614215,43.6151446,43.6144897,43.6052277,43.603333,43.6019085,43.604337,43.601044,43.5973645,43.5953347,43.6147002,43.5944027,43.5960863,43.5933122,43.590637,43.587635,43.5908829,43.5856801,43.5815,43.5883943,43.5783797,43.5774967,43.5772726,43.5880929,43.5734826,43.56389,43.5656557,43.6085474,43.6256985,43.61205,43.6338044,43.5600487,43.595756,43.6093837,43.468523,43.6899475,43.6574399,43.6554753,43.6019602,43.6521854,43.645009,43.6379565,43.6339837,43.6265791,43.6164788,43.6011568,43.5807801,43.563206,43.6147656,43.6187073,43.6112937,43.5824429,43.613342,43.6213324,43.573703,43.5751881,43.6116233,43.611803,43.5290362,43.6519645,43.615314,43.5732785,43.557425,43.6046661,43.610827,43.6153342,43.618824,43.613564,43.6236296,43.6265626,43.6329444,43.5898161,43.6384932,43.6483863,43.681303,43.5992087,43.568633,43.544704,43.626365,43.594577,43.5903778,43.632641,43.5931564,43.551804,43.585974,43.60454,43.620747,43.5947431,43.6688466,43.6555526,43.645532,43.5624883,43.6491983,43.6123158,43.5711014,43.6406514,43.6803871,43.6015064,43.599288,43.6157222,43.6018468,43.639151,43.5834967,43.647575,43.5707023,43.615799,43.552877,43.5689565,43.648724,43.633893,43.6183551,43.5926761,43.590282,43.586311,43.648962,43.6058354,43.5732588,43.5942341,43.6176437,43.635982,43.6129405,43.5734437,43.6194423,43.6023878,43.6122779,43.625927,43.620931,43.6173997,43.615751,43.6171003,43.5526915,43.6920387,-116.2135745,-116.2919211,-116.284887,-116.3456794,-116.2082807,-116.1799021,-116.2960007,-116.2145508,-116.1534075,-116.3544153,-116.2102005,-116.230735,-116.2466671,-116.2284526,-116.194785,-116.215855,-116.2234691,-116.3160828,-116.3243743,-116.268053,-116.1964928,-116.218515,-116.1940438,-116.2226005,-116.199126,-116.191985,-116.2201504,-116.2188586,-116.200583,-116.1898411,-116.208625,-116.2016517,-116.1729855,-116.203086,-116.2147125,-116.2123541,-116.1833698,-116.185561,-116.2149029,-116.321398,-116.337034,-116.2621912,-116.2387254,-116.1858868,-116.1633768,-116.2187273,-116.1777398,-116.184313,-116.198734,-116.2941272,-116.3312438,-116.248724,-116.1735301,-116.1571147,-116.2943564,-116.214027,-116.1910508,-116.2216564,-116.32195,-116.1540997,-116.2610448,-116.2078795,-116.171538,-116.202894,-116.1322349,-116.3140766,-116.2610432,-116.069723,-116.3020825,-116.2330146,-116.3063828,-116.1743447,-116.3007286,-116.305672,-116.27027,-116.2692501,-116.2830959,-116.3192311,-116.1680331,-116.1857617,-116.153317,-116.1786617,-116.2137274,-116.1943893,-116.1696052,-116.2841691,-116.2102647,-116.159217,-116.140329,-116.1827547,-116.207153,-116.1564325,-116.236936,-116.222081,-116.1406764,-116.125789,-116.2333794,-116.228565,-116.314295,-116.223728,-116.189305,-116.1780806,-116.2077292,-116.208244,-116.2443622,-116.2372639,-116.3219028,-116.2134882,-116.1425104,-116.274251,-116.284287,-116.2287023,-116.18477,-116.2741747,-116.180993,-116.205531,-116.132874,-116.172557,-116.2123044,-116.195633,-116.2285497,-116.2217642,-116.2633144,-116.238387,-116.3472997,-116.1629067,-116.3268437,-116.1704825,-116.1633,-116.2344009,-116.2684177,-116.2130446,-116.293971,-116.3050215,-116.245916,-116.2743595,-116.1573813,-116.203326,-116.1335834,-116.22412,-116.098622,-116.1210522,-116.222835,-116.326042,-116.2309316,-116.2504264,-116.2709188,-116.183356,-116.247889,-116.1931448,-116.193697,-116.213678,-116.2536306,-116.033712,-116.2297304,-116.192158,-116.3342868,-116.1884035,-116.2085864,-116.191698,-116.2142557,-116.1982766,-116.203924,-116.2036778,-116.0986275,-116.2376974
92,Boise,Idaho,151020,504,Greenbelt ne,Linear,Open,Developed,North River,Corridor,BOISE CITY,19.24156093,GIS,E Warm Springs Ave,Not Classic,,0.023767853,8.68e-06,E WARM SPRINGS AVE,Linear,Greenbelt NE,43.6610652,43.6828866,43.679896,43.6605954,43.6104879,,43.6130114,43.6532929,43.6146316,43.5475988,43.6503693,43.617887,43.626294,43.6449789,43.6436012,43.638452,43.636504,43.6351477,43.6319851,43.6303104,43.626552,43.6248542,43.622819,43.6181311,43.6175837,43.616731,43.615077,43.616591,43.6144756,43.613066,43.6103798,43.610273,43.615726,43.6092033,43.614215,43.6151446,43.6144897,43.6052277,43.603333,43.6019085,43.604337,43.601044,43.5973645,43.5953347,43.6147002,43.5944027,43.5960863,43.5933122,43.590637,43.587635,43.5908829,43.5856801,43.5815,43.5883943,43.5783797,43.5774967,43.5772726,43.5880929,43.5734826,43.56389,43.5656557,43.6085474,43.6256985,43.61205,43.6338044,43.5600487,43.595756,43.6093837,43.468523,43.6899475,43.6574399,43.6554753,43.6019602,43.6521854,43.645009,43.6379565,43.6339837,43.6265791,43.6164788,43.6011568,43.5807801,43.563206,43.6147656,43.6187073,43.6112937,43.5824429,43.613342,43.6213324,43.573703,43.5751881,43.6116233,43.611803,43.5290362,43.6519645,43.615314,43.5732785,43.557425,43.6046661,43.610827,43.6153342,43.618824,43.613564,43.6236296,43.6265626,43.6329444,43.5898161,43.6384932,43.6483863,43.681303,43.5992087,43.568633,43.544704,43.626365,43.594577,43.5903778,43.632641,43.5931564,43.551804,43.585974,43.60454,43.620747,43.5947431,43.6688466,43.6555526,43.645532,43.5624883,43.6491983,43.6123158,43.5711014,43.6406514,43.6803871,43.6015064,43.599288,43.6157222,43.6018468,43.639151,43.5834967,43.647575,43.5707023,43.615799,43.552877,43.5689565,43.648724,43.633893,43.6183551,43.5926761,43.590282,43.586311,43.648962,43.6058354,43.5732588,43.5942341,43.6176437,43.635982,43.6129405,43.5734437,43.6194423,43.6023878,43.6122779,43.625927,43.620931,43.6173997,43.615751,43.6171003,43.5526915,43.6920387,-116.2135745,-116.2919211,-116.284887,-116.3456794,-116.2082807,-116.1799021,-116.2960007,-116.2145508,-116.1534075,-116.3544153,-116.2102005,-116.230735,-116.2466671,-116.2284526,-116.194785,-116.215855,-116.2234691,-116.3160828,-116.3243743,-116.268053,-116.1964928,-116.218515,-116.1940438,-116.2226005,-116.199126,-116.191985,-116.2201504,-116.2188586,-116.200583,-116.1898411,-116.208625,-116.2016517,-116.1729855,-116.203086,-116.2147125,-116.2123541,-116.1833698,-116.185561,-116.2149029,-116.321398,-116.337034,-116.2621912,-116.2387254,-116.1858868,-116.1633768,-116.2187273,-116.1777398,-116.184313,-116.198734,-116.2941272,-116.3312438,-116.248724,-116.1735301,-116.1571147,-116.2943564,-116.214027,-116.1910508,-116.2216564,-116.32195,-116.1540997,-116.2610448,-116.2078795,-116.171538,-116.202894,-116.1322349,-116.3140766,-116.2610432,-116.069723,-116.3020825,-116.2330146,-116.3063828,-116.1743447,-116.3007286,-116.305672,-116.27027,-116.2692501,-116.2830959,-116.3192311,-116.1680331,-116.1857617,-116.153317,-116.1786617,-116.2137274,-116.1943893,-116.1696052,-116.2841691,-116.2102647,-116.159217,-116.140329,-116.1827547,-116.207153,-116.1564325,-116.236936,-116.222081,-116.1406764,-116.125789,-116.2333794,-116.228565,-116.314295,-116.223728,-116.189305,-116.1780806,-116.2077292,-116.208244,-116.2443622,-116.2372639,-116.3219028,-116.2134882,-116.1425104,-116.274251,-116.284287,-116.2287023,-116.18477,-116.2741747,-116.180993,-116.205531,-116.132874,-116.172557,-116.2123044,-116.195633,-116.2285497,-116.2217642,-116.2633144,-116.238387,-116.3472997,-116.1629067,-116.3268437,-116.1704825,-116.1633,-116.2344009,-116.2684177,-116.2130446,-116.293971,-116.3050215,-116.245916,-116.2743595,-116.1573813,-116.203326,-116.1335834,-116.22412,-116.098622,-116.1210522,-116.222835,-116.326042,-116.2309316,-116.2504264,-116.2709188,-116.183356,-116.247889,-116.1931448,-116.193697,-116.213678,-116.2536306,-116.033712,-116.2297304,-116.192158,-116.3342868,-116.1884035,-116.2085864,-116.191698,-116.2142557,-116.1982766,-116.203924,-116.2036778,-116.0986275,-116.2376974
93,Boise,Idaho,151021,318,Dewey park,Mini,Open,ROW,North River,Corridor,ACHD,0.66980608,GIS,N 15th St,Not Classic,,0.00426963,3.02e-07,N 15TH ST,Mini,Dewey Park,43.6610652,43.6828866,43.679896,43.6605954,43.6104879,,43.6130114,43.6532929,43.6146316,43.5475988,43.6503693,43.617887,43.626294,43.6449789,43.6436012,43.638452,43.636504,43.6351477,43.6319851,43.6303104,43.626552,43.6248542,43.622819,43.6181311,43.6175837,43.616731,43.615077,43.616591,43.6144756,43.613066,43.6103798,43.610273,43.615726,43.6092033,43.614215,43.6151446,43.6144897,43.6052277,43.603333,43.6019085,43.604337,43.601044,43.5973645,43.5953347,43.6147002,43.5944027,43.5960863,43.5933122,43.590637,43.587635,43.5908829,43.5856801,43.5815,43.5883943,43.5783797,43.5774967,43.5772726,43.5880929,43.5734826,43.56389,43.5656557,43.6085474,43.6256985,43.61205,43.6338044,43.5600487,43.595756,43.6093837,43.468523,43.6899475,43.6574399,43.6554753,43.6019602,43.6521854,43.645009,43.6379565,43.6339837,43.6265791,43.6164788,43.6011568,43.5807801,43.563206,43.6147656,43.6187073,43.6112937,43.5824429,43.613342,43.6213324,43.573703,43.5751881,43.6116233,43.611803,43.5290362,43.6519645,43.615314,43.5732785,43.557425,43.6046661,43.610827,43.6153342,43.618824,43.613564,43.6236296,43.6265626,43.6329444,43.5898161,43.6384932,43.6483863,43.681303,43.5992087,43.568633,43.544704,43.626365,43.594577,43.5903778,43.632641,43.5931564,43.551804,43.585974,43.60454,43.620747,43.5947431,43.6688466,43.6555526,43.645532,43.5624883,43.6491983,43.6123158,43.5711014,43.6406514,43.6803871,43.6015064,43.599288,43.6157222,43.6018468,43.639151,43.5834967,43.647575,43.5707023,43.615799,43.552877,43.5689565,43.648724,43.633893,43.6183551,43.5926761,43.590282,43.586311,43.648962,43.6058354,43.5732588,43.5942341,43.6176437,43.635982,43.6129405,43.5734437,43.6194423,43.6023878,43.6122779,43.625927,43.620931,43.6173997,43.615751,43.6171003,43.5526915,43.6920387,-116.2135745,-116.2919211,-116.284887,-116.3456794,-116.2082807,-116.1799021,-116.2960007,-116.2145508,-116.1534075,-116.3544153,-116.2102005,-116.230735,-116.2466671,-116.2284526,-116.194785,-116.215855,-116.2234691,-116.3160828,-116.3243743,-116.268053,-116.1964928,-116.218515,-116.1940438,-116.2226005,-116.199126,-116.191985,-116.2201504,-116.2188586,-116.200583,-116.1898411,-116.208625,-116.2016517,-116.1729855,-116.203086,-116.2147125,-116.2123541,-116.1833698,-116.185561,-116.2149029,-116.321398,-116.337034,-116.2621912,-116.2387254,-116.1858868,-116.1633768,-116.2187273,-116.1777398,-116.184313,-116.198734,-116.2941272,-116.3312438,-116.248724,-116.1735301,-116.1571147,-116.2943564,-116.214027,-116.1910508,-116.2216564,-116.32195,-116.1540997,-116.2610448,-116.2078795,-116.171538,-116.202894,-116.1322349,-116.3140766,-116.2610432,-116.069723,-116.3020825,-116.2330146,-116.3063828,-116.1743447,-116.3007286,-116.305672,-116.27027,-116.2692501,-116.2830959,-116.3192311,-116.1680331,-116.1857617,-116.153317,-116.1786617,-116.2137274,-116.1943893,-116.1696052,-116.2841691,-116.2102647,-116.159217,-116.140329,-116.1827547,-116.207153,-116.1564325,-116.236936,-116.222081,-116.1406764,-116.125789,-116.2333794,-116.228565,-116.314295,-116.223728,-116.189305,-116.1780806,-116.2077292,-116.208244,-116.2443622,-116.2372639,-116.3219028,-116.2134882,-116.1425104,-116.274251,-116.284287,-116.2287023,-116.18477,-116.2741747,-116.180993,-116.205531,-116.132874,-116.172557,-116.2123044,-116.195633,-116.2285497,-116.2217642,-116.2633144,-116.238387,-116.3472997,-116.1629067,-116.3268437,-116.1704825,-116.1633,-116.2344009,-116.2684177,-116.2130446,-116.293971,-116.3050215,-116.245916,-116.2743595,-116.1573813,-116.203326,-116.1335834,-116.22412,-116.098622,-116.1210522,-116.222835,-116.326042,-116.2309316,-116.2504264,-116.2709188,-116.183356,-116.247889,-116.1931448,-116.193697,-116.213678,-116.2536306,-116.033712,-116.2297304,-116.192158,-116.3342868,-116.1884035,-116.2085864,-116.191698,-116.2142557,-116.1982766,-116.203924,-116.2036778,-116.0986275,-116.2376974
94,Boise,Idaho,151023,307,Washington/elm (prickett row),Row,Open,ROW,North River,Corridor,BOISE CITY (BOISE PARKS & RECREATION),0.11290972,GIS,820 E Washington St,Not Classic,,0.001048794,5.09e-08,820 E WASHINGTON ST,ROW,Washington/Elm (Prickett ROW),43.6610652,43.6828866,43.679896,43.6605954,43.6104879,,43.6130114,43.6532929,43.6146316,43.5475988,43.6503693,43.617887,43.626294,43.6449789,43.6436012,43.638452,43.636504,43.6351477,43.6319851,43.6303104,43.626552,43.6248542,43.622819,43.6181311,43.6175837,43.616731,43.615077,43.616591,43.6144756,43.613066,43.6103798,43.610273,43.615726,43.6092033,43.614215,43.6151446,43.6144897,43.6052277,43.603333,43.6019085,43.604337,43.601044,43.5973645,43.5953347,43.6147002,43.5944027,43.5960863,43.5933122,43.590637,43.587635,43.5908829,43.5856801,43.5815,43.5883943,43.5783797,43.5774967,43.5772726,43.5880929,43.5734826,43.56389,43.5656557,43.6085474,43.6256985,43.61205,43.6338044,43.5600487,43.595756,43.6093837,43.468523,43.6899475,43.6574399,43.6554753,43.6019602,43.6521854,43.645009,43.6379565,43.6339837,43.6265791,43.6164788,43.6011568,43.5807801,43.563206,43.6147656,43.6187073,43.6112937,43.5824429,43.613342,43.6213324,43.573703,43.5751881,43.6116233,43.611803,43.5290362,43.6519645,43.615314,43.5732785,43.557425,43.6046661,43.610827,43.6153342,43.618824,43.613564,43.6236296,43.6265626,43.6329444,43.5898161,43.6384932,43.6483863,43.681303,43.5992087,43.568633,43.544704,43.626365,43.594577,43.5903778,43.632641,43.5931564,43.551804,43.585974,43.60454,43.620747,43.5947431,43.6688466,43.6555526,43.645532,43.5624883,43.6491983,43.6123158,43.5711014,43.6406514,43.6803871,43.6015064,43.599288,43.6157222,43.6018468,43.639151,43.5834967,43.647575,43.5707023,43.615799,43.552877,43.5689565,43.648724,43.633893,43.6183551,43.5926761,43.590282,43.586311,43.648962,43.6058354,43.5732588,43.5942341,43.6176437,43.635982,43.6129405,43.5734437,43.6194423,43.6023878,43.6122779,43.625927,43.620931,43.6173997,43.615751,43.6171003,43.5526915,43.6920387,-116.2135745,-116.2919211,-116.284887,-116.3456794,-116.2082807,-116.1799021,-116.2960007,-116.2145508,-116.1534075,-116.3544153,-116.2102005,-116.230735,-116.2466671,-116.2284526,-116.194785,-116.215855,-116.2234691,-116.3160828,-116.3243743,-116.268053,-116.1964928,-116.218515,-116.1940438,-116.2226005,-116.199126,-116.191985,-116.2201504,-116.2188586,-116.200583,-116.1898411,-116.208625,-116.2016517,-116.1729855,-116.203086,-116.2147125,-116.2123541,-116.1833698,-116.185561,-116.2149029,-116.321398,-116.337034,-116.2621912,-116.2387254,-116.1858868,-116.1633768,-116.2187273,-116.1777398,-116.184313,-116.198734,-116.2941272,-116.3312438,-116.248724,-116.1735301,-116.1571147,-116.2943564,-116.214027,-116.1910508,-116.2216564,-116.32195,-116.1540997,-116.2610448,-116.2078795,-116.171538,-116.202894,-116.1322349,-116.3140766,-116.2610432,-116.069723,-116.3020825,-116.2330146,-116.3063828,-116.1743447,-116.3007286,-116.305672,-116.27027,-116.2692501,-116.2830959,-116.3192311,-116.1680331,-116.1857617,-116.153317,-116.1786617,-116.2137274,-116.1943893,-116.1696052,-116.2841691,-116.2102647,-116.159217,-116.140329,-116.1827547,-116.207153,-116.1564325,-116.236936,-116.222081,-116.1406764,-116.125789,-116.2333794,-116.228565,-116.314295,-116.223728,-116.189305,-116.1780806,-116.2077292,-116.208244,-116.2443622,-116.2372639,-116.3219028,-116.2134882,-116.1425104,-116.274251,-116.284287,-116.2287023,-116.18477,-116.2741747,-116.180993,-116.205531,-116.132874,-116.172557,-116.2123044,-116.195633,-116.2285497,-116.2217642,-116.2633144,-116.238387,-116.3472997,-116.1629067,-116.3268437,-116.1704825,-116.1633,-116.2344009,-116.2684177,-116.2130446,-116.293971,-116.3050215,-116.245916,-116.2743595,-116.1573813,-116.203326,-116.1335834,-116.22412,-116.098622,-116.1210522,-116.222835,-116.326042,-116.2309316,-116.2504264,-116.2709188,-116.183356,-116.247889,-116.1931448,-116.193697,-116.213678,-116.2536306,-116.033712,-116.2297304,-116.192158,-116.3342868,-116.1884035,-116.2085864,-116.191698,-116.2142557,-116.1982766,-116.203924,-116.2036778,-116.0986275,-116.2376974
95,Boise,Idaho,151025,302,8th street row,Row,Open,ROW,North River,Corridor,ACHD,0.078265,GIS,S 8th St,Not Classic,,0.0035671709999999996,3.53e-08,S 8TH ST,ROW,8th Street ROW,43.6610652,43.6828866,43.679896,43.6605954,43.6104879,,43.6130114,43.6532929,43.6146316,43.5475988,43.6503693,43.617887,43.626294,43.6449789,43.6436012,43.638452,43.636504,43.6351477,43.6319851,43.6303104,43.626552,43.6248542,43.622819,43.6181311,43.6175837,43.616731,43.615077,43.616591,43.6144756,43.613066,43.6103798,43.610273,43.615726,43.6092033,43.614215,43.6151446,43.6144897,43.6052277,43.603333,43.6019085,43.604337,43.601044,43.5973645,43.5953347,43.6147002,43.5944027,43.5960863,43.5933122,43.590637,43.587635,43.5908829,43.5856801,43.5815,43.5883943,43.5783797,43.5774967,43.5772726,43.5880929,43.5734826,43.56389,43.5656557,43.6085474,43.6256985,43.61205,43.6338044,43.5600487,43.595756,43.6093837,43.468523,43.6899475,43.6574399,43.6554753,43.6019602,43.6521854,43.645009,43.6379565,43.6339837,43.6265791,43.6164788,43.6011568,43.5807801,43.563206,43.6147656,43.6187073,43.6112937,43.5824429,43.613342,43.6213324,43.573703,43.5751881,43.6116233,43.611803,43.5290362,43.6519645,43.615314,43.5732785,43.557425,43.6046661,43.610827,43.6153342,43.618824,43.613564,43.6236296,43.6265626,43.6329444,43.5898161,43.6384932,43.6483863,43.681303,43.5992087,43.568633,43.544704,43.626365,43.594577,43.5903778,43.632641,43.5931564,43.551804,43.585974,43.60454,43.620747,43.5947431,43.6688466,43.6555526,43.645532,43.5624883,43.6491983,43.6123158,43.5711014,43.6406514,43.6803871,43.6015064,43.599288,43.6157222,43.6018468,43.639151,43.5834967,43.647575,43.5707023,43.615799,43.552877,43.5689565,43.648724,43.633893,43.6183551,43.5926761,43.590282,43.586311,43.648962,43.6058354,43.5732588,43.5942341,43.6176437,43.635982,43.6129405,43.5734437,43.6194423,43.6023878,43.6122779,43.625927,43.620931,43.6173997,43.615751,43.6171003,43.5526915,43.6920387,-116.2135745,-116.2919211,-116.284887,-116.3456794,-116.2082807,-116.1799021,-116.2960007,-116.2145508,-116.1534075,-116.3544153,-116.2102005,-116.230735,-116.2466671,-116.2284526,-116.194785,-116.215855,-116.2234691,-116.3160828,-116.3243743,-116.268053,-116.1964928,-116.218515,-116.1940438,-116.2226005,-116.199126,-116.191985,-116.2201504,-116.2188586,-116.200583,-116.1898411,-116.208625,-116.2016517,-116.1729855,-116.203086,-116.2147125,-116.2123541,-116.1833698,-116.185561,-116.2149029,-116.321398,-116.337034,-116.2621912,-116.2387254,-116.1858868,-116.1633768,-116.2187273,-116.1777398,-116.184313,-116.198734,-116.2941272,-116.3312438,-116.248724,-116.1735301,-116.1571147,-116.2943564,-116.214027,-116.1910508,-116.2216564,-116.32195,-116.1540997,-116.2610448,-116.2078795,-116.171538,-116.202894,-116.1322349,-116.3140766,-116.2610432,-116.069723,-116.3020825,-116.2330146,-116.3063828,-116.1743447,-116.3007286,-116.305672,-116.27027,-116.2692501,-116.2830959,-116.3192311,-116.1680331,-116.1857617,-116.153317,-116.1786617,-116.2137274,-116.1943893,-116.1696052,-116.2841691,-116.2102647,-116.159217,-116.140329,-116.1827547,-116.207153,-116.1564325,-116.236936,-116.222081,-116.1406764,-116.125789,-116.2333794,-116.228565,-116.314295,-116.223728,-116.189305,-116.1780806,-116.2077292,-116.208244,-116.2443622,-116.2372639,-116.3219028,-116.2134882,-116.1425104,-116.274251,-116.284287,-116.2287023,-116.18477,-116.2741747,-116.180993,-116.205531,-116.132874,-116.172557,-116.2123044,-116.195633,-116.2285497,-116.2217642,-116.2633144,-116.238387,-116.3472997,-116.1629067,-116.3268437,-116.1704825,-116.1633,-116.2344009,-116.2684177,-116.2130446,-116.293971,-116.3050215,-116.245916,-116.2743595,-116.1573813,-116.203326,-116.1335834,-116.22412,-116.098622,-116.1210522,-116.222835,-116.326042,-116.2309316,-116.2504264,-116.2709188,-116.183356,-116.247889,-116.1931448,-116.193697,-116.213678,-116.2536306,-116.033712,-116.2297304,-116.192158,-116.3342868,-116.1884035,-116.2085864,-116.191698,-116.2142557,-116.1982766,-116.203924,-116.2036778,-116.0986275,-116.2376974
96,Boise,Idaho,151027,701,Camel's back reserve,Open space,Open,Reserve,North River,Natural Area,BOISE CITY (BOISE PARKS & RECREATION),63.10852562,GIS,1200 W Heron St,Reserve,Camels-Back-Reserve,0.02147572,2.8499999999999998e-05,1200 W HERON ST,Open Space,Camel's Back Reserve,43.6610652,43.6828866,43.679896,43.6605954,43.6104879,,43.6130114,43.6532929,43.6146316,43.5475988,43.6503693,43.617887,43.626294,43.6449789,43.6436012,43.638452,43.636504,43.6351477,43.6319851,43.6303104,43.626552,43.6248542,43.622819,43.6181311,43.6175837,43.616731,43.615077,43.616591,43.6144756,43.613066,43.6103798,43.610273,43.615726,43.6092033,43.614215,43.6151446,43.6144897,43.6052277,43.603333,43.6019085,43.604337,43.601044,43.5973645,43.5953347,43.6147002,43.5944027,43.5960863,43.5933122,43.590637,43.587635,43.5908829,43.5856801,43.5815,43.5883943,43.5783797,43.5774967,43.5772726,43.5880929,43.5734826,43.56389,43.5656557,43.6085474,43.6256985,43.61205,43.6338044,43.5600487,43.595756,43.6093837,43.468523,43.6899475,43.6574399,43.6554753,43.6019602,43.6521854,43.645009,43.6379565,43.6339837,43.6265791,43.6164788,43.6011568,43.5807801,43.563206,43.6147656,43.6187073,43.6112937,43.5824429,43.613342,43.6213324,43.573703,43.5751881,43.6116233,43.611803,43.5290362,43.6519645,43.615314,43.5732785,43.557425,43.6046661,43.610827,43.6153342,43.618824,43.613564,43.6236296,43.6265626,43.6329444,43.5898161,43.6384932,43.6483863,43.681303,43.5992087,43.568633,43.544704,43.626365,43.594577,43.5903778,43.632641,43.5931564,43.551804,43.585974,43.60454,43.620747,43.5947431,43.6688466,43.6555526,43.645532,43.5624883,43.6491983,43.6123158,43.5711014,43.6406514,43.6803871,43.6015064,43.599288,43.6157222,43.6018468,43.639151,43.5834967,43.647575,43.5707023,43.615799,43.552877,43.5689565,43.648724,43.633893,43.6183551,43.5926761,43.590282,43.586311,43.648962,43.6058354,43.5732588,43.5942341,43.6176437,43.635982,43.6129405,43.5734437,43.6194423,43.6023878,43.6122779,43.625927,43.620931,43.6173997,43.615751,43.6171003,43.5526915,43.6920387,-116.2135745,-116.2919211,-116.284887,-116.3456794,-116.2082807,-116.1799021,-116.2960007,-116.2145508,-116.1534075,-116.3544153,-116.2102005,-116.230735,-116.2466671,-116.2284526,-116.194785,-116.215855,-116.2234691,-116.3160828,-116.3243743,-116.268053,-116.1964928,-116.218515,-116.1940438,-116.2226005,-116.199126,-116.191985,-116.2201504,-116.2188586,-116.200583,-116.1898411,-116.208625,-116.2016517,-116.1729855,-116.203086,-116.2147125,-116.2123541,-116.1833698,-116.185561,-116.2149029,-116.321398,-116.337034,-116.2621912,-116.2387254,-116.1858868,-116.1633768,-116.2187273,-116.1777398,-116.184313,-116.198734,-116.2941272,-116.3312438,-116.248724,-116.1735301,-116.1571147,-116.2943564,-116.214027,-116.1910508,-116.2216564,-116.32195,-116.1540997,-116.2610448,-116.2078795,-116.171538,-116.202894,-116.1322349,-116.3140766,-116.2610432,-116.069723,-116.3020825,-116.2330146,-116.3063828,-116.1743447,-116.3007286,-116.305672,-116.27027,-116.2692501,-116.2830959,-116.3192311,-116.1680331,-116.1857617,-116.153317,-116.1786617,-116.2137274,-116.1943893,-116.1696052,-116.2841691,-116.2102647,-116.159217,-116.140329,-116.1827547,-116.207153,-116.1564325,-116.236936,-116.222081,-116.1406764,-116.125789,-116.2333794,-116.228565,-116.314295,-116.223728,-116.189305,-116.1780806,-116.2077292,-116.208244,-116.2443622,-116.2372639,-116.3219028,-116.2134882,-116.1425104,-116.274251,-116.284287,-116.2287023,-116.18477,-116.2741747,-116.180993,-116.205531,-116.132874,-116.172557,-116.2123044,-116.195633,-116.2285497,-116.2217642,-116.2633144,-116.238387,-116.3472997,-116.1629067,-116.3268437,-116.1704825,-116.1633,-116.2344009,-116.2684177,-116.2130446,-116.293971,-116.3050215,-116.245916,-116.2743595,-116.1573813,-116.203326,-116.1335834,-116.22412,-116.098622,-116.1210522,-116.222835,-116.326042,-116.2309316,-116.2504264,-116.2709188,-116.183356,-116.247889,-116.1931448,-116.193697,-116.213678,-116.2536306,-116.033712,-116.2297304,-116.192158,-116.3342868,-116.1884035,-116.2085864,-116.191698,-116.2142557,-116.1982766,-116.203924,-116.2036778,-116.0986275,-116.2376974
97,Boise,Idaho,151028,275,Idaho iceworld,Special use,Open_Fee,Developed,Central Bench,Special Use Area,BOISE CITY,6.96,Ada County Database,7072 S Eisenman Rd,Not Classic,Idaho-IceWorld,0.009224413,3.14e-06,7072 S EISENMAN RD,Special Use,Idaho IceWorld,43.6610652,43.6828866,43.679896,43.6605954,43.6104879,,43.6130114,43.6532929,43.6146316,43.5475988,43.6503693,43.617887,43.626294,43.6449789,43.6436012,43.638452,43.636504,43.6351477,43.6319851,43.6303104,43.626552,43.6248542,43.622819,43.6181311,43.6175837,43.616731,43.615077,43.616591,43.6144756,43.613066,43.6103798,43.610273,43.615726,43.6092033,43.614215,43.6151446,43.6144897,43.6052277,43.603333,43.6019085,43.604337,43.601044,43.5973645,43.5953347,43.6147002,43.5944027,43.5960863,43.5933122,43.590637,43.587635,43.5908829,43.5856801,43.5815,43.5883943,43.5783797,43.5774967,43.5772726,43.5880929,43.5734826,43.56389,43.5656557,43.6085474,43.6256985,43.61205,43.6338044,43.5600487,43.595756,43.6093837,43.468523,43.6899475,43.6574399,43.6554753,43.6019602,43.6521854,43.645009,43.6379565,43.6339837,43.6265791,43.6164788,43.6011568,43.5807801,43.563206,43.6147656,43.6187073,43.6112937,43.5824429,43.613342,43.6213324,43.573703,43.5751881,43.6116233,43.611803,43.5290362,43.6519645,43.615314,43.5732785,43.557425,43.6046661,43.610827,43.6153342,43.618824,43.613564,43.6236296,43.6265626,43.6329444,43.5898161,43.6384932,43.6483863,43.681303,43.5992087,43.568633,43.544704,43.626365,43.594577,43.5903778,43.632641,43.5931564,43.551804,43.585974,43.60454,43.620747,43.5947431,43.6688466,43.6555526,43.645532,43.5624883,43.6491983,43.6123158,43.5711014,43.6406514,43.6803871,43.6015064,43.599288,43.6157222,43.6018468,43.639151,43.5834967,43.647575,43.5707023,43.615799,43.552877,43.5689565,43.648724,43.633893,43.6183551,43.5926761,43.590282,43.586311,43.648962,43.6058354,43.5732588,43.5942341,43.6176437,43.635982,43.6129405,43.5734437,43.6194423,43.6023878,43.6122779,43.625927,43.620931,43.6173997,43.615751,43.6171003,43.5526915,43.6920387,-116.2135745,-116.2919211,-116.284887,-116.3456794,-116.2082807,-116.1799021,-116.2960007,-116.2145508,-116.1534075,-116.3544153,-116.2102005,-116.230735,-116.2466671,-116.2284526,-116.194785,-116.215855,-116.2234691,-116.3160828,-116.3243743,-116.268053,-116.1964928,-116.218515,-116.1940438,-116.2226005,-116.199126,-116.191985,-116.2201504,-116.2188586,-116.200583,-116.1898411,-116.208625,-116.2016517,-116.1729855,-116.203086,-116.2147125,-116.2123541,-116.1833698,-116.185561,-116.2149029,-116.321398,-116.337034,-116.2621912,-116.2387254,-116.1858868,-116.1633768,-116.2187273,-116.1777398,-116.184313,-116.198734,-116.2941272,-116.3312438,-116.248724,-116.1735301,-116.1571147,-116.2943564,-116.214027,-116.1910508,-116.2216564,-116.32195,-116.1540997,-116.2610448,-116.2078795,-116.171538,-116.202894,-116.1322349,-116.3140766,-116.2610432,-116.069723,-116.3020825,-116.2330146,-116.3063828,-116.1743447,-116.3007286,-116.305672,-116.27027,-116.2692501,-116.2830959,-116.3192311,-116.1680331,-116.1857617,-116.153317,-116.1786617,-116.2137274,-116.1943893,-116.1696052,-116.2841691,-116.2102647,-116.159217,-116.140329,-116.1827547,-116.207153,-116.1564325,-116.236936,-116.222081,-116.1406764,-116.125789,-116.2333794,-116.228565,-116.314295,-116.223728,-116.189305,-116.1780806,-116.2077292,-116.208244,-116.2443622,-116.2372639,-116.3219028,-116.2134882,-116.1425104,-116.274251,-116.284287,-116.2287023,-116.18477,-116.2741747,-116.180993,-116.205531,-116.132874,-116.172557,-116.2123044,-116.195633,-116.2285497,-116.2217642,-116.2633144,-116.238387,-116.3472997,-116.1629067,-116.3268437,-116.1704825,-116.1633,-116.2344009,-116.2684177,-116.2130446,-116.293971,-116.3050215,-116.245916,-116.2743595,-116.1573813,-116.203326,-116.1335834,-116.22412,-116.098622,-116.1210522,-116.222835,-116.326042,-116.2309316,-116.2504264,-116.2709188,-116.183356,-116.247889,-116.1931448,-116.193697,-116.213678,-116.2536306,-116.033712,-116.2297304,-116.192158,-116.3342868,-116.1884035,-116.2085864,-116.191698,-116.2142557,-116.1982766,-116.203924,-116.2036778,-116.0986275,-116.2376974
98,Boise,Idaho,151029,148,Owens park,Mini,Open,Developed,North River,Natural Area,BOISE CITY (BOISE PARKS & RECREATION),0.65194269,GIS,3496 N 39th St,Not Classic,Owens-Park,0.0029922459999999996,2.94e-07,3496 N 39TH ST,Mini,Owens Park,43.6610652,43.6828866,43.679896,43.6605954,43.6104879,,43.6130114,43.6532929,43.6146316,43.5475988,43.6503693,43.617887,43.626294,43.6449789,43.6436012,43.638452,43.636504,43.6351477,43.6319851,43.6303104,43.626552,43.6248542,43.622819,43.6181311,43.6175837,43.616731,43.615077,43.616591,43.6144756,43.613066,43.6103798,43.610273,43.615726,43.6092033,43.614215,43.6151446,43.6144897,43.6052277,43.603333,43.6019085,43.604337,43.601044,43.5973645,43.5953347,43.6147002,43.5944027,43.5960863,43.5933122,43.590637,43.587635,43.5908829,43.5856801,43.5815,43.5883943,43.5783797,43.5774967,43.5772726,43.5880929,43.5734826,43.56389,43.5656557,43.6085474,43.6256985,43.61205,43.6338044,43.5600487,43.595756,43.6093837,43.468523,43.6899475,43.6574399,43.6554753,43.6019602,43.6521854,43.645009,43.6379565,43.6339837,43.6265791,43.6164788,43.6011568,43.5807801,43.563206,43.6147656,43.6187073,43.6112937,43.5824429,43.613342,43.6213324,43.573703,43.5751881,43.6116233,43.611803,43.5290362,43.6519645,43.615314,43.5732785,43.557425,43.6046661,43.610827,43.6153342,43.618824,43.613564,43.6236296,43.6265626,43.6329444,43.5898161,43.6384932,43.6483863,43.681303,43.5992087,43.568633,43.544704,43.626365,43.594577,43.5903778,43.632641,43.5931564,43.551804,43.585974,43.60454,43.620747,43.5947431,43.6688466,43.6555526,43.645532,43.5624883,43.6491983,43.6123158,43.5711014,43.6406514,43.6803871,43.6015064,43.599288,43.6157222,43.6018468,43.639151,43.5834967,43.647575,43.5707023,43.615799,43.552877,43.5689565,43.648724,43.633893,43.6183551,43.5926761,43.590282,43.586311,43.648962,43.6058354,43.5732588,43.5942341,43.6176437,43.635982,43.6129405,43.5734437,43.6194423,43.6023878,43.6122779,43.625927,43.620931,43.6173997,43.615751,43.6171003,43.5526915,43.6920387,-116.2135745,-116.2919211,-116.284887,-116.3456794,-116.2082807,-116.1799021,-116.2960007,-116.2145508,-116.1534075,-116.3544153,-116.2102005,-116.230735,-116.2466671,-116.2284526,-116.194785,-116.215855,-116.2234691,-116.3160828,-116.3243743,-116.268053,-116.1964928,-116.218515,-116.1940438,-116.2226005,-116.199126,-116.191985,-116.2201504,-116.2188586,-116.200583,-116.1898411,-116.208625,-116.2016517,-116.1729855,-116.203086,-116.2147125,-116.2123541,-116.1833698,-116.185561,-116.2149029,-116.321398,-116.337034,-116.2621912,-116.2387254,-116.1858868,-116.1633768,-116.2187273,-116.1777398,-116.184313,-116.198734,-116.2941272,-116.3312438,-116.248724,-116.1735301,-116.1571147,-116.2943564,-116.214027,-116.1910508,-116.2216564,-116.32195,-116.1540997,-116.2610448,-116.2078795,-116.171538,-116.202894,-116.1322349,-116.3140766,-116.2610432,-116.069723,-116.3020825,-116.2330146,-116.3063828,-116.1743447,-116.3007286,-116.305672,-116.27027,-116.2692501,-116.2830959,-116.3192311,-116.1680331,-116.1857617,-116.153317,-116.1786617,-116.2137274,-116.1943893,-116.1696052,-116.2841691,-116.2102647,-116.159217,-116.140329,-116.1827547,-116.207153,-116.1564325,-116.236936,-116.222081,-116.1406764,-116.125789,-116.2333794,-116.228565,-116.314295,-116.223728,-116.189305,-116.1780806,-116.2077292,-116.208244,-116.2443622,-116.2372639,-116.3219028,-116.2134882,-116.1425104,-116.274251,-116.284287,-116.2287023,-116.18477,-116.2741747,-116.180993,-116.205531,-116.132874,-116.172557,-116.2123044,-116.195633,-116.2285497,-116.2217642,-116.2633144,-116.238387,-116.3472997,-116.1629067,-116.3268437,-116.1704825,-116.1633,-116.2344009,-116.2684177,-116.2130446,-116.293971,-116.3050215,-116.245916,-116.2743595,-116.1573813,-116.203326,-116.1335834,-116.22412,-116.098622,-116.1210522,-116.222835,-116.326042,-116.2309316,-116.2504264,-116.2709188,-116.183356,-116.247889,-116.1931448,-116.193697,-116.213678,-116.2536306,-116.033712,-116.2297304,-116.192158,-116.3342868,-116.1884035,-116.2085864,-116.191698,-116.2142557,-116.1982766,-116.203924,-116.2036778,-116.0986275,-116.2376974
99,Boise,Idaho,151030,136,Kathryn albertson park,Special use,Open,Developed,North River,Passive Park,BOISE CITY (BOISE PARKS & RECREATION),40.956374100000005,GIS,1001 NÃƒâ€šÃ‚Â  Americana Blvd,Classic,Kathryn-Albertson-Park,0.021199585,1.85e-05,1001 NÃƒâ€šÃ‚Â  AMERICANA BLVD,Special Use,Kathryn Albertson Park,43.6610652,43.6828866,43.679896,43.6605954,43.6104879,,43.6130114,43.6532929,43.6146316,43.5475988,43.6503693,43.617887,43.626294,43.6449789,43.6436012,43.638452,43.636504,43.6351477,43.6319851,43.6303104,43.626552,43.6248542,43.622819,43.6181311,43.6175837,43.616731,43.615077,43.616591,43.6144756,43.613066,43.6103798,43.610273,43.615726,43.6092033,43.614215,43.6151446,43.6144897,43.6052277,43.603333,43.6019085,43.604337,43.601044,43.5973645,43.5953347,43.6147002,43.5944027,43.5960863,43.5933122,43.590637,43.587635,43.5908829,43.5856801,43.5815,43.5883943,43.5783797,43.5774967,43.5772726,43.5880929,43.5734826,43.56389,43.5656557,43.6085474,43.6256985,43.61205,43.6338044,43.5600487,43.595756,43.6093837,43.468523,43.6899475,43.6574399,43.6554753,43.6019602,43.6521854,43.645009,43.6379565,43.6339837,43.6265791,43.6164788,43.6011568,43.5807801,43.563206,43.6147656,43.6187073,43.6112937,43.5824429,43.613342,43.6213324,43.573703,43.5751881,43.6116233,43.611803,43.5290362,43.6519645,43.615314,43.5732785,43.557425,43.6046661,43.610827,43.6153342,43.618824,43.613564,43.6236296,43.6265626,43.6329444,43.5898161,43.6384932,43.6483863,43.681303,43.5992087,43.568633,43.544704,43.626365,43.594577,43.5903778,43.632641,43.5931564,43.551804,43.585974,43.60454,43.620747,43.5947431,43.6688466,43.6555526,43.645532,43.5624883,43.6491983,43.6123158,43.5711014,43.6406514,43.6803871,43.6015064,43.599288,43.6157222,43.6018468,43.639151,43.5834967,43.647575,43.5707023,43.615799,43.552877,43.5689565,43.648724,43.633893,43.6183551,43.5926761,43.590282,43.586311,43.648962,43.6058354,43.5732588,43.5942341,43.6176437,43.635982,43.6129405,43.5734437,43.6194423,43.6023878,43.6122779,43.625927,43.620931,43.6173997,43.615751,43.6171003,43.5526915,43.6920387,-116.2135745,-116.2919211,-116.284887,-116.3456794,-116.2082807,-116.1799021,-116.2960007,-116.2145508,-116.1534075,-116.3544153,-116.2102005,-116.230735,-116.2466671,-116.2284526,-116.194785,-116.215855,-116.2234691,-116.3160828,-116.3243743,-116.268053,-116.1964928,-116.218515,-116.1940438,-116.2226005,-116.199126,-116.191985,-116.2201504,-116.2188586,-116.200583,-116.1898411,-116.208625,-116.2016517,-116.1729855,-116.203086,-116.2147125,-116.2123541,-116.1833698,-116.185561,-116.2149029,-116.321398,-116.337034,-116.2621912,-116.2387254,-116.1858868,-116.1633768,-116.2187273,-116.1777398,-116.184313,-116.198734,-116.2941272,-116.3312438,-116.248724,-116.1735301,-116.1571147,-116.2943564,-116.214027,-116.1910508,-116.2216564,-116.32195,-116.1540997,-116.2610448,-116.2078795,-116.171538,-116.202894,-116.1322349,-116.3140766,-116.2610432,-116.069723,-116.3020825,-116.2330146,-116.3063828,-116.1743447,-116.3007286,-116.305672,-116.27027,-116.2692501,-116.2830959,-116.3192311,-116.1680331,-116.1857617,-116.153317,-116.1786617,-116.2137274,-116.1943893,-116.1696052,-116.2841691,-116.2102647,-116.159217,-116.140329,-116.1827547,-116.207153,-116.1564325,-116.236936,-116.222081,-116.1406764,-116.125789,-116.2333794,-116.228565,-116.314295,-116.223728,-116.189305,-116.1780806,-116.2077292,-116.208244,-116.2443622,-116.2372639,-116.3219028,-116.2134882,-116.1425104,-116.274251,-116.284287,-116.2287023,-116.18477,-116.2741747,-116.180993,-116.205531,-116.132874,-116.172557,-116.2123044,-116.195633,-116.2285497,-116.2217642,-116.2633144,-116.238387,-116.3472997,-116.1629067,-116.3268437,-116.1704825,-116.1633,-116.2344009,-116.2684177,-116.2130446,-116.293971,-116.3050215,-116.245916,-116.2743595,-116.1573813,-116.203326,-116.1335834,-116.22412,-116.098622,-116.1210522,-116.222835,-116.326042,-116.2309316,-116.2504264,-116.2709188,-116.183356,-116.247889,-116.1931448,-116.193697,-116.213678,-116.2536306,-116.033712,-116.2297304,-116.192158,-116.3342868,-116.1884035,-116.2085864,-116.191698,-116.2142557,-116.1982766,-116.203924,-116.2036778,-116.0986275,-116.2376974
100,Boise,Idaho,151031,214,Marianne williams park,Special use,Open,Developed,North River,Active Park,BOISE CITY (BOISE PARKS & RECREATION),69.78,Ada County Database,3451 E Barber Valley Dr,Not Classic,Marianne-Williams-Park,0.064038131,3.34e-05,3451 E BARBER VALLEY DR,Special Use,Marianne Williams Park,43.6610652,43.6828866,43.679896,43.6605954,43.6104879,,43.6130114,43.6532929,43.6146316,43.5475988,43.6503693,43.617887,43.626294,43.6449789,43.6436012,43.638452,43.636504,43.6351477,43.6319851,43.6303104,43.626552,43.6248542,43.622819,43.6181311,43.6175837,43.616731,43.615077,43.616591,43.6144756,43.613066,43.6103798,43.610273,43.615726,43.6092033,43.614215,43.6151446,43.6144897,43.6052277,43.603333,43.6019085,43.604337,43.601044,43.5973645,43.5953347,43.6147002,43.5944027,43.5960863,43.5933122,43.590637,43.587635,43.5908829,43.5856801,43.5815,43.5883943,43.5783797,43.5774967,43.5772726,43.5880929,43.5734826,43.56389,43.5656557,43.6085474,43.6256985,43.61205,43.6338044,43.5600487,43.595756,43.6093837,43.468523,43.6899475,43.6574399,43.6554753,43.6019602,43.6521854,43.645009,43.6379565,43.6339837,43.6265791,43.6164788,43.6011568,43.5807801,43.563206,43.6147656,43.6187073,43.6112937,43.5824429,43.613342,43.6213324,43.573703,43.5751881,43.6116233,43.611803,43.5290362,43.6519645,43.615314,43.5732785,43.557425,43.6046661,43.610827,43.6153342,43.618824,43.613564,43.6236296,43.6265626,43.6329444,43.5898161,43.6384932,43.6483863,43.681303,43.5992087,43.568633,43.544704,43.626365,43.594577,43.5903778,43.632641,43.5931564,43.551804,43.585974,43.60454,43.620747,43.5947431,43.6688466,43.6555526,43.645532,43.5624883,43.6491983,43.6123158,43.5711014,43.6406514,43.6803871,43.6015064,43.599288,43.6157222,43.6018468,43.639151,43.5834967,43.647575,43.5707023,43.615799,43.552877,43.5689565,43.648724,43.633893,43.6183551,43.5926761,43.590282,43.586311,43.648962,43.6058354,43.5732588,43.5942341,43.6176437,43.635982,43.6129405,43.5734437,43.6194423,43.6023878,43.6122779,43.625927,43.620931,43.6173997,43.615751,43.6171003,43.5526915,43.6920387,-116.2135745,-116.2919211,-116.284887,-116.3456794,-116.2082807,-116.1799021,-116.2960007,-116.2145508,-116.1534075,-116.3544153,-116.2102005,-116.230735,-116.2466671,-116.2284526,-116.194785,-116.215855,-116.2234691,-116.3160828,-116.3243743,-116.268053,-116.1964928,-116.218515,-116.1940438,-116.2226005,-116.199126,-116.191985,-116.2201504,-116.2188586,-116.200583,-116.1898411,-116.208625,-116.2016517,-116.1729855,-116.203086,-116.2147125,-116.2123541,-116.1833698,-116.185561,-116.2149029,-116.321398,-116.337034,-116.2621912,-116.2387254,-116.1858868,-116.1633768,-116.2187273,-116.1777398,-116.184313,-116.198734,-116.2941272,-116.3312438,-116.248724,-116.1735301,-116.1571147,-116.2943564,-116.214027,-116.1910508,-116.2216564,-116.32195,-116.1540997,-116.2610448,-116.2078795,-116.171538,-116.202894,-116.1322349,-116.3140766,-116.2610432,-116.069723,-116.3020825,-116.2330146,-116.3063828,-116.1743447,-116.3007286,-116.305672,-116.27027,-116.2692501,-116.2830959,-116.3192311,-116.1680331,-116.1857617,-116.153317,-116.1786617,-116.2137274,-116.1943893,-116.1696052,-116.2841691,-116.2102647,-116.159217,-116.140329,-116.1827547,-116.207153,-116.1564325,-116.236936,-116.222081,-116.1406764,-116.125789,-116.2333794,-116.228565,-116.314295,-116.223728,-116.189305,-116.1780806,-116.2077292,-116.208244,-116.2443622,-116.2372639,-116.3219028,-116.2134882,-116.1425104,-116.274251,-116.284287,-116.2287023,-116.18477,-116.2741747,-116.180993,-116.205531,-116.132874,-116.172557,-116.2123044,-116.195633,-116.2285497,-116.2217642,-116.2633144,-116.238387,-116.3472997,-116.1629067,-116.3268437,-116.1704825,-116.1633,-116.2344009,-116.2684177,-116.2130446,-116.293971,-116.3050215,-116.245916,-116.2743595,-116.1573813,-116.203326,-116.1335834,-116.22412,-116.098622,-116.1210522,-116.222835,-116.326042,-116.2309316,-116.2504264,-116.2709188,-116.183356,-116.247889,-116.1931448,-116.193697,-116.213678,-116.2536306,-116.033712,-116.2297304,-116.192158,-116.3342868,-116.1884035,-116.2085864,-116.191698,-116.2142557,-116.1982766,-116.203924,-116.2036778,-116.0986275,-116.2376974
101,Boise,Idaho,151032,202,Bowler site,Community,Planned,Undeveloped,Southeast,Natural Area,BOISE CITY (BOISE PARKS & RECREATION),24.626602899999998,GIS,4401S Surprise Way,Not Classic,,0.034836956,1.11e-05,4401S SURPRISE WAY,Community,Bowler Site,43.6610652,43.6828866,43.679896,43.6605954,43.6104879,,43.6130114,43.6532929,43.6146316,43.5475988,43.6503693,43.617887,43.626294,43.6449789,43.6436012,43.638452,43.636504,43.6351477,43.6319851,43.6303104,43.626552,43.6248542,43.622819,43.6181311,43.6175837,43.616731,43.615077,43.616591,43.6144756,43.613066,43.6103798,43.610273,43.615726,43.6092033,43.614215,43.6151446,43.6144897,43.6052277,43.603333,43.6019085,43.604337,43.601044,43.5973645,43.5953347,43.6147002,43.5944027,43.5960863,43.5933122,43.590637,43.587635,43.5908829,43.5856801,43.5815,43.5883943,43.5783797,43.5774967,43.5772726,43.5880929,43.5734826,43.56389,43.5656557,43.6085474,43.6256985,43.61205,43.6338044,43.5600487,43.595756,43.6093837,43.468523,43.6899475,43.6574399,43.6554753,43.6019602,43.6521854,43.645009,43.6379565,43.6339837,43.6265791,43.6164788,43.6011568,43.5807801,43.563206,43.6147656,43.6187073,43.6112937,43.5824429,43.613342,43.6213324,43.573703,43.5751881,43.6116233,43.611803,43.5290362,43.6519645,43.615314,43.5732785,43.557425,43.6046661,43.610827,43.6153342,43.618824,43.613564,43.6236296,43.6265626,43.6329444,43.5898161,43.6384932,43.6483863,43.681303,43.5992087,43.568633,43.544704,43.626365,43.594577,43.5903778,43.632641,43.5931564,43.551804,43.585974,43.60454,43.620747,43.5947431,43.6688466,43.6555526,43.645532,43.5624883,43.6491983,43.6123158,43.5711014,43.6406514,43.6803871,43.6015064,43.599288,43.6157222,43.6018468,43.639151,43.5834967,43.647575,43.5707023,43.615799,43.552877,43.5689565,43.648724,43.633893,43.6183551,43.5926761,43.590282,43.586311,43.648962,43.6058354,43.5732588,43.5942341,43.6176437,43.635982,43.6129405,43.5734437,43.6194423,43.6023878,43.6122779,43.625927,43.620931,43.6173997,43.615751,43.6171003,43.5526915,43.6920387,-116.2135745,-116.2919211,-116.284887,-116.3456794,-116.2082807,-116.1799021,-116.2960007,-116.2145508,-116.1534075,-116.3544153,-116.2102005,-116.230735,-116.2466671,-116.2284526,-116.194785,-116.215855,-116.2234691,-116.3160828,-116.3243743,-116.268053,-116.1964928,-116.218515,-116.1940438,-116.2226005,-116.199126,-116.191985,-116.2201504,-116.2188586,-116.200583,-116.1898411,-116.208625,-116.2016517,-116.1729855,-116.203086,-116.2147125,-116.2123541,-116.1833698,-116.185561,-116.2149029,-116.321398,-116.337034,-116.2621912,-116.2387254,-116.1858868,-116.1633768,-116.2187273,-116.1777398,-116.184313,-116.198734,-116.2941272,-116.3312438,-116.248724,-116.1735301,-116.1571147,-116.2943564,-116.214027,-116.1910508,-116.2216564,-116.32195,-116.1540997,-116.2610448,-116.2078795,-116.171538,-116.202894,-116.1322349,-116.3140766,-116.2610432,-116.069723,-116.3020825,-116.2330146,-116.3063828,-116.1743447,-116.3007286,-116.305672,-116.27027,-116.2692501,-116.2830959,-116.3192311,-116.1680331,-116.1857617,-116.153317,-116.1786617,-116.2137274,-116.1943893,-116.1696052,-116.2841691,-116.2102647,-116.159217,-116.140329,-116.1827547,-116.207153,-116.1564325,-116.236936,-116.222081,-116.1406764,-116.125789,-116.2333794,-116.228565,-116.314295,-116.223728,-116.189305,-116.1780806,-116.2077292,-116.208244,-116.2443622,-116.2372639,-116.3219028,-116.2134882,-116.1425104,-116.274251,-116.284287,-116.2287023,-116.18477,-116.2741747,-116.180993,-116.205531,-116.132874,-116.172557,-116.2123044,-116.195633,-116.2285497,-116.2217642,-116.2633144,-116.238387,-116.3472997,-116.1629067,-116.3268437,-116.1704825,-116.1633,-116.2344009,-116.2684177,-116.2130446,-116.293971,-116.3050215,-116.245916,-116.2743595,-116.1573813,-116.203326,-116.1335834,-116.22412,-116.098622,-116.1210522,-116.222835,-116.326042,-116.2309316,-116.2504264,-116.2709188,-116.183356,-116.247889,-116.1931448,-116.193697,-116.213678,-116.2536306,-116.033712,-116.2297304,-116.192158,-116.3342868,-116.1884035,-116.2085864,-116.191698,-116.2142557,-116.1982766,-116.203924,-116.2036778,-116.0986275,-116.2376974
102,Boise,Idaho,151033,143,Morris hill park,Neighborhood,Open,Developed,Central Bench,Active Park,BOISE CITY (BOISE PARKS & RECREATION),7.93569802,GIS,10 N Roosevelt St,Classic,Morris-Hill-Park,0.007748859,3.58e-06,10 N ROOSEVELT ST,Neighborhood,Morris Hill Park,43.6610652,43.6828866,43.679896,43.6605954,43.6104879,,43.6130114,43.6532929,43.6146316,43.5475988,43.6503693,43.617887,43.626294,43.6449789,43.6436012,43.638452,43.636504,43.6351477,43.6319851,43.6303104,43.626552,43.6248542,43.622819,43.6181311,43.6175837,43.616731,43.615077,43.616591,43.6144756,43.613066,43.6103798,43.610273,43.615726,43.6092033,43.614215,43.6151446,43.6144897,43.6052277,43.603333,43.6019085,43.604337,43.601044,43.5973645,43.5953347,43.6147002,43.5944027,43.5960863,43.5933122,43.590637,43.587635,43.5908829,43.5856801,43.5815,43.5883943,43.5783797,43.5774967,43.5772726,43.5880929,43.5734826,43.56389,43.5656557,43.6085474,43.6256985,43.61205,43.6338044,43.5600487,43.595756,43.6093837,43.468523,43.6899475,43.6574399,43.6554753,43.6019602,43.6521854,43.645009,43.6379565,43.6339837,43.6265791,43.6164788,43.6011568,43.5807801,43.563206,43.6147656,43.6187073,43.6112937,43.5824429,43.613342,43.6213324,43.573703,43.5751881,43.6116233,43.611803,43.5290362,43.6519645,43.615314,43.5732785,43.557425,43.6046661,43.610827,43.6153342,43.618824,43.613564,43.6236296,43.6265626,43.6329444,43.5898161,43.6384932,43.6483863,43.681303,43.5992087,43.568633,43.544704,43.626365,43.594577,43.5903778,43.632641,43.5931564,43.551804,43.585974,43.60454,43.620747,43.5947431,43.6688466,43.6555526,43.645532,43.5624883,43.6491983,43.6123158,43.5711014,43.6406514,43.6803871,43.6015064,43.599288,43.6157222,43.6018468,43.639151,43.5834967,43.647575,43.5707023,43.615799,43.552877,43.5689565,43.648724,43.633893,43.6183551,43.5926761,43.590282,43.586311,43.648962,43.6058354,43.5732588,43.5942341,43.6176437,43.635982,43.6129405,43.5734437,43.6194423,43.6023878,43.6122779,43.625927,43.620931,43.6173997,43.615751,43.6171003,43.5526915,43.6920387,-116.2135745,-116.2919211,-116.284887,-116.3456794,-116.2082807,-116.1799021,-116.2960007,-116.2145508,-116.1534075,-116.3544153,-116.2102005,-116.230735,-116.2466671,-116.2284526,-116.194785,-116.215855,-116.2234691,-116.3160828,-116.3243743,-116.268053,-116.1964928,-116.218515,-116.1940438,-116.2226005,-116.199126,-116.191985,-116.2201504,-116.2188586,-116.200583,-116.1898411,-116.208625,-116.2016517,-116.1729855,-116.203086,-116.2147125,-116.2123541,-116.1833698,-116.185561,-116.2149029,-116.321398,-116.337034,-116.2621912,-116.2387254,-116.1858868,-116.1633768,-116.2187273,-116.1777398,-116.184313,-116.198734,-116.2941272,-116.3312438,-116.248724,-116.1735301,-116.1571147,-116.2943564,-116.214027,-116.1910508,-116.2216564,-116.32195,-116.1540997,-116.2610448,-116.2078795,-116.171538,-116.202894,-116.1322349,-116.3140766,-116.2610432,-116.069723,-116.3020825,-116.2330146,-116.3063828,-116.1743447,-116.3007286,-116.305672,-116.27027,-116.2692501,-116.2830959,-116.3192311,-116.1680331,-116.1857617,-116.153317,-116.1786617,-116.2137274,-116.1943893,-116.1696052,-116.2841691,-116.2102647,-116.159217,-116.140329,-116.1827547,-116.207153,-116.1564325,-116.236936,-116.222081,-116.1406764,-116.125789,-116.2333794,-116.228565,-116.314295,-116.223728,-116.189305,-116.1780806,-116.2077292,-116.208244,-116.2443622,-116.2372639,-116.3219028,-116.2134882,-116.1425104,-116.274251,-116.284287,-116.2287023,-116.18477,-116.2741747,-116.180993,-116.205531,-116.132874,-116.172557,-116.2123044,-116.195633,-116.2285497,-116.2217642,-116.2633144,-116.238387,-116.3472997,-116.1629067,-116.3268437,-116.1704825,-116.1633,-116.2344009,-116.2684177,-116.2130446,-116.293971,-116.3050215,-116.245916,-116.2743595,-116.1573813,-116.203326,-116.1335834,-116.22412,-116.098622,-116.1210522,-116.222835,-116.326042,-116.2309316,-116.2504264,-116.2709188,-116.183356,-116.247889,-116.1931448,-116.193697,-116.213678,-116.2536306,-116.033712,-116.2297304,-116.192158,-116.3342868,-116.1884035,-116.2085864,-116.191698,-116.2142557,-116.1982766,-116.203924,-116.2036778,-116.0986275,-116.2376974
103,Boise,Idaho,151034,254,Morris hill cemetery,Special use,Open,Developed,Central Bench,Special Use Area,BOISE CITY (BOISE PARKS & RECREATION),60.44325426,GIS,317 N Latah St,Not Classic,Morris-Hill-Cemetery,0.021274555,2.7300000000000003e-05,317 N LATAH ST,Special Use,Morris Hill Cemetery,43.6610652,43.6828866,43.679896,43.6605954,43.6104879,,43.6130114,43.6532929,43.6146316,43.5475988,43.6503693,43.617887,43.626294,43.6449789,43.6436012,43.638452,43.636504,43.6351477,43.6319851,43.6303104,43.626552,43.6248542,43.622819,43.6181311,43.6175837,43.616731,43.615077,43.616591,43.6144756,43.613066,43.6103798,43.610273,43.615726,43.6092033,43.614215,43.6151446,43.6144897,43.6052277,43.603333,43.6019085,43.604337,43.601044,43.5973645,43.5953347,43.6147002,43.5944027,43.5960863,43.5933122,43.590637,43.587635,43.5908829,43.5856801,43.5815,43.5883943,43.5783797,43.5774967,43.5772726,43.5880929,43.5734826,43.56389,43.5656557,43.6085474,43.6256985,43.61205,43.6338044,43.5600487,43.595756,43.6093837,43.468523,43.6899475,43.6574399,43.6554753,43.6019602,43.6521854,43.645009,43.6379565,43.6339837,43.6265791,43.6164788,43.6011568,43.5807801,43.563206,43.6147656,43.6187073,43.6112937,43.5824429,43.613342,43.6213324,43.573703,43.5751881,43.6116233,43.611803,43.5290362,43.6519645,43.615314,43.5732785,43.557425,43.6046661,43.610827,43.6153342,43.618824,43.613564,43.6236296,43.6265626,43.6329444,43.5898161,43.6384932,43.6483863,43.681303,43.5992087,43.568633,43.544704,43.626365,43.594577,43.5903778,43.632641,43.5931564,43.551804,43.585974,43.60454,43.620747,43.5947431,43.6688466,43.6555526,43.645532,43.5624883,43.6491983,43.6123158,43.5711014,43.6406514,43.6803871,43.6015064,43.599288,43.6157222,43.6018468,43.639151,43.5834967,43.647575,43.5707023,43.615799,43.552877,43.5689565,43.648724,43.633893,43.6183551,43.5926761,43.590282,43.586311,43.648962,43.6058354,43.5732588,43.5942341,43.6176437,43.635982,43.6129405,43.5734437,43.6194423,43.6023878,43.6122779,43.625927,43.620931,43.6173997,43.615751,43.6171003,43.5526915,43.6920387,-116.2135745,-116.2919211,-116.284887,-116.3456794,-116.2082807,-116.1799021,-116.2960007,-116.2145508,-116.1534075,-116.3544153,-116.2102005,-116.230735,-116.2466671,-116.2284526,-116.194785,-116.215855,-116.2234691,-116.3160828,-116.3243743,-116.268053,-116.1964928,-116.218515,-116.1940438,-116.2226005,-116.199126,-116.191985,-116.2201504,-116.2188586,-116.200583,-116.1898411,-116.208625,-116.2016517,-116.1729855,-116.203086,-116.2147125,-116.2123541,-116.1833698,-116.185561,-116.2149029,-116.321398,-116.337034,-116.2621912,-116.2387254,-116.1858868,-116.1633768,-116.2187273,-116.1777398,-116.184313,-116.198734,-116.2941272,-116.3312438,-116.248724,-116.1735301,-116.1571147,-116.2943564,-116.214027,-116.1910508,-116.2216564,-116.32195,-116.1540997,-116.2610448,-116.2078795,-116.171538,-116.202894,-116.1322349,-116.3140766,-116.2610432,-116.069723,-116.3020825,-116.2330146,-116.3063828,-116.1743447,-116.3007286,-116.305672,-116.27027,-116.2692501,-116.2830959,-116.3192311,-116.1680331,-116.1857617,-116.153317,-116.1786617,-116.2137274,-116.1943893,-116.1696052,-116.2841691,-116.2102647,-116.159217,-116.140329,-116.1827547,-116.207153,-116.1564325,-116.236936,-116.222081,-116.1406764,-116.125789,-116.2333794,-116.228565,-116.314295,-116.223728,-116.189305,-116.1780806,-116.2077292,-116.208244,-116.2443622,-116.2372639,-116.3219028,-116.2134882,-116.1425104,-116.274251,-116.284287,-116.2287023,-116.18477,-116.2741747,-116.180993,-116.205531,-116.132874,-116.172557,-116.2123044,-116.195633,-116.2285497,-116.2217642,-116.2633144,-116.238387,-116.3472997,-116.1629067,-116.3268437,-116.1704825,-116.1633,-116.2344009,-116.2684177,-116.2130446,-116.293971,-116.3050215,-116.245916,-116.2743595,-116.1573813,-116.203326,-116.1335834,-116.22412,-116.098622,-116.1210522,-116.222835,-116.326042,-116.2309316,-116.2504264,-116.2709188,-116.183356,-116.247889,-116.1931448,-116.193697,-116.213678,-116.2536306,-116.033712,-116.2297304,-116.192158,-116.3342868,-116.1884035,-116.2085864,-116.191698,-116.2142557,-116.1982766,-116.203924,-116.2036778,-116.0986275,-116.2376974
104,Boise,Idaho,151035,932,Adams elementary school playground,Special use,Open,Developed,North River,Special Use Area,BOISE CITY,0.94082435,GIS,E Warm Springs Ave,Not Classic,,0.0025815729999999998,4.24e-07,E WARM SPRINGS AVE,Special Use,Adams Elementary School Playground,43.6610652,43.6828866,43.679896,43.6605954,43.6104879,,43.6130114,43.6532929,43.6146316,43.5475988,43.6503693,43.617887,43.626294,43.6449789,43.6436012,43.638452,43.636504,43.6351477,43.6319851,43.6303104,43.626552,43.6248542,43.622819,43.6181311,43.6175837,43.616731,43.615077,43.616591,43.6144756,43.613066,43.6103798,43.610273,43.615726,43.6092033,43.614215,43.6151446,43.6144897,43.6052277,43.603333,43.6019085,43.604337,43.601044,43.5973645,43.5953347,43.6147002,43.5944027,43.5960863,43.5933122,43.590637,43.587635,43.5908829,43.5856801,43.5815,43.5883943,43.5783797,43.5774967,43.5772726,43.5880929,43.5734826,43.56389,43.5656557,43.6085474,43.6256985,43.61205,43.6338044,43.5600487,43.595756,43.6093837,43.468523,43.6899475,43.6574399,43.6554753,43.6019602,43.6521854,43.645009,43.6379565,43.6339837,43.6265791,43.6164788,43.6011568,43.5807801,43.563206,43.6147656,43.6187073,43.6112937,43.5824429,43.613342,43.6213324,43.573703,43.5751881,43.6116233,43.611803,43.5290362,43.6519645,43.615314,43.5732785,43.557425,43.6046661,43.610827,43.6153342,43.618824,43.613564,43.6236296,43.6265626,43.6329444,43.5898161,43.6384932,43.6483863,43.681303,43.5992087,43.568633,43.544704,43.626365,43.594577,43.5903778,43.632641,43.5931564,43.551804,43.585974,43.60454,43.620747,43.5947431,43.6688466,43.6555526,43.645532,43.5624883,43.6491983,43.6123158,43.5711014,43.6406514,43.6803871,43.6015064,43.599288,43.6157222,43.6018468,43.639151,43.5834967,43.647575,43.5707023,43.615799,43.552877,43.5689565,43.648724,43.633893,43.6183551,43.5926761,43.590282,43.586311,43.648962,43.6058354,43.5732588,43.5942341,43.6176437,43.635982,43.6129405,43.5734437,43.6194423,43.6023878,43.6122779,43.625927,43.620931,43.6173997,43.615751,43.6171003,43.5526915,43.6920387,-116.2135745,-116.2919211,-116.284887,-116.3456794,-116.2082807,-116.1799021,-116.2960007,-116.2145508,-116.1534075,-116.3544153,-116.2102005,-116.230735,-116.2466671,-116.2284526,-116.194785,-116.215855,-116.2234691,-116.3160828,-116.3243743,-116.268053,-116.1964928,-116.218515,-116.1940438,-116.2226005,-116.199126,-116.191985,-116.2201504,-116.2188586,-116.200583,-116.1898411,-116.208625,-116.2016517,-116.1729855,-116.203086,-116.2147125,-116.2123541,-116.1833698,-116.185561,-116.2149029,-116.321398,-116.337034,-116.2621912,-116.2387254,-116.1858868,-116.1633768,-116.2187273,-116.1777398,-116.184313,-116.198734,-116.2941272,-116.3312438,-116.248724,-116.1735301,-116.1571147,-116.2943564,-116.214027,-116.1910508,-116.2216564,-116.32195,-116.1540997,-116.2610448,-116.2078795,-116.171538,-116.202894,-116.1322349,-116.3140766,-116.2610432,-116.069723,-116.3020825,-116.2330146,-116.3063828,-116.1743447,-116.3007286,-116.305672,-116.27027,-116.2692501,-116.2830959,-116.3192311,-116.1680331,-116.1857617,-116.153317,-116.1786617,-116.2137274,-116.1943893,-116.1696052,-116.2841691,-116.2102647,-116.159217,-116.140329,-116.1827547,-116.207153,-116.1564325,-116.236936,-116.222081,-116.1406764,-116.125789,-116.2333794,-116.228565,-116.314295,-116.223728,-116.189305,-116.1780806,-116.2077292,-116.208244,-116.2443622,-116.2372639,-116.3219028,-116.2134882,-116.1425104,-116.274251,-116.284287,-116.2287023,-116.18477,-116.2741747,-116.180993,-116.205531,-116.132874,-116.172557,-116.2123044,-116.195633,-116.2285497,-116.2217642,-116.2633144,-116.238387,-116.3472997,-116.1629067,-116.3268437,-116.1704825,-116.1633,-116.2344009,-116.2684177,-116.2130446,-116.293971,-116.3050215,-116.245916,-116.2743595,-116.1573813,-116.203326,-116.1335834,-116.22412,-116.098622,-116.1210522,-116.222835,-116.326042,-116.2309316,-116.2504264,-116.2709188,-116.183356,-116.247889,-116.1931448,-116.193697,-116.213678,-116.2536306,-116.033712,-116.2297304,-116.192158,-116.3342868,-116.1884035,-116.2085864,-116.191698,-116.2142557,-116.1982766,-116.203924,-116.2036778,-116.0986275,-116.2376974
105,Boise,Idaho,151036,323,Five mile extension (trees only),Row,Open,ROW,West Bench,Corridor,ACHD,0.32777395,GIS,N Five Mile Rd,Not Classic,,0.011080194,1.48e-07,N FIVE MILE RD,ROW,Five Mile Extension (Trees Only),43.6610652,43.6828866,43.679896,43.6605954,43.6104879,,43.6130114,43.6532929,43.6146316,43.5475988,43.6503693,43.617887,43.626294,43.6449789,43.6436012,43.638452,43.636504,43.6351477,43.6319851,43.6303104,43.626552,43.6248542,43.622819,43.6181311,43.6175837,43.616731,43.615077,43.616591,43.6144756,43.613066,43.6103798,43.610273,43.615726,43.6092033,43.614215,43.6151446,43.6144897,43.6052277,43.603333,43.6019085,43.604337,43.601044,43.5973645,43.5953347,43.6147002,43.5944027,43.5960863,43.5933122,43.590637,43.587635,43.5908829,43.5856801,43.5815,43.5883943,43.5783797,43.5774967,43.5772726,43.5880929,43.5734826,43.56389,43.5656557,43.6085474,43.6256985,43.61205,43.6338044,43.5600487,43.595756,43.6093837,43.468523,43.6899475,43.6574399,43.6554753,43.6019602,43.6521854,43.645009,43.6379565,43.6339837,43.6265791,43.6164788,43.6011568,43.5807801,43.563206,43.6147656,43.6187073,43.6112937,43.5824429,43.613342,43.6213324,43.573703,43.5751881,43.6116233,43.611803,43.5290362,43.6519645,43.615314,43.5732785,43.557425,43.6046661,43.610827,43.6153342,43.618824,43.613564,43.6236296,43.6265626,43.6329444,43.5898161,43.6384932,43.6483863,43.681303,43.5992087,43.568633,43.544704,43.626365,43.594577,43.5903778,43.632641,43.5931564,43.551804,43.585974,43.60454,43.620747,43.5947431,43.6688466,43.6555526,43.645532,43.5624883,43.6491983,43.6123158,43.5711014,43.6406514,43.6803871,43.6015064,43.599288,43.6157222,43.6018468,43.639151,43.5834967,43.647575,43.5707023,43.615799,43.552877,43.5689565,43.648724,43.633893,43.6183551,43.5926761,43.590282,43.586311,43.648962,43.6058354,43.5732588,43.5942341,43.6176437,43.635982,43.6129405,43.5734437,43.6194423,43.6023878,43.6122779,43.625927,43.620931,43.6173997,43.615751,43.6171003,43.5526915,43.6920387,-116.2135745,-116.2919211,-116.284887,-116.3456794,-116.2082807,-116.1799021,-116.2960007,-116.2145508,-116.1534075,-116.3544153,-116.2102005,-116.230735,-116.2466671,-116.2284526,-116.194785,-116.215855,-116.2234691,-116.3160828,-116.3243743,-116.268053,-116.1964928,-116.218515,-116.1940438,-116.2226005,-116.199126,-116.191985,-116.2201504,-116.2188586,-116.200583,-116.1898411,-116.208625,-116.2016517,-116.1729855,-116.203086,-116.2147125,-116.2123541,-116.1833698,-116.185561,-116.2149029,-116.321398,-116.337034,-116.2621912,-116.2387254,-116.1858868,-116.1633768,-116.2187273,-116.1777398,-116.184313,-116.198734,-116.2941272,-116.3312438,-116.248724,-116.1735301,-116.1571147,-116.2943564,-116.214027,-116.1910508,-116.2216564,-116.32195,-116.1540997,-116.2610448,-116.2078795,-116.171538,-116.202894,-116.1322349,-116.3140766,-116.2610432,-116.069723,-116.3020825,-116.2330146,-116.3063828,-116.1743447,-116.3007286,-116.305672,-116.27027,-116.2692501,-116.2830959,-116.3192311,-116.1680331,-116.1857617,-116.153317,-116.1786617,-116.2137274,-116.1943893,-116.1696052,-116.2841691,-116.2102647,-116.159217,-116.140329,-116.1827547,-116.207153,-116.1564325,-116.236936,-116.222081,-116.1406764,-116.125789,-116.2333794,-116.228565,-116.314295,-116.223728,-116.189305,-116.1780806,-116.2077292,-116.208244,-116.2443622,-116.2372639,-116.3219028,-116.2134882,-116.1425104,-116.274251,-116.284287,-116.2287023,-116.18477,-116.2741747,-116.180993,-116.205531,-116.132874,-116.172557,-116.2123044,-116.195633,-116.2285497,-116.2217642,-116.2633144,-116.238387,-116.3472997,-116.1629067,-116.3268437,-116.1704825,-116.1633,-116.2344009,-116.2684177,-116.2130446,-116.293971,-116.3050215,-116.245916,-116.2743595,-116.1573813,-116.203326,-116.1335834,-116.22412,-116.098622,-116.1210522,-116.222835,-116.326042,-116.2309316,-116.2504264,-116.2709188,-116.183356,-116.247889,-116.1931448,-116.193697,-116.213678,-116.2536306,-116.033712,-116.2297304,-116.192158,-116.3342868,-116.1884035,-116.2085864,-116.191698,-116.2142557,-116.1982766,-116.203924,-116.2036778,-116.0986275,-116.2376974
106,Boise,Idaho,151037,926,Fire training center,Special use,Open_Restricted,Developed,North River,Special Use Area,BOISE CITY (BOISE PARKS & RECREATION),1.46682075,GIS,W Shoreline Dr,Not Classic,Fire-Training-Center,0.003880558,6.620000000000001e-07,W SHORELINE DR,Special Use,Fire Training Center,43.6610652,43.6828866,43.679896,43.6605954,43.6104879,,43.6130114,43.6532929,43.6146316,43.5475988,43.6503693,43.617887,43.626294,43.6449789,43.6436012,43.638452,43.636504,43.6351477,43.6319851,43.6303104,43.626552,43.6248542,43.622819,43.6181311,43.6175837,43.616731,43.615077,43.616591,43.6144756,43.613066,43.6103798,43.610273,43.615726,43.6092033,43.614215,43.6151446,43.6144897,43.6052277,43.603333,43.6019085,43.604337,43.601044,43.5973645,43.5953347,43.6147002,43.5944027,43.5960863,43.5933122,43.590637,43.587635,43.5908829,43.5856801,43.5815,43.5883943,43.5783797,43.5774967,43.5772726,43.5880929,43.5734826,43.56389,43.5656557,43.6085474,43.6256985,43.61205,43.6338044,43.5600487,43.595756,43.6093837,43.468523,43.6899475,43.6574399,43.6554753,43.6019602,43.6521854,43.645009,43.6379565,43.6339837,43.6265791,43.6164788,43.6011568,43.5807801,43.563206,43.6147656,43.6187073,43.6112937,43.5824429,43.613342,43.6213324,43.573703,43.5751881,43.6116233,43.611803,43.5290362,43.6519645,43.615314,43.5732785,43.557425,43.6046661,43.610827,43.6153342,43.618824,43.613564,43.6236296,43.6265626,43.6329444,43.5898161,43.6384932,43.6483863,43.681303,43.5992087,43.568633,43.544704,43.626365,43.594577,43.5903778,43.632641,43.5931564,43.551804,43.585974,43.60454,43.620747,43.5947431,43.6688466,43.6555526,43.645532,43.5624883,43.6491983,43.6123158,43.5711014,43.6406514,43.6803871,43.6015064,43.599288,43.6157222,43.6018468,43.639151,43.5834967,43.647575,43.5707023,43.615799,43.552877,43.5689565,43.648724,43.633893,43.6183551,43.5926761,43.590282,43.586311,43.648962,43.6058354,43.5732588,43.5942341,43.6176437,43.635982,43.6129405,43.5734437,43.6194423,43.6023878,43.6122779,43.625927,43.620931,43.6173997,43.615751,43.6171003,43.5526915,43.6920387,-116.2135745,-116.2919211,-116.284887,-116.3456794,-116.2082807,-116.1799021,-116.2960007,-116.2145508,-116.1534075,-116.3544153,-116.2102005,-116.230735,-116.2466671,-116.2284526,-116.194785,-116.215855,-116.2234691,-116.3160828,-116.3243743,-116.268053,-116.1964928,-116.218515,-116.1940438,-116.2226005,-116.199126,-116.191985,-116.2201504,-116.2188586,-116.200583,-116.1898411,-116.208625,-116.2016517,-116.1729855,-116.203086,-116.2147125,-116.2123541,-116.1833698,-116.185561,-116.2149029,-116.321398,-116.337034,-116.2621912,-116.2387254,-116.1858868,-116.1633768,-116.2187273,-116.1777398,-116.184313,-116.198734,-116.2941272,-116.3312438,-116.248724,-116.1735301,-116.1571147,-116.2943564,-116.214027,-116.1910508,-116.2216564,-116.32195,-116.1540997,-116.2610448,-116.2078795,-116.171538,-116.202894,-116.1322349,-116.3140766,-116.2610432,-116.069723,-116.3020825,-116.2330146,-116.3063828,-116.1743447,-116.3007286,-116.305672,-116.27027,-116.2692501,-116.2830959,-116.3192311,-116.1680331,-116.1857617,-116.153317,-116.1786617,-116.2137274,-116.1943893,-116.1696052,-116.2841691,-116.2102647,-116.159217,-116.140329,-116.1827547,-116.207153,-116.1564325,-116.236936,-116.222081,-116.1406764,-116.125789,-116.2333794,-116.228565,-116.314295,-116.223728,-116.189305,-116.1780806,-116.2077292,-116.208244,-116.2443622,-116.2372639,-116.3219028,-116.2134882,-116.1425104,-116.274251,-116.284287,-116.2287023,-116.18477,-116.2741747,-116.180993,-116.205531,-116.132874,-116.172557,-116.2123044,-116.195633,-116.2285497,-116.2217642,-116.2633144,-116.238387,-116.3472997,-116.1629067,-116.3268437,-116.1704825,-116.1633,-116.2344009,-116.2684177,-116.2130446,-116.293971,-116.3050215,-116.245916,-116.2743595,-116.1573813,-116.203326,-116.1335834,-116.22412,-116.098622,-116.1210522,-116.222835,-116.326042,-116.2309316,-116.2504264,-116.2709188,-116.183356,-116.247889,-116.1931448,-116.193697,-116.213678,-116.2536306,-116.033712,-116.2297304,-116.192158,-116.3342868,-116.1884035,-116.2085864,-116.191698,-116.2142557,-116.1982766,-116.203924,-116.2036778,-116.0986275,-116.2376974
107,Boise,Idaho,151040,333,Logan/reserve row,Row,Open,ROW,North River,Corridor,ACHD,0.05821775,GIS,Logan St,Not Classic,,0.00071764,2.62e-08,LOGAN ST,ROW,Logan/Reserve ROW,43.6610652,43.6828866,43.679896,43.6605954,43.6104879,,43.6130114,43.6532929,43.6146316,43.5475988,43.6503693,43.617887,43.626294,43.6449789,43.6436012,43.638452,43.636504,43.6351477,43.6319851,43.6303104,43.626552,43.6248542,43.622819,43.6181311,43.6175837,43.616731,43.615077,43.616591,43.6144756,43.613066,43.6103798,43.610273,43.615726,43.6092033,43.614215,43.6151446,43.6144897,43.6052277,43.603333,43.6019085,43.604337,43.601044,43.5973645,43.5953347,43.6147002,43.5944027,43.5960863,43.5933122,43.590637,43.587635,43.5908829,43.5856801,43.5815,43.5883943,43.5783797,43.5774967,43.5772726,43.5880929,43.5734826,43.56389,43.5656557,43.6085474,43.6256985,43.61205,43.6338044,43.5600487,43.595756,43.6093837,43.468523,43.6899475,43.6574399,43.6554753,43.6019602,43.6521854,43.645009,43.6379565,43.6339837,43.6265791,43.6164788,43.6011568,43.5807801,43.563206,43.6147656,43.6187073,43.6112937,43.5824429,43.613342,43.6213324,43.573703,43.5751881,43.6116233,43.611803,43.5290362,43.6519645,43.615314,43.5732785,43.557425,43.6046661,43.610827,43.6153342,43.618824,43.613564,43.6236296,43.6265626,43.6329444,43.5898161,43.6384932,43.6483863,43.681303,43.5992087,43.568633,43.544704,43.626365,43.594577,43.5903778,43.632641,43.5931564,43.551804,43.585974,43.60454,43.620747,43.5947431,43.6688466,43.6555526,43.645532,43.5624883,43.6491983,43.6123158,43.5711014,43.6406514,43.6803871,43.6015064,43.599288,43.6157222,43.6018468,43.639151,43.5834967,43.647575,43.5707023,43.615799,43.552877,43.5689565,43.648724,43.633893,43.6183551,43.5926761,43.590282,43.586311,43.648962,43.6058354,43.5732588,43.5942341,43.6176437,43.635982,43.6129405,43.5734437,43.6194423,43.6023878,43.6122779,43.625927,43.620931,43.6173997,43.615751,43.6171003,43.5526915,43.6920387,-116.2135745,-116.2919211,-116.284887,-116.3456794,-116.2082807,-116.1799021,-116.2960007,-116.2145508,-116.1534075,-116.3544153,-116.2102005,-116.230735,-116.2466671,-116.2284526,-116.194785,-116.215855,-116.2234691,-116.3160828,-116.3243743,-116.268053,-116.1964928,-116.218515,-116.1940438,-116.2226005,-116.199126,-116.191985,-116.2201504,-116.2188586,-116.200583,-116.1898411,-116.208625,-116.2016517,-116.1729855,-116.203086,-116.2147125,-116.2123541,-116.1833698,-116.185561,-116.2149029,-116.321398,-116.337034,-116.2621912,-116.2387254,-116.1858868,-116.1633768,-116.2187273,-116.1777398,-116.184313,-116.198734,-116.2941272,-116.3312438,-116.248724,-116.1735301,-116.1571147,-116.2943564,-116.214027,-116.1910508,-116.2216564,-116.32195,-116.1540997,-116.2610448,-116.2078795,-116.171538,-116.202894,-116.1322349,-116.3140766,-116.2610432,-116.069723,-116.3020825,-116.2330146,-116.3063828,-116.1743447,-116.3007286,-116.305672,-116.27027,-116.2692501,-116.2830959,-116.3192311,-116.1680331,-116.1857617,-116.153317,-116.1786617,-116.2137274,-116.1943893,-116.1696052,-116.2841691,-116.2102647,-116.159217,-116.140329,-116.1827547,-116.207153,-116.1564325,-116.236936,-116.222081,-116.1406764,-116.125789,-116.2333794,-116.228565,-116.314295,-116.223728,-116.189305,-116.1780806,-116.2077292,-116.208244,-116.2443622,-116.2372639,-116.3219028,-116.2134882,-116.1425104,-116.274251,-116.284287,-116.2287023,-116.18477,-116.2741747,-116.180993,-116.205531,-116.132874,-116.172557,-116.2123044,-116.195633,-116.2285497,-116.2217642,-116.2633144,-116.238387,-116.3472997,-116.1629067,-116.3268437,-116.1704825,-116.1633,-116.2344009,-116.2684177,-116.2130446,-116.293971,-116.3050215,-116.245916,-116.2743595,-116.1573813,-116.203326,-116.1335834,-116.22412,-116.098622,-116.1210522,-116.222835,-116.326042,-116.2309316,-116.2504264,-116.2709188,-116.183356,-116.247889,-116.1931448,-116.193697,-116.213678,-116.2536306,-116.033712,-116.2297304,-116.192158,-116.3342868,-116.1884035,-116.2085864,-116.191698,-116.2142557,-116.1982766,-116.203924,-116.2036778,-116.0986275,-116.2376974
108,Boise,Idaho,151041,293,Fort boise military reserve cemetery,Special use,Open,Developed,North River,Historical/Cultural,BOISE CITY,1.12,Ada County Database,1101 N Mountain Cove Rd,Not Classic,Fort-Boise-Military-Reserve-Cemetery,0.003029843,5.44e-07,1101 N MOUNTAIN COVE RD,Special Use,Fort Boise Military Reserve Cemetery,43.6610652,43.6828866,43.679896,43.6605954,43.6104879,,43.6130114,43.6532929,43.6146316,43.5475988,43.6503693,43.617887,43.626294,43.6449789,43.6436012,43.638452,43.636504,43.6351477,43.6319851,43.6303104,43.626552,43.6248542,43.622819,43.6181311,43.6175837,43.616731,43.615077,43.616591,43.6144756,43.613066,43.6103798,43.610273,43.615726,43.6092033,43.614215,43.6151446,43.6144897,43.6052277,43.603333,43.6019085,43.604337,43.601044,43.5973645,43.5953347,43.6147002,43.5944027,43.5960863,43.5933122,43.590637,43.587635,43.5908829,43.5856801,43.5815,43.5883943,43.5783797,43.5774967,43.5772726,43.5880929,43.5734826,43.56389,43.5656557,43.6085474,43.6256985,43.61205,43.6338044,43.5600487,43.595756,43.6093837,43.468523,43.6899475,43.6574399,43.6554753,43.6019602,43.6521854,43.645009,43.6379565,43.6339837,43.6265791,43.6164788,43.6011568,43.5807801,43.563206,43.6147656,43.6187073,43.6112937,43.5824429,43.613342,43.6213324,43.573703,43.5751881,43.6116233,43.611803,43.5290362,43.6519645,43.615314,43.5732785,43.557425,43.6046661,43.610827,43.6153342,43.618824,43.613564,43.6236296,43.6265626,43.6329444,43.5898161,43.6384932,43.6483863,43.681303,43.5992087,43.568633,43.544704,43.626365,43.594577,43.5903778,43.632641,43.5931564,43.551804,43.585974,43.60454,43.620747,43.5947431,43.6688466,43.6555526,43.645532,43.5624883,43.6491983,43.6123158,43.5711014,43.6406514,43.6803871,43.6015064,43.599288,43.6157222,43.6018468,43.639151,43.5834967,43.647575,43.5707023,43.615799,43.552877,43.5689565,43.648724,43.633893,43.6183551,43.5926761,43.590282,43.586311,43.648962,43.6058354,43.5732588,43.5942341,43.6176437,43.635982,43.6129405,43.5734437,43.6194423,43.6023878,43.6122779,43.625927,43.620931,43.6173997,43.615751,43.6171003,43.5526915,43.6920387,-116.2135745,-116.2919211,-116.284887,-116.3456794,-116.2082807,-116.1799021,-116.2960007,-116.2145508,-116.1534075,-116.3544153,-116.2102005,-116.230735,-116.2466671,-116.2284526,-116.194785,-116.215855,-116.2234691,-116.3160828,-116.3243743,-116.268053,-116.1964928,-116.218515,-116.1940438,-116.2226005,-116.199126,-116.191985,-116.2201504,-116.2188586,-116.200583,-116.1898411,-116.208625,-116.2016517,-116.1729855,-116.203086,-116.2147125,-116.2123541,-116.1833698,-116.185561,-116.2149029,-116.321398,-116.337034,-116.2621912,-116.2387254,-116.1858868,-116.1633768,-116.2187273,-116.1777398,-116.184313,-116.198734,-116.2941272,-116.3312438,-116.248724,-116.1735301,-116.1571147,-116.2943564,-116.214027,-116.1910508,-116.2216564,-116.32195,-116.1540997,-116.2610448,-116.2078795,-116.171538,-116.202894,-116.1322349,-116.3140766,-116.2610432,-116.069723,-116.3020825,-116.2330146,-116.3063828,-116.1743447,-116.3007286,-116.305672,-116.27027,-116.2692501,-116.2830959,-116.3192311,-116.1680331,-116.1857617,-116.153317,-116.1786617,-116.2137274,-116.1943893,-116.1696052,-116.2841691,-116.2102647,-116.159217,-116.140329,-116.1827547,-116.207153,-116.1564325,-116.236936,-116.222081,-116.1406764,-116.125789,-116.2333794,-116.228565,-116.314295,-116.223728,-116.189305,-116.1780806,-116.2077292,-116.208244,-116.2443622,-116.2372639,-116.3219028,-116.2134882,-116.1425104,-116.274251,-116.284287,-116.2287023,-116.18477,-116.2741747,-116.180993,-116.205531,-116.132874,-116.172557,-116.2123044,-116.195633,-116.2285497,-116.2217642,-116.2633144,-116.238387,-116.3472997,-116.1629067,-116.3268437,-116.1704825,-116.1633,-116.2344009,-116.2684177,-116.2130446,-116.293971,-116.3050215,-116.245916,-116.2743595,-116.1573813,-116.203326,-116.1335834,-116.22412,-116.098622,-116.1210522,-116.222835,-116.326042,-116.2309316,-116.2504264,-116.2709188,-116.183356,-116.247889,-116.1931448,-116.193697,-116.213678,-116.2536306,-116.033712,-116.2297304,-116.192158,-116.3342868,-116.1884035,-116.2085864,-116.191698,-116.2142557,-116.1982766,-116.203924,-116.2036778,-116.0986275,-116.2376974
109,Boise,Idaho,151042,140,Mcauley park,Mini,Open,Developed,North River,Passive Park,BOISE CITY (BOISE PARKS & RECREATION),0.3497613,GIS,1655 W Resseguie St,Not Classic,McAuley-Park,0.00163843,1.58e-07,1655 W RESSEGUIE ST,Mini,McAuley Park,43.6610652,43.6828866,43.679896,43.6605954,43.6104879,,43.6130114,43.6532929,43.6146316,43.5475988,43.6503693,43.617887,43.626294,43.6449789,43.6436012,43.638452,43.636504,43.6351477,43.6319851,43.6303104,43.626552,43.6248542,43.622819,43.6181311,43.6175837,43.616731,43.615077,43.616591,43.6144756,43.613066,43.6103798,43.610273,43.615726,43.6092033,43.614215,43.6151446,43.6144897,43.6052277,43.603333,43.6019085,43.604337,43.601044,43.5973645,43.5953347,43.6147002,43.5944027,43.5960863,43.5933122,43.590637,43.587635,43.5908829,43.5856801,43.5815,43.5883943,43.5783797,43.5774967,43.5772726,43.5880929,43.5734826,43.56389,43.5656557,43.6085474,43.6256985,43.61205,43.6338044,43.5600487,43.595756,43.6093837,43.468523,43.6899475,43.6574399,43.6554753,43.6019602,43.6521854,43.645009,43.6379565,43.6339837,43.6265791,43.6164788,43.6011568,43.5807801,43.563206,43.6147656,43.6187073,43.6112937,43.5824429,43.613342,43.6213324,43.573703,43.5751881,43.6116233,43.611803,43.5290362,43.6519645,43.615314,43.5732785,43.557425,43.6046661,43.610827,43.6153342,43.618824,43.613564,43.6236296,43.6265626,43.6329444,43.5898161,43.6384932,43.6483863,43.681303,43.5992087,43.568633,43.544704,43.626365,43.594577,43.5903778,43.632641,43.5931564,43.551804,43.585974,43.60454,43.620747,43.5947431,43.6688466,43.6555526,43.645532,43.5624883,43.6491983,43.6123158,43.5711014,43.6406514,43.6803871,43.6015064,43.599288,43.6157222,43.6018468,43.639151,43.5834967,43.647575,43.5707023,43.615799,43.552877,43.5689565,43.648724,43.633893,43.6183551,43.5926761,43.590282,43.586311,43.648962,43.6058354,43.5732588,43.5942341,43.6176437,43.635982,43.6129405,43.5734437,43.6194423,43.6023878,43.6122779,43.625927,43.620931,43.6173997,43.615751,43.6171003,43.5526915,43.6920387,-116.2135745,-116.2919211,-116.284887,-116.3456794,-116.2082807,-116.1799021,-116.2960007,-116.2145508,-116.1534075,-116.3544153,-116.2102005,-116.230735,-116.2466671,-116.2284526,-116.194785,-116.215855,-116.2234691,-116.3160828,-116.3243743,-116.268053,-116.1964928,-116.218515,-116.1940438,-116.2226005,-116.199126,-116.191985,-116.2201504,-116.2188586,-116.200583,-116.1898411,-116.208625,-116.2016517,-116.1729855,-116.203086,-116.2147125,-116.2123541,-116.1833698,-116.185561,-116.2149029,-116.321398,-116.337034,-116.2621912,-116.2387254,-116.1858868,-116.1633768,-116.2187273,-116.1777398,-116.184313,-116.198734,-116.2941272,-116.3312438,-116.248724,-116.1735301,-116.1571147,-116.2943564,-116.214027,-116.1910508,-116.2216564,-116.32195,-116.1540997,-116.2610448,-116.2078795,-116.171538,-116.202894,-116.1322349,-116.3140766,-116.2610432,-116.069723,-116.3020825,-116.2330146,-116.3063828,-116.1743447,-116.3007286,-116.305672,-116.27027,-116.2692501,-116.2830959,-116.3192311,-116.1680331,-116.1857617,-116.153317,-116.1786617,-116.2137274,-116.1943893,-116.1696052,-116.2841691,-116.2102647,-116.159217,-116.140329,-116.1827547,-116.207153,-116.1564325,-116.236936,-116.222081,-116.1406764,-116.125789,-116.2333794,-116.228565,-116.314295,-116.223728,-116.189305,-116.1780806,-116.2077292,-116.208244,-116.2443622,-116.2372639,-116.3219028,-116.2134882,-116.1425104,-116.274251,-116.284287,-116.2287023,-116.18477,-116.2741747,-116.180993,-116.205531,-116.132874,-116.172557,-116.2123044,-116.195633,-116.2285497,-116.2217642,-116.2633144,-116.238387,-116.3472997,-116.1629067,-116.3268437,-116.1704825,-116.1633,-116.2344009,-116.2684177,-116.2130446,-116.293971,-116.3050215,-116.245916,-116.2743595,-116.1573813,-116.203326,-116.1335834,-116.22412,-116.098622,-116.1210522,-116.222835,-116.326042,-116.2309316,-116.2504264,-116.2709188,-116.183356,-116.247889,-116.1931448,-116.193697,-116.213678,-116.2536306,-116.033712,-116.2297304,-116.192158,-116.3342868,-116.1884035,-116.2085864,-116.191698,-116.2142557,-116.1982766,-116.203924,-116.2036778,-116.0986275,-116.2376974
110,Boise,Idaho,151043,325,Harrison blvd row,Row,Open,ROW,North River,Corridor,ACHD,1.29453514,GIS,N Harrison Blvd,Not Classic,,0.022375386,5.839999999999999e-07,N HARRISON BLVD,ROW,Harrison Blvd ROW,43.6610652,43.6828866,43.679896,43.6605954,43.6104879,,43.6130114,43.6532929,43.6146316,43.5475988,43.6503693,43.617887,43.626294,43.6449789,43.6436012,43.638452,43.636504,43.6351477,43.6319851,43.6303104,43.626552,43.6248542,43.622819,43.6181311,43.6175837,43.616731,43.615077,43.616591,43.6144756,43.613066,43.6103798,43.610273,43.615726,43.6092033,43.614215,43.6151446,43.6144897,43.6052277,43.603333,43.6019085,43.604337,43.601044,43.5973645,43.5953347,43.6147002,43.5944027,43.5960863,43.5933122,43.590637,43.587635,43.5908829,43.5856801,43.5815,43.5883943,43.5783797,43.5774967,43.5772726,43.5880929,43.5734826,43.56389,43.5656557,43.6085474,43.6256985,43.61205,43.6338044,43.5600487,43.595756,43.6093837,43.468523,43.6899475,43.6574399,43.6554753,43.6019602,43.6521854,43.645009,43.6379565,43.6339837,43.6265791,43.6164788,43.6011568,43.5807801,43.563206,43.6147656,43.6187073,43.6112937,43.5824429,43.613342,43.6213324,43.573703,43.5751881,43.6116233,43.611803,43.5290362,43.6519645,43.615314,43.5732785,43.557425,43.6046661,43.610827,43.6153342,43.618824,43.613564,43.6236296,43.6265626,43.6329444,43.5898161,43.6384932,43.6483863,43.681303,43.5992087,43.568633,43.544704,43.626365,43.594577,43.5903778,43.632641,43.5931564,43.551804,43.585974,43.60454,43.620747,43.5947431,43.6688466,43.6555526,43.645532,43.5624883,43.6491983,43.6123158,43.5711014,43.6406514,43.6803871,43.6015064,43.599288,43.6157222,43.6018468,43.639151,43.5834967,43.647575,43.5707023,43.615799,43.552877,43.5689565,43.648724,43.633893,43.6183551,43.5926761,43.590282,43.586311,43.648962,43.6058354,43.5732588,43.5942341,43.6176437,43.635982,43.6129405,43.5734437,43.6194423,43.6023878,43.6122779,43.625927,43.620931,43.6173997,43.615751,43.6171003,43.5526915,43.6920387,-116.2135745,-116.2919211,-116.284887,-116.3456794,-116.2082807,-116.1799021,-116.2960007,-116.2145508,-116.1534075,-116.3544153,-116.2102005,-116.230735,-116.2466671,-116.2284526,-116.194785,-116.215855,-116.2234691,-116.3160828,-116.3243743,-116.268053,-116.1964928,-116.218515,-116.1940438,-116.2226005,-116.199126,-116.191985,-116.2201504,-116.2188586,-116.200583,-116.1898411,-116.208625,-116.2016517,-116.1729855,-116.203086,-116.2147125,-116.2123541,-116.1833698,-116.185561,-116.2149029,-116.321398,-116.337034,-116.2621912,-116.2387254,-116.1858868,-116.1633768,-116.2187273,-116.1777398,-116.184313,-116.198734,-116.2941272,-116.3312438,-116.248724,-116.1735301,-116.1571147,-116.2943564,-116.214027,-116.1910508,-116.2216564,-116.32195,-116.1540997,-116.2610448,-116.2078795,-116.171538,-116.202894,-116.1322349,-116.3140766,-116.2610432,-116.069723,-116.3020825,-116.2330146,-116.3063828,-116.1743447,-116.3007286,-116.305672,-116.27027,-116.2692501,-116.2830959,-116.3192311,-116.1680331,-116.1857617,-116.153317,-116.1786617,-116.2137274,-116.1943893,-116.1696052,-116.2841691,-116.2102647,-116.159217,-116.140329,-116.1827547,-116.207153,-116.1564325,-116.236936,-116.222081,-116.1406764,-116.125789,-116.2333794,-116.228565,-116.314295,-116.223728,-116.189305,-116.1780806,-116.2077292,-116.208244,-116.2443622,-116.2372639,-116.3219028,-116.2134882,-116.1425104,-116.274251,-116.284287,-116.2287023,-116.18477,-116.2741747,-116.180993,-116.205531,-116.132874,-116.172557,-116.2123044,-116.195633,-116.2285497,-116.2217642,-116.2633144,-116.238387,-116.3472997,-116.1629067,-116.3268437,-116.1704825,-116.1633,-116.2344009,-116.2684177,-116.2130446,-116.293971,-116.3050215,-116.245916,-116.2743595,-116.1573813,-116.203326,-116.1335834,-116.22412,-116.098622,-116.1210522,-116.222835,-116.326042,-116.2309316,-116.2504264,-116.2709188,-116.183356,-116.247889,-116.1931448,-116.193697,-116.213678,-116.2536306,-116.033712,-116.2297304,-116.192158,-116.3342868,-116.1884035,-116.2085864,-116.191698,-116.2142557,-116.1982766,-116.203924,-116.2036778,-116.0986275,-116.2376974
111,Boise,Idaho,151044,413,Five mile creek trail (easement),Linear,Open,Undeveloped,Southwest,Corridor,MILLCREEK HOMEOWNERS ASSOC INC,0.62,Ada County Database,W Overland Rd,Not Classic,,0.004658575999999999,2.8e-07,W OVERLAND RD,Linear,Five Mile Creek Trail (Easement),43.6610652,43.6828866,43.679896,43.6605954,43.6104879,,43.6130114,43.6532929,43.6146316,43.5475988,43.6503693,43.617887,43.626294,43.6449789,43.6436012,43.638452,43.636504,43.6351477,43.6319851,43.6303104,43.626552,43.6248542,43.622819,43.6181311,43.6175837,43.616731,43.615077,43.616591,43.6144756,43.613066,43.6103798,43.610273,43.615726,43.6092033,43.614215,43.6151446,43.6144897,43.6052277,43.603333,43.6019085,43.604337,43.601044,43.5973645,43.5953347,43.6147002,43.5944027,43.5960863,43.5933122,43.590637,43.587635,43.5908829,43.5856801,43.5815,43.5883943,43.5783797,43.5774967,43.5772726,43.5880929,43.5734826,43.56389,43.5656557,43.6085474,43.6256985,43.61205,43.6338044,43.5600487,43.595756,43.6093837,43.468523,43.6899475,43.6574399,43.6554753,43.6019602,43.6521854,43.645009,43.6379565,43.6339837,43.6265791,43.6164788,43.6011568,43.5807801,43.563206,43.6147656,43.6187073,43.6112937,43.5824429,43.613342,43.6213324,43.573703,43.5751881,43.6116233,43.611803,43.5290362,43.6519645,43.615314,43.5732785,43.557425,43.6046661,43.610827,43.6153342,43.618824,43.613564,43.6236296,43.6265626,43.6329444,43.5898161,43.6384932,43.6483863,43.681303,43.5992087,43.568633,43.544704,43.626365,43.594577,43.5903778,43.632641,43.5931564,43.551804,43.585974,43.60454,43.620747,43.5947431,43.6688466,43.6555526,43.645532,43.5624883,43.6491983,43.6123158,43.5711014,43.6406514,43.6803871,43.6015064,43.599288,43.6157222,43.6018468,43.639151,43.5834967,43.647575,43.5707023,43.615799,43.552877,43.5689565,43.648724,43.633893,43.6183551,43.5926761,43.590282,43.586311,43.648962,43.6058354,43.5732588,43.5942341,43.6176437,43.635982,43.6129405,43.5734437,43.6194423,43.6023878,43.6122779,43.625927,43.620931,43.6173997,43.615751,43.6171003,43.5526915,43.6920387,-116.2135745,-116.2919211,-116.284887,-116.3456794,-116.2082807,-116.1799021,-116.2960007,-116.2145508,-116.1534075,-116.3544153,-116.2102005,-116.230735,-116.2466671,-116.2284526,-116.194785,-116.215855,-116.2234691,-116.3160828,-116.3243743,-116.268053,-116.1964928,-116.218515,-116.1940438,-116.2226005,-116.199126,-116.191985,-116.2201504,-116.2188586,-116.200583,-116.1898411,-116.208625,-116.2016517,-116.1729855,-116.203086,-116.2147125,-116.2123541,-116.1833698,-116.185561,-116.2149029,-116.321398,-116.337034,-116.2621912,-116.2387254,-116.1858868,-116.1633768,-116.2187273,-116.1777398,-116.184313,-116.198734,-116.2941272,-116.3312438,-116.248724,-116.1735301,-116.1571147,-116.2943564,-116.214027,-116.1910508,-116.2216564,-116.32195,-116.1540997,-116.2610448,-116.2078795,-116.171538,-116.202894,-116.1322349,-116.3140766,-116.2610432,-116.069723,-116.3020825,-116.2330146,-116.3063828,-116.1743447,-116.3007286,-116.305672,-116.27027,-116.2692501,-116.2830959,-116.3192311,-116.1680331,-116.1857617,-116.153317,-116.1786617,-116.2137274,-116.1943893,-116.1696052,-116.2841691,-116.2102647,-116.159217,-116.140329,-116.1827547,-116.207153,-116.1564325,-116.236936,-116.222081,-116.1406764,-116.125789,-116.2333794,-116.228565,-116.314295,-116.223728,-116.189305,-116.1780806,-116.2077292,-116.208244,-116.2443622,-116.2372639,-116.3219028,-116.2134882,-116.1425104,-116.274251,-116.284287,-116.2287023,-116.18477,-116.2741747,-116.180993,-116.205531,-116.132874,-116.172557,-116.2123044,-116.195633,-116.2285497,-116.2217642,-116.2633144,-116.238387,-116.3472997,-116.1629067,-116.3268437,-116.1704825,-116.1633,-116.2344009,-116.2684177,-116.2130446,-116.293971,-116.3050215,-116.245916,-116.2743595,-116.1573813,-116.203326,-116.1335834,-116.22412,-116.098622,-116.1210522,-116.222835,-116.326042,-116.2309316,-116.2504264,-116.2709188,-116.183356,-116.247889,-116.1931448,-116.193697,-116.213678,-116.2536306,-116.033712,-116.2297304,-116.192158,-116.3342868,-116.1884035,-116.2085864,-116.191698,-116.2142557,-116.1982766,-116.203924,-116.2036778,-116.0986275,-116.2376974
112,Boise,Idaho,151045,166,Veterans memorial park,Special use,Open,Developed,North River,Mixed-use Park,STATE OF IDAHO,78.6,Ada County Database,930 N Veterans Memorial Pkwy,Classic,Veterans-Memorial-Park,0.044040777999999996,3.5499999999999996e-05,930 N VETERANS MEMORIAL PKWY,Special Use,Veterans Memorial Park,43.6610652,43.6828866,43.679896,43.6605954,43.6104879,,43.6130114,43.6532929,43.6146316,43.5475988,43.6503693,43.617887,43.626294,43.6449789,43.6436012,43.638452,43.636504,43.6351477,43.6319851,43.6303104,43.626552,43.6248542,43.622819,43.6181311,43.6175837,43.616731,43.615077,43.616591,43.6144756,43.613066,43.6103798,43.610273,43.615726,43.6092033,43.614215,43.6151446,43.6144897,43.6052277,43.603333,43.6019085,43.604337,43.601044,43.5973645,43.5953347,43.6147002,43.5944027,43.5960863,43.5933122,43.590637,43.587635,43.5908829,43.5856801,43.5815,43.5883943,43.5783797,43.5774967,43.5772726,43.5880929,43.5734826,43.56389,43.5656557,43.6085474,43.6256985,43.61205,43.6338044,43.5600487,43.595756,43.6093837,43.468523,43.6899475,43.6574399,43.6554753,43.6019602,43.6521854,43.645009,43.6379565,43.6339837,43.6265791,43.6164788,43.6011568,43.5807801,43.563206,43.6147656,43.6187073,43.6112937,43.5824429,43.613342,43.6213324,43.573703,43.5751881,43.6116233,43.611803,43.5290362,43.6519645,43.615314,43.5732785,43.557425,43.6046661,43.610827,43.6153342,43.618824,43.613564,43.6236296,43.6265626,43.6329444,43.5898161,43.6384932,43.6483863,43.681303,43.5992087,43.568633,43.544704,43.626365,43.594577,43.5903778,43.632641,43.5931564,43.551804,43.585974,43.60454,43.620747,43.5947431,43.6688466,43.6555526,43.645532,43.5624883,43.6491983,43.6123158,43.5711014,43.6406514,43.6803871,43.6015064,43.599288,43.6157222,43.6018468,43.639151,43.5834967,43.647575,43.5707023,43.615799,43.552877,43.5689565,43.648724,43.633893,43.6183551,43.5926761,43.590282,43.586311,43.648962,43.6058354,43.5732588,43.5942341,43.6176437,43.635982,43.6129405,43.5734437,43.6194423,43.6023878,43.6122779,43.625927,43.620931,43.6173997,43.615751,43.6171003,43.5526915,43.6920387,-116.2135745,-116.2919211,-116.284887,-116.3456794,-116.2082807,-116.1799021,-116.2960007,-116.2145508,-116.1534075,-116.3544153,-116.2102005,-116.230735,-116.2466671,-116.2284526,-116.194785,-116.215855,-116.2234691,-116.3160828,-116.3243743,-116.268053,-116.1964928,-116.218515,-116.1940438,-116.2226005,-116.199126,-116.191985,-116.2201504,-116.2188586,-116.200583,-116.1898411,-116.208625,-116.2016517,-116.1729855,-116.203086,-116.2147125,-116.2123541,-116.1833698,-116.185561,-116.2149029,-116.321398,-116.337034,-116.2621912,-116.2387254,-116.1858868,-116.1633768,-116.2187273,-116.1777398,-116.184313,-116.198734,-116.2941272,-116.3312438,-116.248724,-116.1735301,-116.1571147,-116.2943564,-116.214027,-116.1910508,-116.2216564,-116.32195,-116.1540997,-116.2610448,-116.2078795,-116.171538,-116.202894,-116.1322349,-116.3140766,-116.2610432,-116.069723,-116.3020825,-116.2330146,-116.3063828,-116.1743447,-116.3007286,-116.305672,-116.27027,-116.2692501,-116.2830959,-116.3192311,-116.1680331,-116.1857617,-116.153317,-116.1786617,-116.2137274,-116.1943893,-116.1696052,-116.2841691,-116.2102647,-116.159217,-116.140329,-116.1827547,-116.207153,-116.1564325,-116.236936,-116.222081,-116.1406764,-116.125789,-116.2333794,-116.228565,-116.314295,-116.223728,-116.189305,-116.1780806,-116.2077292,-116.208244,-116.2443622,-116.2372639,-116.3219028,-116.2134882,-116.1425104,-116.274251,-116.284287,-116.2287023,-116.18477,-116.2741747,-116.180993,-116.205531,-116.132874,-116.172557,-116.2123044,-116.195633,-116.2285497,-116.2217642,-116.2633144,-116.238387,-116.3472997,-116.1629067,-116.3268437,-116.1704825,-116.1633,-116.2344009,-116.2684177,-116.2130446,-116.293971,-116.3050215,-116.245916,-116.2743595,-116.1573813,-116.203326,-116.1335834,-116.22412,-116.098622,-116.1210522,-116.222835,-116.326042,-116.2309316,-116.2504264,-116.2709188,-116.183356,-116.247889,-116.1931448,-116.193697,-116.213678,-116.2536306,-116.033712,-116.2297304,-116.192158,-116.3342868,-116.1884035,-116.2085864,-116.191698,-116.2142557,-116.1982766,-116.203924,-116.2036778,-116.0986275,-116.2376974
113,Boise,Idaho,151046,171,Willow lane athletic complex,Special use,Open,Developed,North River,Active Park,BOISE CITY (BOISE PARKS & RECREATION),60.18242559,GIS,4623 W Willow Ln,Classic,Willow-Lane-Athletic-Complex,0.029060126000000002,2.72e-05,4623 W WILLOW LN,Special Use,Willow Lane Athletic Complex,43.6610652,43.6828866,43.679896,43.6605954,43.6104879,,43.6130114,43.6532929,43.6146316,43.5475988,43.6503693,43.617887,43.626294,43.6449789,43.6436012,43.638452,43.636504,43.6351477,43.6319851,43.6303104,43.626552,43.6248542,43.622819,43.6181311,43.6175837,43.616731,43.615077,43.616591,43.6144756,43.613066,43.6103798,43.610273,43.615726,43.6092033,43.614215,43.6151446,43.6144897,43.6052277,43.603333,43.6019085,43.604337,43.601044,43.5973645,43.5953347,43.6147002,43.5944027,43.5960863,43.5933122,43.590637,43.587635,43.5908829,43.5856801,43.5815,43.5883943,43.5783797,43.5774967,43.5772726,43.5880929,43.5734826,43.56389,43.5656557,43.6085474,43.6256985,43.61205,43.6338044,43.5600487,43.595756,43.6093837,43.468523,43.6899475,43.6574399,43.6554753,43.6019602,43.6521854,43.645009,43.6379565,43.6339837,43.6265791,43.6164788,43.6011568,43.5807801,43.563206,43.6147656,43.6187073,43.6112937,43.5824429,43.613342,43.6213324,43.573703,43.5751881,43.6116233,43.611803,43.5290362,43.6519645,43.615314,43.5732785,43.557425,43.6046661,43.610827,43.6153342,43.618824,43.613564,43.6236296,43.6265626,43.6329444,43.5898161,43.6384932,43.6483863,43.681303,43.5992087,43.568633,43.544704,43.626365,43.594577,43.5903778,43.632641,43.5931564,43.551804,43.585974,43.60454,43.620747,43.5947431,43.6688466,43.6555526,43.645532,43.5624883,43.6491983,43.6123158,43.5711014,43.6406514,43.6803871,43.6015064,43.599288,43.6157222,43.6018468,43.639151,43.5834967,43.647575,43.5707023,43.615799,43.552877,43.5689565,43.648724,43.633893,43.6183551,43.5926761,43.590282,43.586311,43.648962,43.6058354,43.5732588,43.5942341,43.6176437,43.635982,43.6129405,43.5734437,43.6194423,43.6023878,43.6122779,43.625927,43.620931,43.6173997,43.615751,43.6171003,43.5526915,43.6920387,-116.2135745,-116.2919211,-116.284887,-116.3456794,-116.2082807,-116.1799021,-116.2960007,-116.2145508,-116.1534075,-116.3544153,-116.2102005,-116.230735,-116.2466671,-116.2284526,-116.194785,-116.215855,-116.2234691,-116.3160828,-116.3243743,-116.268053,-116.1964928,-116.218515,-116.1940438,-116.2226005,-116.199126,-116.191985,-116.2201504,-116.2188586,-116.200583,-116.1898411,-116.208625,-116.2016517,-116.1729855,-116.203086,-116.2147125,-116.2123541,-116.1833698,-116.185561,-116.2149029,-116.321398,-116.337034,-116.2621912,-116.2387254,-116.1858868,-116.1633768,-116.2187273,-116.1777398,-116.184313,-116.198734,-116.2941272,-116.3312438,-116.248724,-116.1735301,-116.1571147,-116.2943564,-116.214027,-116.1910508,-116.2216564,-116.32195,-116.1540997,-116.2610448,-116.2078795,-116.171538,-116.202894,-116.1322349,-116.3140766,-116.2610432,-116.069723,-116.3020825,-116.2330146,-116.3063828,-116.1743447,-116.3007286,-116.305672,-116.27027,-116.2692501,-116.2830959,-116.3192311,-116.1680331,-116.1857617,-116.153317,-116.1786617,-116.2137274,-116.1943893,-116.1696052,-116.2841691,-116.2102647,-116.159217,-116.140329,-116.1827547,-116.207153,-116.1564325,-116.236936,-116.222081,-116.1406764,-116.125789,-116.2333794,-116.228565,-116.314295,-116.223728,-116.189305,-116.1780806,-116.2077292,-116.208244,-116.2443622,-116.2372639,-116.3219028,-116.2134882,-116.1425104,-116.274251,-116.284287,-116.2287023,-116.18477,-116.2741747,-116.180993,-116.205531,-116.132874,-116.172557,-116.2123044,-116.195633,-116.2285497,-116.2217642,-116.2633144,-116.238387,-116.3472997,-116.1629067,-116.3268437,-116.1704825,-116.1633,-116.2344009,-116.2684177,-116.2130446,-116.293971,-116.3050215,-116.245916,-116.2743595,-116.1573813,-116.203326,-116.1335834,-116.22412,-116.098622,-116.1210522,-116.222835,-116.326042,-116.2309316,-116.2504264,-116.2709188,-116.183356,-116.247889,-116.1931448,-116.193697,-116.213678,-116.2536306,-116.033712,-116.2297304,-116.192158,-116.3342868,-116.1884035,-116.2085864,-116.191698,-116.2142557,-116.1982766,-116.203924,-116.2036778,-116.0986275,-116.2376974
114,Boise,Idaho,151047,256,Pioneer tot lot,Special use,Open,Developed,North River,Special Use Area,BOISE CITY (BOISE PARKS & RECREATION),0.14178217,GIS,1139 W Grand Ave,Not Classic,Pioneer-Tot-Lot,0.001034185,6.4e-08,1139 W GRAND AVE,Special Use,Pioneer Tot Lot,43.6610652,43.6828866,43.679896,43.6605954,43.6104879,,43.6130114,43.6532929,43.6146316,43.5475988,43.6503693,43.617887,43.626294,43.6449789,43.6436012,43.638452,43.636504,43.6351477,43.6319851,43.6303104,43.626552,43.6248542,43.622819,43.6181311,43.6175837,43.616731,43.615077,43.616591,43.6144756,43.613066,43.6103798,43.610273,43.615726,43.6092033,43.614215,43.6151446,43.6144897,43.6052277,43.603333,43.6019085,43.604337,43.601044,43.5973645,43.5953347,43.6147002,43.5944027,43.5960863,43.5933122,43.590637,43.587635,43.5908829,43.5856801,43.5815,43.5883943,43.5783797,43.5774967,43.5772726,43.5880929,43.5734826,43.56389,43.5656557,43.6085474,43.6256985,43.61205,43.6338044,43.5600487,43.595756,43.6093837,43.468523,43.6899475,43.6574399,43.6554753,43.6019602,43.6521854,43.645009,43.6379565,43.6339837,43.6265791,43.6164788,43.6011568,43.5807801,43.563206,43.6147656,43.6187073,43.6112937,43.5824429,43.613342,43.6213324,43.573703,43.5751881,43.6116233,43.611803,43.5290362,43.6519645,43.615314,43.5732785,43.557425,43.6046661,43.610827,43.6153342,43.618824,43.613564,43.6236296,43.6265626,43.6329444,43.5898161,43.6384932,43.6483863,43.681303,43.5992087,43.568633,43.544704,43.626365,43.594577,43.5903778,43.632641,43.5931564,43.551804,43.585974,43.60454,43.620747,43.5947431,43.6688466,43.6555526,43.645532,43.5624883,43.6491983,43.6123158,43.5711014,43.6406514,43.6803871,43.6015064,43.599288,43.6157222,43.6018468,43.639151,43.5834967,43.647575,43.5707023,43.615799,43.552877,43.5689565,43.648724,43.633893,43.6183551,43.5926761,43.590282,43.586311,43.648962,43.6058354,43.5732588,43.5942341,43.6176437,43.635982,43.6129405,43.5734437,43.6194423,43.6023878,43.6122779,43.625927,43.620931,43.6173997,43.615751,43.6171003,43.5526915,43.6920387,-116.2135745,-116.2919211,-116.284887,-116.3456794,-116.2082807,-116.1799021,-116.2960007,-116.2145508,-116.1534075,-116.3544153,-116.2102005,-116.230735,-116.2466671,-116.2284526,-116.194785,-116.215855,-116.2234691,-116.3160828,-116.3243743,-116.268053,-116.1964928,-116.218515,-116.1940438,-116.2226005,-116.199126,-116.191985,-116.2201504,-116.2188586,-116.200583,-116.1898411,-116.208625,-116.2016517,-116.1729855,-116.203086,-116.2147125,-116.2123541,-116.1833698,-116.185561,-116.2149029,-116.321398,-116.337034,-116.2621912,-116.2387254,-116.1858868,-116.1633768,-116.2187273,-116.1777398,-116.184313,-116.198734,-116.2941272,-116.3312438,-116.248724,-116.1735301,-116.1571147,-116.2943564,-116.214027,-116.1910508,-116.2216564,-116.32195,-116.1540997,-116.2610448,-116.2078795,-116.171538,-116.202894,-116.1322349,-116.3140766,-116.2610432,-116.069723,-116.3020825,-116.2330146,-116.3063828,-116.1743447,-116.3007286,-116.305672,-116.27027,-116.2692501,-116.2830959,-116.3192311,-116.1680331,-116.1857617,-116.153317,-116.1786617,-116.2137274,-116.1943893,-116.1696052,-116.2841691,-116.2102647,-116.159217,-116.140329,-116.1827547,-116.207153,-116.1564325,-116.236936,-116.222081,-116.1406764,-116.125789,-116.2333794,-116.228565,-116.314295,-116.223728,-116.189305,-116.1780806,-116.2077292,-116.208244,-116.2443622,-116.2372639,-116.3219028,-116.2134882,-116.1425104,-116.274251,-116.284287,-116.2287023,-116.18477,-116.2741747,-116.180993,-116.205531,-116.132874,-116.172557,-116.2123044,-116.195633,-116.2285497,-116.2217642,-116.2633144,-116.238387,-116.3472997,-116.1629067,-116.3268437,-116.1704825,-116.1633,-116.2344009,-116.2684177,-116.2130446,-116.293971,-116.3050215,-116.245916,-116.2743595,-116.1573813,-116.203326,-116.1335834,-116.22412,-116.098622,-116.1210522,-116.222835,-116.326042,-116.2309316,-116.2504264,-116.2709188,-116.183356,-116.247889,-116.1931448,-116.193697,-116.213678,-116.2536306,-116.033712,-116.2297304,-116.192158,-116.3342868,-116.1884035,-116.2085864,-116.191698,-116.2142557,-116.1982766,-116.203924,-116.2036778,-116.0986275,-116.2376974
115,Boise,Idaho,151048,128,Hewett park,Neighborhood,Open,Developed,West Bench,Active Park,BOISE CITY (BOISE PARKS & RECREATION),6.16,Ada County Database,11211 W Mcmillan Rd,Classic,Hewett-Park,0.011494596000000001,2.71e-06,11211 W MCMILLAN RD,Neighborhood,Hewett Park,43.6610652,43.6828866,43.679896,43.6605954,43.6104879,,43.6130114,43.6532929,43.6146316,43.5475988,43.6503693,43.617887,43.626294,43.6449789,43.6436012,43.638452,43.636504,43.6351477,43.6319851,43.6303104,43.626552,43.6248542,43.622819,43.6181311,43.6175837,43.616731,43.615077,43.616591,43.6144756,43.613066,43.6103798,43.610273,43.615726,43.6092033,43.614215,43.6151446,43.6144897,43.6052277,43.603333,43.6019085,43.604337,43.601044,43.5973645,43.5953347,43.6147002,43.5944027,43.5960863,43.5933122,43.590637,43.587635,43.5908829,43.5856801,43.5815,43.5883943,43.5783797,43.5774967,43.5772726,43.5880929,43.5734826,43.56389,43.5656557,43.6085474,43.6256985,43.61205,43.6338044,43.5600487,43.595756,43.6093837,43.468523,43.6899475,43.6574399,43.6554753,43.6019602,43.6521854,43.645009,43.6379565,43.6339837,43.6265791,43.6164788,43.6011568,43.5807801,43.563206,43.6147656,43.6187073,43.6112937,43.5824429,43.613342,43.6213324,43.573703,43.5751881,43.6116233,43.611803,43.5290362,43.6519645,43.615314,43.5732785,43.557425,43.6046661,43.610827,43.6153342,43.618824,43.613564,43.6236296,43.6265626,43.6329444,43.5898161,43.6384932,43.6483863,43.681303,43.5992087,43.568633,43.544704,43.626365,43.594577,43.5903778,43.632641,43.5931564,43.551804,43.585974,43.60454,43.620747,43.5947431,43.6688466,43.6555526,43.645532,43.5624883,43.6491983,43.6123158,43.5711014,43.6406514,43.6803871,43.6015064,43.599288,43.6157222,43.6018468,43.639151,43.5834967,43.647575,43.5707023,43.615799,43.552877,43.5689565,43.648724,43.633893,43.6183551,43.5926761,43.590282,43.586311,43.648962,43.6058354,43.5732588,43.5942341,43.6176437,43.635982,43.6129405,43.5734437,43.6194423,43.6023878,43.6122779,43.625927,43.620931,43.6173997,43.615751,43.6171003,43.5526915,43.6920387,-116.2135745,-116.2919211,-116.284887,-116.3456794,-116.2082807,-116.1799021,-116.2960007,-116.2145508,-116.1534075,-116.3544153,-116.2102005,-116.230735,-116.2466671,-116.2284526,-116.194785,-116.215855,-116.2234691,-116.3160828,-116.3243743,-116.268053,-116.1964928,-116.218515,-116.1940438,-116.2226005,-116.199126,-116.191985,-116.2201504,-116.2188586,-116.200583,-116.1898411,-116.208625,-116.2016517,-116.1729855,-116.203086,-116.2147125,-116.2123541,-116.1833698,-116.185561,-116.2149029,-116.321398,-116.337034,-116.2621912,-116.2387254,-116.1858868,-116.1633768,-116.2187273,-116.1777398,-116.184313,-116.198734,-116.2941272,-116.3312438,-116.248724,-116.1735301,-116.1571147,-116.2943564,-116.214027,-116.1910508,-116.2216564,-116.32195,-116.1540997,-116.2610448,-116.2078795,-116.171538,-116.202894,-116.1322349,-116.3140766,-116.2610432,-116.069723,-116.3020825,-116.2330146,-116.3063828,-116.1743447,-116.3007286,-116.305672,-116.27027,-116.2692501,-116.2830959,-116.3192311,-116.1680331,-116.1857617,-116.153317,-116.1786617,-116.2137274,-116.1943893,-116.1696052,-116.2841691,-116.2102647,-116.159217,-116.140329,-116.1827547,-116.207153,-116.1564325,-116.236936,-116.222081,-116.1406764,-116.125789,-116.2333794,-116.228565,-116.314295,-116.223728,-116.189305,-116.1780806,-116.2077292,-116.208244,-116.2443622,-116.2372639,-116.3219028,-116.2134882,-116.1425104,-116.274251,-116.284287,-116.2287023,-116.18477,-116.2741747,-116.180993,-116.205531,-116.132874,-116.172557,-116.2123044,-116.195633,-116.2285497,-116.2217642,-116.2633144,-116.238387,-116.3472997,-116.1629067,-116.3268437,-116.1704825,-116.1633,-116.2344009,-116.2684177,-116.2130446,-116.293971,-116.3050215,-116.245916,-116.2743595,-116.1573813,-116.203326,-116.1335834,-116.22412,-116.098622,-116.1210522,-116.222835,-116.326042,-116.2309316,-116.2504264,-116.2709188,-116.183356,-116.247889,-116.1931448,-116.193697,-116.213678,-116.2536306,-116.033712,-116.2297304,-116.192158,-116.3342868,-116.1884035,-116.2085864,-116.191698,-116.2142557,-116.1982766,-116.203924,-116.2036778,-116.0986275,-116.2376974
116,Boise,Idaho,151050,700,Polecat gulch reserve,Open space,Open,Reserve,North River,Natural Area,BOISE CITY,321.9232651,GIS,N Cartwright Rd,Reserve,Polecat-Gulch-Reserve,0.104740167,0.000216231,N CARTWRIGHT RD,Open Space,Polecat Gulch Reserve,43.6610652,43.6828866,43.679896,43.6605954,43.6104879,,43.6130114,43.6532929,43.6146316,43.5475988,43.6503693,43.617887,43.626294,43.6449789,43.6436012,43.638452,43.636504,43.6351477,43.6319851,43.6303104,43.626552,43.6248542,43.622819,43.6181311,43.6175837,43.616731,43.615077,43.616591,43.6144756,43.613066,43.6103798,43.610273,43.615726,43.6092033,43.614215,43.6151446,43.6144897,43.6052277,43.603333,43.6019085,43.604337,43.601044,43.5973645,43.5953347,43.6147002,43.5944027,43.5960863,43.5933122,43.590637,43.587635,43.5908829,43.5856801,43.5815,43.5883943,43.5783797,43.5774967,43.5772726,43.5880929,43.5734826,43.56389,43.5656557,43.6085474,43.6256985,43.61205,43.6338044,43.5600487,43.595756,43.6093837,43.468523,43.6899475,43.6574399,43.6554753,43.6019602,43.6521854,43.645009,43.6379565,43.6339837,43.6265791,43.6164788,43.6011568,43.5807801,43.563206,43.6147656,43.6187073,43.6112937,43.5824429,43.613342,43.6213324,43.573703,43.5751881,43.6116233,43.611803,43.5290362,43.6519645,43.615314,43.5732785,43.557425,43.6046661,43.610827,43.6153342,43.618824,43.613564,43.6236296,43.6265626,43.6329444,43.5898161,43.6384932,43.6483863,43.681303,43.5992087,43.568633,43.544704,43.626365,43.594577,43.5903778,43.632641,43.5931564,43.551804,43.585974,43.60454,43.620747,43.5947431,43.6688466,43.6555526,43.645532,43.5624883,43.6491983,43.6123158,43.5711014,43.6406514,43.6803871,43.6015064,43.599288,43.6157222,43.6018468,43.639151,43.5834967,43.647575,43.5707023,43.615799,43.552877,43.5689565,43.648724,43.633893,43.6183551,43.5926761,43.590282,43.586311,43.648962,43.6058354,43.5732588,43.5942341,43.6176437,43.635982,43.6129405,43.5734437,43.6194423,43.6023878,43.6122779,43.625927,43.620931,43.6173997,43.615751,43.6171003,43.5526915,43.6920387,-116.2135745,-116.2919211,-116.284887,-116.3456794,-116.2082807,-116.1799021,-116.2960007,-116.2145508,-116.1534075,-116.3544153,-116.2102005,-116.230735,-116.2466671,-116.2284526,-116.194785,-116.215855,-116.2234691,-116.3160828,-116.3243743,-116.268053,-116.1964928,-116.218515,-116.1940438,-116.2226005,-116.199126,-116.191985,-116.2201504,-116.2188586,-116.200583,-116.1898411,-116.208625,-116.2016517,-116.1729855,-116.203086,-116.2147125,-116.2123541,-116.1833698,-116.185561,-116.2149029,-116.321398,-116.337034,-116.2621912,-116.2387254,-116.1858868,-116.1633768,-116.2187273,-116.1777398,-116.184313,-116.198734,-116.2941272,-116.3312438,-116.248724,-116.1735301,-116.1571147,-116.2943564,-116.214027,-116.1910508,-116.2216564,-116.32195,-116.1540997,-116.2610448,-116.2078795,-116.171538,-116.202894,-116.1322349,-116.3140766,-116.2610432,-116.069723,-116.3020825,-116.2330146,-116.3063828,-116.1743447,-116.3007286,-116.305672,-116.27027,-116.2692501,-116.2830959,-116.3192311,-116.1680331,-116.1857617,-116.153317,-116.1786617,-116.2137274,-116.1943893,-116.1696052,-116.2841691,-116.2102647,-116.159217,-116.140329,-116.1827547,-116.207153,-116.1564325,-116.236936,-116.222081,-116.1406764,-116.125789,-116.2333794,-116.228565,-116.314295,-116.223728,-116.189305,-116.1780806,-116.2077292,-116.208244,-116.2443622,-116.2372639,-116.3219028,-116.2134882,-116.1425104,-116.274251,-116.284287,-116.2287023,-116.18477,-116.2741747,-116.180993,-116.205531,-116.132874,-116.172557,-116.2123044,-116.195633,-116.2285497,-116.2217642,-116.2633144,-116.238387,-116.3472997,-116.1629067,-116.3268437,-116.1704825,-116.1633,-116.2344009,-116.2684177,-116.2130446,-116.293971,-116.3050215,-116.245916,-116.2743595,-116.1573813,-116.203326,-116.1335834,-116.22412,-116.098622,-116.1210522,-116.222835,-116.326042,-116.2309316,-116.2504264,-116.2709188,-116.183356,-116.247889,-116.1931448,-116.193697,-116.213678,-116.2536306,-116.033712,-116.2297304,-116.192158,-116.3342868,-116.1884035,-116.2085864,-116.191698,-116.2142557,-116.1982766,-116.203924,-116.2036778,-116.0986275,-116.2376974
117,Boise,Idaho,151051,703,Mesa reserve,Open space,Open,Reserve,North River,Natural Area,BOISE CITY,163.72398080000002,GIS,3501 E Table Rock Rd,Reserve,Mesa-Reserve,0.07795289700000001,7.38e-05,3501 E TABLE ROCK RD,Open Space,Mesa Reserve,43.6610652,43.6828866,43.679896,43.6605954,43.6104879,,43.6130114,43.6532929,43.6146316,43.5475988,43.6503693,43.617887,43.626294,43.6449789,43.6436012,43.638452,43.636504,43.6351477,43.6319851,43.6303104,43.626552,43.6248542,43.622819,43.6181311,43.6175837,43.616731,43.615077,43.616591,43.6144756,43.613066,43.6103798,43.610273,43.615726,43.6092033,43.614215,43.6151446,43.6144897,43.6052277,43.603333,43.6019085,43.604337,43.601044,43.5973645,43.5953347,43.6147002,43.5944027,43.5960863,43.5933122,43.590637,43.587635,43.5908829,43.5856801,43.5815,43.5883943,43.5783797,43.5774967,43.5772726,43.5880929,43.5734826,43.56389,43.5656557,43.6085474,43.6256985,43.61205,43.6338044,43.5600487,43.595756,43.6093837,43.468523,43.6899475,43.6574399,43.6554753,43.6019602,43.6521854,43.645009,43.6379565,43.6339837,43.6265791,43.6164788,43.6011568,43.5807801,43.563206,43.6147656,43.6187073,43.6112937,43.5824429,43.613342,43.6213324,43.573703,43.5751881,43.6116233,43.611803,43.5290362,43.6519645,43.615314,43.5732785,43.557425,43.6046661,43.610827,43.6153342,43.618824,43.613564,43.6236296,43.6265626,43.6329444,43.5898161,43.6384932,43.6483863,43.681303,43.5992087,43.568633,43.544704,43.626365,43.594577,43.5903778,43.632641,43.5931564,43.551804,43.585974,43.60454,43.620747,43.5947431,43.6688466,43.6555526,43.645532,43.5624883,43.6491983,43.6123158,43.5711014,43.6406514,43.6803871,43.6015064,43.599288,43.6157222,43.6018468,43.639151,43.5834967,43.647575,43.5707023,43.615799,43.552877,43.5689565,43.648724,43.633893,43.6183551,43.5926761,43.590282,43.586311,43.648962,43.6058354,43.5732588,43.5942341,43.6176437,43.635982,43.6129405,43.5734437,43.6194423,43.6023878,43.6122779,43.625927,43.620931,43.6173997,43.615751,43.6171003,43.5526915,43.6920387,-116.2135745,-116.2919211,-116.284887,-116.3456794,-116.2082807,-116.1799021,-116.2960007,-116.2145508,-116.1534075,-116.3544153,-116.2102005,-116.230735,-116.2466671,-116.2284526,-116.194785,-116.215855,-116.2234691,-116.3160828,-116.3243743,-116.268053,-116.1964928,-116.218515,-116.1940438,-116.2226005,-116.199126,-116.191985,-116.2201504,-116.2188586,-116.200583,-116.1898411,-116.208625,-116.2016517,-116.1729855,-116.203086,-116.2147125,-116.2123541,-116.1833698,-116.185561,-116.2149029,-116.321398,-116.337034,-116.2621912,-116.2387254,-116.1858868,-116.1633768,-116.2187273,-116.1777398,-116.184313,-116.198734,-116.2941272,-116.3312438,-116.248724,-116.1735301,-116.1571147,-116.2943564,-116.214027,-116.1910508,-116.2216564,-116.32195,-116.1540997,-116.2610448,-116.2078795,-116.171538,-116.202894,-116.1322349,-116.3140766,-116.2610432,-116.069723,-116.3020825,-116.2330146,-116.3063828,-116.1743447,-116.3007286,-116.305672,-116.27027,-116.2692501,-116.2830959,-116.3192311,-116.1680331,-116.1857617,-116.153317,-116.1786617,-116.2137274,-116.1943893,-116.1696052,-116.2841691,-116.2102647,-116.159217,-116.140329,-116.1827547,-116.207153,-116.1564325,-116.236936,-116.222081,-116.1406764,-116.125789,-116.2333794,-116.228565,-116.314295,-116.223728,-116.189305,-116.1780806,-116.2077292,-116.208244,-116.2443622,-116.2372639,-116.3219028,-116.2134882,-116.1425104,-116.274251,-116.284287,-116.2287023,-116.18477,-116.2741747,-116.180993,-116.205531,-116.132874,-116.172557,-116.2123044,-116.195633,-116.2285497,-116.2217642,-116.2633144,-116.238387,-116.3472997,-116.1629067,-116.3268437,-116.1704825,-116.1633,-116.2344009,-116.2684177,-116.2130446,-116.293971,-116.3050215,-116.245916,-116.2743595,-116.1573813,-116.203326,-116.1335834,-116.22412,-116.098622,-116.1210522,-116.222835,-116.326042,-116.2309316,-116.2504264,-116.2709188,-116.183356,-116.247889,-116.1931448,-116.193697,-116.213678,-116.2536306,-116.033712,-116.2297304,-116.192158,-116.3342868,-116.1884035,-116.2085864,-116.191698,-116.2142557,-116.1982766,-116.203924,-116.2036778,-116.0986275,-116.2376974
118,Boise,Idaho,151052,218,Murgoitio site,Large urban,Planned,Undeveloped,Southwest,Mixed-use Park,BOISE CITY,157.1542939,GIS,3801 S Cole Rd,Not Classic,,0.048123041,7.08e-05,3801 S COLE RD,Large Urban,Murgoitio Site,43.6610652,43.6828866,43.679896,43.6605954,43.6104879,,43.6130114,43.6532929,43.6146316,43.5475988,43.6503693,43.617887,43.626294,43.6449789,43.6436012,43.638452,43.636504,43.6351477,43.6319851,43.6303104,43.626552,43.6248542,43.622819,43.6181311,43.6175837,43.616731,43.615077,43.616591,43.6144756,43.613066,43.6103798,43.610273,43.615726,43.6092033,43.614215,43.6151446,43.6144897,43.6052277,43.603333,43.6019085,43.604337,43.601044,43.5973645,43.5953347,43.6147002,43.5944027,43.5960863,43.5933122,43.590637,43.587635,43.5908829,43.5856801,43.5815,43.5883943,43.5783797,43.5774967,43.5772726,43.5880929,43.5734826,43.56389,43.5656557,43.6085474,43.6256985,43.61205,43.6338044,43.5600487,43.595756,43.6093837,43.468523,43.6899475,43.6574399,43.6554753,43.6019602,43.6521854,43.645009,43.6379565,43.6339837,43.6265791,43.6164788,43.6011568,43.5807801,43.563206,43.6147656,43.6187073,43.6112937,43.5824429,43.613342,43.6213324,43.573703,43.5751881,43.6116233,43.611803,43.5290362,43.6519645,43.615314,43.5732785,43.557425,43.6046661,43.610827,43.6153342,43.618824,43.613564,43.6236296,43.6265626,43.6329444,43.5898161,43.6384932,43.6483863,43.681303,43.5992087,43.568633,43.544704,43.626365,43.594577,43.5903778,43.632641,43.5931564,43.551804,43.585974,43.60454,43.620747,43.5947431,43.6688466,43.6555526,43.645532,43.5624883,43.6491983,43.6123158,43.5711014,43.6406514,43.6803871,43.6015064,43.599288,43.6157222,43.6018468,43.639151,43.5834967,43.647575,43.5707023,43.615799,43.552877,43.5689565,43.648724,43.633893,43.6183551,43.5926761,43.590282,43.586311,43.648962,43.6058354,43.5732588,43.5942341,43.6176437,43.635982,43.6129405,43.5734437,43.6194423,43.6023878,43.6122779,43.625927,43.620931,43.6173997,43.615751,43.6171003,43.5526915,43.6920387,-116.2135745,-116.2919211,-116.284887,-116.3456794,-116.2082807,-116.1799021,-116.2960007,-116.2145508,-116.1534075,-116.3544153,-116.2102005,-116.230735,-116.2466671,-116.2284526,-116.194785,-116.215855,-116.2234691,-116.3160828,-116.3243743,-116.268053,-116.1964928,-116.218515,-116.1940438,-116.2226005,-116.199126,-116.191985,-116.2201504,-116.2188586,-116.200583,-116.1898411,-116.208625,-116.2016517,-116.1729855,-116.203086,-116.2147125,-116.2123541,-116.1833698,-116.185561,-116.2149029,-116.321398,-116.337034,-116.2621912,-116.2387254,-116.1858868,-116.1633768,-116.2187273,-116.1777398,-116.184313,-116.198734,-116.2941272,-116.3312438,-116.248724,-116.1735301,-116.1571147,-116.2943564,-116.214027,-116.1910508,-116.2216564,-116.32195,-116.1540997,-116.2610448,-116.2078795,-116.171538,-116.202894,-116.1322349,-116.3140766,-116.2610432,-116.069723,-116.3020825,-116.2330146,-116.3063828,-116.1743447,-116.3007286,-116.305672,-116.27027,-116.2692501,-116.2830959,-116.3192311,-116.1680331,-116.1857617,-116.153317,-116.1786617,-116.2137274,-116.1943893,-116.1696052,-116.2841691,-116.2102647,-116.159217,-116.140329,-116.1827547,-116.207153,-116.1564325,-116.236936,-116.222081,-116.1406764,-116.125789,-116.2333794,-116.228565,-116.314295,-116.223728,-116.189305,-116.1780806,-116.2077292,-116.208244,-116.2443622,-116.2372639,-116.3219028,-116.2134882,-116.1425104,-116.274251,-116.284287,-116.2287023,-116.18477,-116.2741747,-116.180993,-116.205531,-116.132874,-116.172557,-116.2123044,-116.195633,-116.2285497,-116.2217642,-116.2633144,-116.238387,-116.3472997,-116.1629067,-116.3268437,-116.1704825,-116.1633,-116.2344009,-116.2684177,-116.2130446,-116.293971,-116.3050215,-116.245916,-116.2743595,-116.1573813,-116.203326,-116.1335834,-116.22412,-116.098622,-116.1210522,-116.222835,-116.326042,-116.2309316,-116.2504264,-116.2709188,-116.183356,-116.247889,-116.1931448,-116.193697,-116.213678,-116.2536306,-116.033712,-116.2297304,-116.192158,-116.3342868,-116.1884035,-116.2085864,-116.191698,-116.2142557,-116.1982766,-116.203924,-116.2036778,-116.0986275,-116.2376974
119,Boise,Idaho,151053,220,Pearl jensen park site,Community,Planned,Undeveloped,Southwest,Active Park,BOISE CITY,64.02,Ada County Database,9920 W Lake Hazel Rd,Not Classic,,0.024520438,2.8800000000000002e-05,9920 W LAKE HAZEL RD,Community,Pearl Jensen Park Site,43.6610652,43.6828866,43.679896,43.6605954,43.6104879,,43.6130114,43.6532929,43.6146316,43.5475988,43.6503693,43.617887,43.626294,43.6449789,43.6436012,43.638452,43.636504,43.6351477,43.6319851,43.6303104,43.626552,43.6248542,43.622819,43.6181311,43.6175837,43.616731,43.615077,43.616591,43.6144756,43.613066,43.6103798,43.610273,43.615726,43.6092033,43.614215,43.6151446,43.6144897,43.6052277,43.603333,43.6019085,43.604337,43.601044,43.5973645,43.5953347,43.6147002,43.5944027,43.5960863,43.5933122,43.590637,43.587635,43.5908829,43.5856801,43.5815,43.5883943,43.5783797,43.5774967,43.5772726,43.5880929,43.5734826,43.56389,43.5656557,43.6085474,43.6256985,43.61205,43.6338044,43.5600487,43.595756,43.6093837,43.468523,43.6899475,43.6574399,43.6554753,43.6019602,43.6521854,43.645009,43.6379565,43.6339837,43.6265791,43.6164788,43.6011568,43.5807801,43.563206,43.6147656,43.6187073,43.6112937,43.5824429,43.613342,43.6213324,43.573703,43.5751881,43.6116233,43.611803,43.5290362,43.6519645,43.615314,43.5732785,43.557425,43.6046661,43.610827,43.6153342,43.618824,43.613564,43.6236296,43.6265626,43.6329444,43.5898161,43.6384932,43.6483863,43.681303,43.5992087,43.568633,43.544704,43.626365,43.594577,43.5903778,43.632641,43.5931564,43.551804,43.585974,43.60454,43.620747,43.5947431,43.6688466,43.6555526,43.645532,43.5624883,43.6491983,43.6123158,43.5711014,43.6406514,43.6803871,43.6015064,43.599288,43.6157222,43.6018468,43.639151,43.5834967,43.647575,43.5707023,43.615799,43.552877,43.5689565,43.648724,43.633893,43.6183551,43.5926761,43.590282,43.586311,43.648962,43.6058354,43.5732588,43.5942341,43.6176437,43.635982,43.6129405,43.5734437,43.6194423,43.6023878,43.6122779,43.625927,43.620931,43.6173997,43.615751,43.6171003,43.5526915,43.6920387,-116.2135745,-116.2919211,-116.284887,-116.3456794,-116.2082807,-116.1799021,-116.2960007,-116.2145508,-116.1534075,-116.3544153,-116.2102005,-116.230735,-116.2466671,-116.2284526,-116.194785,-116.215855,-116.2234691,-116.3160828,-116.3243743,-116.268053,-116.1964928,-116.218515,-116.1940438,-116.2226005,-116.199126,-116.191985,-116.2201504,-116.2188586,-116.200583,-116.1898411,-116.208625,-116.2016517,-116.1729855,-116.203086,-116.2147125,-116.2123541,-116.1833698,-116.185561,-116.2149029,-116.321398,-116.337034,-116.2621912,-116.2387254,-116.1858868,-116.1633768,-116.2187273,-116.1777398,-116.184313,-116.198734,-116.2941272,-116.3312438,-116.248724,-116.1735301,-116.1571147,-116.2943564,-116.214027,-116.1910508,-116.2216564,-116.32195,-116.1540997,-116.2610448,-116.2078795,-116.171538,-116.202894,-116.1322349,-116.3140766,-116.2610432,-116.069723,-116.3020825,-116.2330146,-116.3063828,-116.1743447,-116.3007286,-116.305672,-116.27027,-116.2692501,-116.2830959,-116.3192311,-116.1680331,-116.1857617,-116.153317,-116.1786617,-116.2137274,-116.1943893,-116.1696052,-116.2841691,-116.2102647,-116.159217,-116.140329,-116.1827547,-116.207153,-116.1564325,-116.236936,-116.222081,-116.1406764,-116.125789,-116.2333794,-116.228565,-116.314295,-116.223728,-116.189305,-116.1780806,-116.2077292,-116.208244,-116.2443622,-116.2372639,-116.3219028,-116.2134882,-116.1425104,-116.274251,-116.284287,-116.2287023,-116.18477,-116.2741747,-116.180993,-116.205531,-116.132874,-116.172557,-116.2123044,-116.195633,-116.2285497,-116.2217642,-116.2633144,-116.238387,-116.3472997,-116.1629067,-116.3268437,-116.1704825,-116.1633,-116.2344009,-116.2684177,-116.2130446,-116.293971,-116.3050215,-116.245916,-116.2743595,-116.1573813,-116.203326,-116.1335834,-116.22412,-116.098622,-116.1210522,-116.222835,-116.326042,-116.2309316,-116.2504264,-116.2709188,-116.183356,-116.247889,-116.1931448,-116.193697,-116.213678,-116.2536306,-116.033712,-116.2297304,-116.192158,-116.3342868,-116.1884035,-116.2085864,-116.191698,-116.2142557,-116.1982766,-116.203924,-116.2036778,-116.0986275,-116.2376974
120,Boise,Idaho,151054,120,Esther simplot park,Special use,Open,Developed,North River,Mixed-use Park,BOISE CITY,56.04901628,GIS,3206 W Pleasanton Ave,Not Classic,Esther-Simplot-Park,0.029419288999999998,2.5300000000000002e-05,3206 W PLEASANTON AVE,Special Use,Esther Simplot Park,43.6610652,43.6828866,43.679896,43.6605954,43.6104879,,43.6130114,43.6532929,43.6146316,43.5475988,43.6503693,43.617887,43.626294,43.6449789,43.6436012,43.638452,43.636504,43.6351477,43.6319851,43.6303104,43.626552,43.6248542,43.622819,43.6181311,43.6175837,43.616731,43.615077,43.616591,43.6144756,43.613066,43.6103798,43.610273,43.615726,43.6092033,43.614215,43.6151446,43.6144897,43.6052277,43.603333,43.6019085,43.604337,43.601044,43.5973645,43.5953347,43.6147002,43.5944027,43.5960863,43.5933122,43.590637,43.587635,43.5908829,43.5856801,43.5815,43.5883943,43.5783797,43.5774967,43.5772726,43.5880929,43.5734826,43.56389,43.5656557,43.6085474,43.6256985,43.61205,43.6338044,43.5600487,43.595756,43.6093837,43.468523,43.6899475,43.6574399,43.6554753,43.6019602,43.6521854,43.645009,43.6379565,43.6339837,43.6265791,43.6164788,43.6011568,43.5807801,43.563206,43.6147656,43.6187073,43.6112937,43.5824429,43.613342,43.6213324,43.573703,43.5751881,43.6116233,43.611803,43.5290362,43.6519645,43.615314,43.5732785,43.557425,43.6046661,43.610827,43.6153342,43.618824,43.613564,43.6236296,43.6265626,43.6329444,43.5898161,43.6384932,43.6483863,43.681303,43.5992087,43.568633,43.544704,43.626365,43.594577,43.5903778,43.632641,43.5931564,43.551804,43.585974,43.60454,43.620747,43.5947431,43.6688466,43.6555526,43.645532,43.5624883,43.6491983,43.6123158,43.5711014,43.6406514,43.6803871,43.6015064,43.599288,43.6157222,43.6018468,43.639151,43.5834967,43.647575,43.5707023,43.615799,43.552877,43.5689565,43.648724,43.633893,43.6183551,43.5926761,43.590282,43.586311,43.648962,43.6058354,43.5732588,43.5942341,43.6176437,43.635982,43.6129405,43.5734437,43.6194423,43.6023878,43.6122779,43.625927,43.620931,43.6173997,43.615751,43.6171003,43.5526915,43.6920387,-116.2135745,-116.2919211,-116.284887,-116.3456794,-116.2082807,-116.1799021,-116.2960007,-116.2145508,-116.1534075,-116.3544153,-116.2102005,-116.230735,-116.2466671,-116.2284526,-116.194785,-116.215855,-116.2234691,-116.3160828,-116.3243743,-116.268053,-116.1964928,-116.218515,-116.1940438,-116.2226005,-116.199126,-116.191985,-116.2201504,-116.2188586,-116.200583,-116.1898411,-116.208625,-116.2016517,-116.1729855,-116.203086,-116.2147125,-116.2123541,-116.1833698,-116.185561,-116.2149029,-116.321398,-116.337034,-116.2621912,-116.2387254,-116.1858868,-116.1633768,-116.2187273,-116.1777398,-116.184313,-116.198734,-116.2941272,-116.3312438,-116.248724,-116.1735301,-116.1571147,-116.2943564,-116.214027,-116.1910508,-116.2216564,-116.32195,-116.1540997,-116.2610448,-116.2078795,-116.171538,-116.202894,-116.1322349,-116.3140766,-116.2610432,-116.069723,-116.3020825,-116.2330146,-116.3063828,-116.1743447,-116.3007286,-116.305672,-116.27027,-116.2692501,-116.2830959,-116.3192311,-116.1680331,-116.1857617,-116.153317,-116.1786617,-116.2137274,-116.1943893,-116.1696052,-116.2841691,-116.2102647,-116.159217,-116.140329,-116.1827547,-116.207153,-116.1564325,-116.236936,-116.222081,-116.1406764,-116.125789,-116.2333794,-116.228565,-116.314295,-116.223728,-116.189305,-116.1780806,-116.2077292,-116.208244,-116.2443622,-116.2372639,-116.3219028,-116.2134882,-116.1425104,-116.274251,-116.284287,-116.2287023,-116.18477,-116.2741747,-116.180993,-116.205531,-116.132874,-116.172557,-116.2123044,-116.195633,-116.2285497,-116.2217642,-116.2633144,-116.238387,-116.3472997,-116.1629067,-116.3268437,-116.1704825,-116.1633,-116.2344009,-116.2684177,-116.2130446,-116.293971,-116.3050215,-116.245916,-116.2743595,-116.1573813,-116.203326,-116.1335834,-116.22412,-116.098622,-116.1210522,-116.222835,-116.326042,-116.2309316,-116.2504264,-116.2709188,-116.183356,-116.247889,-116.1931448,-116.193697,-116.213678,-116.2536306,-116.033712,-116.2297304,-116.192158,-116.3342868,-116.1884035,-116.2085864,-116.191698,-116.2142557,-116.1982766,-116.203924,-116.2036778,-116.0986275,-116.2376974
121,Boise,Idaho,151055,704,Noble reserve,Open space,Open,Reserve,North River,Natural Area,BOISE CITY,597.79,Ada County Database,E Shaw Mountain Rd,Reserve,Noble-Reserve,0.125582852,0.000268478,E SHAW MOUNTAIN RD,Open Space,Noble Reserve,43.6610652,43.6828866,43.679896,43.6605954,43.6104879,,43.6130114,43.6532929,43.6146316,43.5475988,43.6503693,43.617887,43.626294,43.6449789,43.6436012,43.638452,43.636504,43.6351477,43.6319851,43.6303104,43.626552,43.6248542,43.622819,43.6181311,43.6175837,43.616731,43.615077,43.616591,43.6144756,43.613066,43.6103798,43.610273,43.615726,43.6092033,43.614215,43.6151446,43.6144897,43.6052277,43.603333,43.6019085,43.604337,43.601044,43.5973645,43.5953347,43.6147002,43.5944027,43.5960863,43.5933122,43.590637,43.587635,43.5908829,43.5856801,43.5815,43.5883943,43.5783797,43.5774967,43.5772726,43.5880929,43.5734826,43.56389,43.5656557,43.6085474,43.6256985,43.61205,43.6338044,43.5600487,43.595756,43.6093837,43.468523,43.6899475,43.6574399,43.6554753,43.6019602,43.6521854,43.645009,43.6379565,43.6339837,43.6265791,43.6164788,43.6011568,43.5807801,43.563206,43.6147656,43.6187073,43.6112937,43.5824429,43.613342,43.6213324,43.573703,43.5751881,43.6116233,43.611803,43.5290362,43.6519645,43.615314,43.5732785,43.557425,43.6046661,43.610827,43.6153342,43.618824,43.613564,43.6236296,43.6265626,43.6329444,43.5898161,43.6384932,43.6483863,43.681303,43.5992087,43.568633,43.544704,43.626365,43.594577,43.5903778,43.632641,43.5931564,43.551804,43.585974,43.60454,43.620747,43.5947431,43.6688466,43.6555526,43.645532,43.5624883,43.6491983,43.6123158,43.5711014,43.6406514,43.6803871,43.6015064,43.599288,43.6157222,43.6018468,43.639151,43.5834967,43.647575,43.5707023,43.615799,43.552877,43.5689565,43.648724,43.633893,43.6183551,43.5926761,43.590282,43.586311,43.648962,43.6058354,43.5732588,43.5942341,43.6176437,43.635982,43.6129405,43.5734437,43.6194423,43.6023878,43.6122779,43.625927,43.620931,43.6173997,43.615751,43.6171003,43.5526915,43.6920387,-116.2135745,-116.2919211,-116.284887,-116.3456794,-116.2082807,-116.1799021,-116.2960007,-116.2145508,-116.1534075,-116.3544153,-116.2102005,-116.230735,-116.2466671,-116.2284526,-116.194785,-116.215855,-116.2234691,-116.3160828,-116.3243743,-116.268053,-116.1964928,-116.218515,-116.1940438,-116.2226005,-116.199126,-116.191985,-116.2201504,-116.2188586,-116.200583,-116.1898411,-116.208625,-116.2016517,-116.1729855,-116.203086,-116.2147125,-116.2123541,-116.1833698,-116.185561,-116.2149029,-116.321398,-116.337034,-116.2621912,-116.2387254,-116.1858868,-116.1633768,-116.2187273,-116.1777398,-116.184313,-116.198734,-116.2941272,-116.3312438,-116.248724,-116.1735301,-116.1571147,-116.2943564,-116.214027,-116.1910508,-116.2216564,-116.32195,-116.1540997,-116.2610448,-116.2078795,-116.171538,-116.202894,-116.1322349,-116.3140766,-116.2610432,-116.069723,-116.3020825,-116.2330146,-116.3063828,-116.1743447,-116.3007286,-116.305672,-116.27027,-116.2692501,-116.2830959,-116.3192311,-116.1680331,-116.1857617,-116.153317,-116.1786617,-116.2137274,-116.1943893,-116.1696052,-116.2841691,-116.2102647,-116.159217,-116.140329,-116.1827547,-116.207153,-116.1564325,-116.236936,-116.222081,-116.1406764,-116.125789,-116.2333794,-116.228565,-116.314295,-116.223728,-116.189305,-116.1780806,-116.2077292,-116.208244,-116.2443622,-116.2372639,-116.3219028,-116.2134882,-116.1425104,-116.274251,-116.284287,-116.2287023,-116.18477,-116.2741747,-116.180993,-116.205531,-116.132874,-116.172557,-116.2123044,-116.195633,-116.2285497,-116.2217642,-116.2633144,-116.238387,-116.3472997,-116.1629067,-116.3268437,-116.1704825,-116.1633,-116.2344009,-116.2684177,-116.2130446,-116.293971,-116.3050215,-116.245916,-116.2743595,-116.1573813,-116.203326,-116.1335834,-116.22412,-116.098622,-116.1210522,-116.222835,-116.326042,-116.2309316,-116.2504264,-116.2709188,-116.183356,-116.247889,-116.1931448,-116.193697,-116.213678,-116.2536306,-116.033712,-116.2297304,-116.192158,-116.3342868,-116.1884035,-116.2085864,-116.191698,-116.2142557,-116.1982766,-116.203924,-116.2036778,-116.0986275,-116.2376974
122,Boise,Idaho,151056,349,Londoner pathway,Linear,Open,Developed,Southeast,Corridor,ACHD,0.17333451,GIS,Londoner St,Not Classic,,0.003539867,7.82e-08,LONDONER ST,Linear,Londoner Pathway,43.6610652,43.6828866,43.679896,43.6605954,43.6104879,,43.6130114,43.6532929,43.6146316,43.5475988,43.6503693,43.617887,43.626294,43.6449789,43.6436012,43.638452,43.636504,43.6351477,43.6319851,43.6303104,43.626552,43.6248542,43.622819,43.6181311,43.6175837,43.616731,43.615077,43.616591,43.6144756,43.613066,43.6103798,43.610273,43.615726,43.6092033,43.614215,43.6151446,43.6144897,43.6052277,43.603333,43.6019085,43.604337,43.601044,43.5973645,43.5953347,43.6147002,43.5944027,43.5960863,43.5933122,43.590637,43.587635,43.5908829,43.5856801,43.5815,43.5883943,43.5783797,43.5774967,43.5772726,43.5880929,43.5734826,43.56389,43.5656557,43.6085474,43.6256985,43.61205,43.6338044,43.5600487,43.595756,43.6093837,43.468523,43.6899475,43.6574399,43.6554753,43.6019602,43.6521854,43.645009,43.6379565,43.6339837,43.6265791,43.6164788,43.6011568,43.5807801,43.563206,43.6147656,43.6187073,43.6112937,43.5824429,43.613342,43.6213324,43.573703,43.5751881,43.6116233,43.611803,43.5290362,43.6519645,43.615314,43.5732785,43.557425,43.6046661,43.610827,43.6153342,43.618824,43.613564,43.6236296,43.6265626,43.6329444,43.5898161,43.6384932,43.6483863,43.681303,43.5992087,43.568633,43.544704,43.626365,43.594577,43.5903778,43.632641,43.5931564,43.551804,43.585974,43.60454,43.620747,43.5947431,43.6688466,43.6555526,43.645532,43.5624883,43.6491983,43.6123158,43.5711014,43.6406514,43.6803871,43.6015064,43.599288,43.6157222,43.6018468,43.639151,43.5834967,43.647575,43.5707023,43.615799,43.552877,43.5689565,43.648724,43.633893,43.6183551,43.5926761,43.590282,43.586311,43.648962,43.6058354,43.5732588,43.5942341,43.6176437,43.635982,43.6129405,43.5734437,43.6194423,43.6023878,43.6122779,43.625927,43.620931,43.6173997,43.615751,43.6171003,43.5526915,43.6920387,-116.2135745,-116.2919211,-116.284887,-116.3456794,-116.2082807,-116.1799021,-116.2960007,-116.2145508,-116.1534075,-116.3544153,-116.2102005,-116.230735,-116.2466671,-116.2284526,-116.194785,-116.215855,-116.2234691,-116.3160828,-116.3243743,-116.268053,-116.1964928,-116.218515,-116.1940438,-116.2226005,-116.199126,-116.191985,-116.2201504,-116.2188586,-116.200583,-116.1898411,-116.208625,-116.2016517,-116.1729855,-116.203086,-116.2147125,-116.2123541,-116.1833698,-116.185561,-116.2149029,-116.321398,-116.337034,-116.2621912,-116.2387254,-116.1858868,-116.1633768,-116.2187273,-116.1777398,-116.184313,-116.198734,-116.2941272,-116.3312438,-116.248724,-116.1735301,-116.1571147,-116.2943564,-116.214027,-116.1910508,-116.2216564,-116.32195,-116.1540997,-116.2610448,-116.2078795,-116.171538,-116.202894,-116.1322349,-116.3140766,-116.2610432,-116.069723,-116.3020825,-116.2330146,-116.3063828,-116.1743447,-116.3007286,-116.305672,-116.27027,-116.2692501,-116.2830959,-116.3192311,-116.1680331,-116.1857617,-116.153317,-116.1786617,-116.2137274,-116.1943893,-116.1696052,-116.2841691,-116.2102647,-116.159217,-116.140329,-116.1827547,-116.207153,-116.1564325,-116.236936,-116.222081,-116.1406764,-116.125789,-116.2333794,-116.228565,-116.314295,-116.223728,-116.189305,-116.1780806,-116.2077292,-116.208244,-116.2443622,-116.2372639,-116.3219028,-116.2134882,-116.1425104,-116.274251,-116.284287,-116.2287023,-116.18477,-116.2741747,-116.180993,-116.205531,-116.132874,-116.172557,-116.2123044,-116.195633,-116.2285497,-116.2217642,-116.2633144,-116.238387,-116.3472997,-116.1629067,-116.3268437,-116.1704825,-116.1633,-116.2344009,-116.2684177,-116.2130446,-116.293971,-116.3050215,-116.245916,-116.2743595,-116.1573813,-116.203326,-116.1335834,-116.22412,-116.098622,-116.1210522,-116.222835,-116.326042,-116.2309316,-116.2504264,-116.2709188,-116.183356,-116.247889,-116.1931448,-116.193697,-116.213678,-116.2536306,-116.033712,-116.2297304,-116.192158,-116.3342868,-116.1884035,-116.2085864,-116.191698,-116.2142557,-116.1982766,-116.203924,-116.2036778,-116.0986275,-116.2376974
123,Boise,Idaho,151058,929,Coughlin site,Neighborhood,Planned,Undeveloped,Southwest,Active Park,CITY OF BOISE,10.04535639,GIS,S Cole Rd,Not Classic,,0.008617525,4.53e-06,S COLE RD,Neighborhood,Coughlin Site,43.6610652,43.6828866,43.679896,43.6605954,43.6104879,,43.6130114,43.6532929,43.6146316,43.5475988,43.6503693,43.617887,43.626294,43.6449789,43.6436012,43.638452,43.636504,43.6351477,43.6319851,43.6303104,43.626552,43.6248542,43.622819,43.6181311,43.6175837,43.616731,43.615077,43.616591,43.6144756,43.613066,43.6103798,43.610273,43.615726,43.6092033,43.614215,43.6151446,43.6144897,43.6052277,43.603333,43.6019085,43.604337,43.601044,43.5973645,43.5953347,43.6147002,43.5944027,43.5960863,43.5933122,43.590637,43.587635,43.5908829,43.5856801,43.5815,43.5883943,43.5783797,43.5774967,43.5772726,43.5880929,43.5734826,43.56389,43.5656557,43.6085474,43.6256985,43.61205,43.6338044,43.5600487,43.595756,43.6093837,43.468523,43.6899475,43.6574399,43.6554753,43.6019602,43.6521854,43.645009,43.6379565,43.6339837,43.6265791,43.6164788,43.6011568,43.5807801,43.563206,43.6147656,43.6187073,43.6112937,43.5824429,43.613342,43.6213324,43.573703,43.5751881,43.6116233,43.611803,43.5290362,43.6519645,43.615314,43.5732785,43.557425,43.6046661,43.610827,43.6153342,43.618824,43.613564,43.6236296,43.6265626,43.6329444,43.5898161,43.6384932,43.6483863,43.681303,43.5992087,43.568633,43.544704,43.626365,43.594577,43.5903778,43.632641,43.5931564,43.551804,43.585974,43.60454,43.620747,43.5947431,43.6688466,43.6555526,43.645532,43.5624883,43.6491983,43.6123158,43.5711014,43.6406514,43.6803871,43.6015064,43.599288,43.6157222,43.6018468,43.639151,43.5834967,43.647575,43.5707023,43.615799,43.552877,43.5689565,43.648724,43.633893,43.6183551,43.5926761,43.590282,43.586311,43.648962,43.6058354,43.5732588,43.5942341,43.6176437,43.635982,43.6129405,43.5734437,43.6194423,43.6023878,43.6122779,43.625927,43.620931,43.6173997,43.615751,43.6171003,43.5526915,43.6920387,-116.2135745,-116.2919211,-116.284887,-116.3456794,-116.2082807,-116.1799021,-116.2960007,-116.2145508,-116.1534075,-116.3544153,-116.2102005,-116.230735,-116.2466671,-116.2284526,-116.194785,-116.215855,-116.2234691,-116.3160828,-116.3243743,-116.268053,-116.1964928,-116.218515,-116.1940438,-116.2226005,-116.199126,-116.191985,-116.2201504,-116.2188586,-116.200583,-116.1898411,-116.208625,-116.2016517,-116.1729855,-116.203086,-116.2147125,-116.2123541,-116.1833698,-116.185561,-116.2149029,-116.321398,-116.337034,-116.2621912,-116.2387254,-116.1858868,-116.1633768,-116.2187273,-116.1777398,-116.184313,-116.198734,-116.2941272,-116.3312438,-116.248724,-116.1735301,-116.1571147,-116.2943564,-116.214027,-116.1910508,-116.2216564,-116.32195,-116.1540997,-116.2610448,-116.2078795,-116.171538,-116.202894,-116.1322349,-116.3140766,-116.2610432,-116.069723,-116.3020825,-116.2330146,-116.3063828,-116.1743447,-116.3007286,-116.305672,-116.27027,-116.2692501,-116.2830959,-116.3192311,-116.1680331,-116.1857617,-116.153317,-116.1786617,-116.2137274,-116.1943893,-116.1696052,-116.2841691,-116.2102647,-116.159217,-116.140329,-116.1827547,-116.207153,-116.1564325,-116.236936,-116.222081,-116.1406764,-116.125789,-116.2333794,-116.228565,-116.314295,-116.223728,-116.189305,-116.1780806,-116.2077292,-116.208244,-116.2443622,-116.2372639,-116.3219028,-116.2134882,-116.1425104,-116.274251,-116.284287,-116.2287023,-116.18477,-116.2741747,-116.180993,-116.205531,-116.132874,-116.172557,-116.2123044,-116.195633,-116.2285497,-116.2217642,-116.2633144,-116.238387,-116.3472997,-116.1629067,-116.3268437,-116.1704825,-116.1633,-116.2344009,-116.2684177,-116.2130446,-116.293971,-116.3050215,-116.245916,-116.2743595,-116.1573813,-116.203326,-116.1335834,-116.22412,-116.098622,-116.1210522,-116.222835,-116.326042,-116.2309316,-116.2504264,-116.2709188,-116.183356,-116.247889,-116.1931448,-116.193697,-116.213678,-116.2536306,-116.033712,-116.2297304,-116.192158,-116.3342868,-116.1884035,-116.2085864,-116.191698,-116.2142557,-116.1982766,-116.203924,-116.2036778,-116.0986275,-116.2376974
124,Boise,Idaho,151059,221,Boise hills park,Neighborhood,Open,Developed,North River,Active Park,BOISE CITY,7.31,Ada County Database,651 E Clubview Dr,Classic,Boise-Hills-Park,0.007903476999999999,3.3e-06,651 E CLUBVIEW DR,Neighborhood,Boise Hills Park,43.6610652,43.6828866,43.679896,43.6605954,43.6104879,,43.6130114,43.6532929,43.6146316,43.5475988,43.6503693,43.617887,43.626294,43.6449789,43.6436012,43.638452,43.636504,43.6351477,43.6319851,43.6303104,43.626552,43.6248542,43.622819,43.6181311,43.6175837,43.616731,43.615077,43.616591,43.6144756,43.613066,43.6103798,43.610273,43.615726,43.6092033,43.614215,43.6151446,43.6144897,43.6052277,43.603333,43.6019085,43.604337,43.601044,43.5973645,43.5953347,43.6147002,43.5944027,43.5960863,43.5933122,43.590637,43.587635,43.5908829,43.5856801,43.5815,43.5883943,43.5783797,43.5774967,43.5772726,43.5880929,43.5734826,43.56389,43.5656557,43.6085474,43.6256985,43.61205,43.6338044,43.5600487,43.595756,43.6093837,43.468523,43.6899475,43.6574399,43.6554753,43.6019602,43.6521854,43.645009,43.6379565,43.6339837,43.6265791,43.6164788,43.6011568,43.5807801,43.563206,43.6147656,43.6187073,43.6112937,43.5824429,43.613342,43.6213324,43.573703,43.5751881,43.6116233,43.611803,43.5290362,43.6519645,43.615314,43.5732785,43.557425,43.6046661,43.610827,43.6153342,43.618824,43.613564,43.6236296,43.6265626,43.6329444,43.5898161,43.6384932,43.6483863,43.681303,43.5992087,43.568633,43.544704,43.626365,43.594577,43.5903778,43.632641,43.5931564,43.551804,43.585974,43.60454,43.620747,43.5947431,43.6688466,43.6555526,43.645532,43.5624883,43.6491983,43.6123158,43.5711014,43.6406514,43.6803871,43.6015064,43.599288,43.6157222,43.6018468,43.639151,43.5834967,43.647575,43.5707023,43.615799,43.552877,43.5689565,43.648724,43.633893,43.6183551,43.5926761,43.590282,43.586311,43.648962,43.6058354,43.5732588,43.5942341,43.6176437,43.635982,43.6129405,43.5734437,43.6194423,43.6023878,43.6122779,43.625927,43.620931,43.6173997,43.615751,43.6171003,43.5526915,43.6920387,-116.2135745,-116.2919211,-116.284887,-116.3456794,-116.2082807,-116.1799021,-116.2960007,-116.2145508,-116.1534075,-116.3544153,-116.2102005,-116.230735,-116.2466671,-116.2284526,-116.194785,-116.215855,-116.2234691,-116.3160828,-116.3243743,-116.268053,-116.1964928,-116.218515,-116.1940438,-116.2226005,-116.199126,-116.191985,-116.2201504,-116.2188586,-116.200583,-116.1898411,-116.208625,-116.2016517,-116.1729855,-116.203086,-116.2147125,-116.2123541,-116.1833698,-116.185561,-116.2149029,-116.321398,-116.337034,-116.2621912,-116.2387254,-116.1858868,-116.1633768,-116.2187273,-116.1777398,-116.184313,-116.198734,-116.2941272,-116.3312438,-116.248724,-116.1735301,-116.1571147,-116.2943564,-116.214027,-116.1910508,-116.2216564,-116.32195,-116.1540997,-116.2610448,-116.2078795,-116.171538,-116.202894,-116.1322349,-116.3140766,-116.2610432,-116.069723,-116.3020825,-116.2330146,-116.3063828,-116.1743447,-116.3007286,-116.305672,-116.27027,-116.2692501,-116.2830959,-116.3192311,-116.1680331,-116.1857617,-116.153317,-116.1786617,-116.2137274,-116.1943893,-116.1696052,-116.2841691,-116.2102647,-116.159217,-116.140329,-116.1827547,-116.207153,-116.1564325,-116.236936,-116.222081,-116.1406764,-116.125789,-116.2333794,-116.228565,-116.314295,-116.223728,-116.189305,-116.1780806,-116.2077292,-116.208244,-116.2443622,-116.2372639,-116.3219028,-116.2134882,-116.1425104,-116.274251,-116.284287,-116.2287023,-116.18477,-116.2741747,-116.180993,-116.205531,-116.132874,-116.172557,-116.2123044,-116.195633,-116.2285497,-116.2217642,-116.2633144,-116.238387,-116.3472997,-116.1629067,-116.3268437,-116.1704825,-116.1633,-116.2344009,-116.2684177,-116.2130446,-116.293971,-116.3050215,-116.245916,-116.2743595,-116.1573813,-116.203326,-116.1335834,-116.22412,-116.098622,-116.1210522,-116.222835,-116.326042,-116.2309316,-116.2504264,-116.2709188,-116.183356,-116.247889,-116.1931448,-116.193697,-116.213678,-116.2536306,-116.033712,-116.2297304,-116.192158,-116.3342868,-116.1884035,-116.2085864,-116.191698,-116.2142557,-116.1982766,-116.203924,-116.2036778,-116.0986275,-116.2376974
125,Boise,Idaho,151060,224,Terry day park,Neighborhood,Open,Developed,Central Bench,Active Park,BOISE CITY (BOISE PARKS & RECREATION),7.67552746,GIS,1225 S Federal Way,Not Classic,Terry-Day-Park-,0.011579086,3.46e-06,1225 S FEDERAL WAY,Neighborhood,Terry Day Park,43.6610652,43.6828866,43.679896,43.6605954,43.6104879,,43.6130114,43.6532929,43.6146316,43.5475988,43.6503693,43.617887,43.626294,43.6449789,43.6436012,43.638452,43.636504,43.6351477,43.6319851,43.6303104,43.626552,43.6248542,43.622819,43.6181311,43.6175837,43.616731,43.615077,43.616591,43.6144756,43.613066,43.6103798,43.610273,43.615726,43.6092033,43.614215,43.6151446,43.6144897,43.6052277,43.603333,43.6019085,43.604337,43.601044,43.5973645,43.5953347,43.6147002,43.5944027,43.5960863,43.5933122,43.590637,43.587635,43.5908829,43.5856801,43.5815,43.5883943,43.5783797,43.5774967,43.5772726,43.5880929,43.5734826,43.56389,43.5656557,43.6085474,43.6256985,43.61205,43.6338044,43.5600487,43.595756,43.6093837,43.468523,43.6899475,43.6574399,43.6554753,43.6019602,43.6521854,43.645009,43.6379565,43.6339837,43.6265791,43.6164788,43.6011568,43.5807801,43.563206,43.6147656,43.6187073,43.6112937,43.5824429,43.613342,43.6213324,43.573703,43.5751881,43.6116233,43.611803,43.5290362,43.6519645,43.615314,43.5732785,43.557425,43.6046661,43.610827,43.6153342,43.618824,43.613564,43.6236296,43.6265626,43.6329444,43.5898161,43.6384932,43.6483863,43.681303,43.5992087,43.568633,43.544704,43.626365,43.594577,43.5903778,43.632641,43.5931564,43.551804,43.585974,43.60454,43.620747,43.5947431,43.6688466,43.6555526,43.645532,43.5624883,43.6491983,43.6123158,43.5711014,43.6406514,43.6803871,43.6015064,43.599288,43.6157222,43.6018468,43.639151,43.5834967,43.647575,43.5707023,43.615799,43.552877,43.5689565,43.648724,43.633893,43.6183551,43.5926761,43.590282,43.586311,43.648962,43.6058354,43.5732588,43.5942341,43.6176437,43.635982,43.6129405,43.5734437,43.6194423,43.6023878,43.6122779,43.625927,43.620931,43.6173997,43.615751,43.6171003,43.5526915,43.6920387,-116.2135745,-116.2919211,-116.284887,-116.3456794,-116.2082807,-116.1799021,-116.2960007,-116.2145508,-116.1534075,-116.3544153,-116.2102005,-116.230735,-116.2466671,-116.2284526,-116.194785,-116.215855,-116.2234691,-116.3160828,-116.3243743,-116.268053,-116.1964928,-116.218515,-116.1940438,-116.2226005,-116.199126,-116.191985,-116.2201504,-116.2188586,-116.200583,-116.1898411,-116.208625,-116.2016517,-116.1729855,-116.203086,-116.2147125,-116.2123541,-116.1833698,-116.185561,-116.2149029,-116.321398,-116.337034,-116.2621912,-116.2387254,-116.1858868,-116.1633768,-116.2187273,-116.1777398,-116.184313,-116.198734,-116.2941272,-116.3312438,-116.248724,-116.1735301,-116.1571147,-116.2943564,-116.214027,-116.1910508,-116.2216564,-116.32195,-116.1540997,-116.2610448,-116.2078795,-116.171538,-116.202894,-116.1322349,-116.3140766,-116.2610432,-116.069723,-116.3020825,-116.2330146,-116.3063828,-116.1743447,-116.3007286,-116.305672,-116.27027,-116.2692501,-116.2830959,-116.3192311,-116.1680331,-116.1857617,-116.153317,-116.1786617,-116.2137274,-116.1943893,-116.1696052,-116.2841691,-116.2102647,-116.159217,-116.140329,-116.1827547,-116.207153,-116.1564325,-116.236936,-116.222081,-116.1406764,-116.125789,-116.2333794,-116.228565,-116.314295,-116.223728,-116.189305,-116.1780806,-116.2077292,-116.208244,-116.2443622,-116.2372639,-116.3219028,-116.2134882,-116.1425104,-116.274251,-116.284287,-116.2287023,-116.18477,-116.2741747,-116.180993,-116.205531,-116.132874,-116.172557,-116.2123044,-116.195633,-116.2285497,-116.2217642,-116.2633144,-116.238387,-116.3472997,-116.1629067,-116.3268437,-116.1704825,-116.1633,-116.2344009,-116.2684177,-116.2130446,-116.293971,-116.3050215,-116.245916,-116.2743595,-116.1573813,-116.203326,-116.1335834,-116.22412,-116.098622,-116.1210522,-116.222835,-116.326042,-116.2309316,-116.2504264,-116.2709188,-116.183356,-116.247889,-116.1931448,-116.193697,-116.213678,-116.2536306,-116.033712,-116.2297304,-116.192158,-116.3342868,-116.1884035,-116.2085864,-116.191698,-116.2142557,-116.1982766,-116.203924,-116.2036778,-116.0986275,-116.2376974
126,Boise,Idaho,151061,706,Oregon trail reserve,Open space,Open,Reserve,Southeast,Historical/Cultural,BOISE CITY (BOISE PARKS & RECREATION),76.74051145,GIS,4500 E Lake Forest Dr,Reserve,Oregon-Trail-Reserve,0.070145895,3.46e-05,4500 E LAKE FOREST DR,Open Space,Oregon Trail Reserve,43.6610652,43.6828866,43.679896,43.6605954,43.6104879,,43.6130114,43.6532929,43.6146316,43.5475988,43.6503693,43.617887,43.626294,43.6449789,43.6436012,43.638452,43.636504,43.6351477,43.6319851,43.6303104,43.626552,43.6248542,43.622819,43.6181311,43.6175837,43.616731,43.615077,43.616591,43.6144756,43.613066,43.6103798,43.610273,43.615726,43.6092033,43.614215,43.6151446,43.6144897,43.6052277,43.603333,43.6019085,43.604337,43.601044,43.5973645,43.5953347,43.6147002,43.5944027,43.5960863,43.5933122,43.590637,43.587635,43.5908829,43.5856801,43.5815,43.5883943,43.5783797,43.5774967,43.5772726,43.5880929,43.5734826,43.56389,43.5656557,43.6085474,43.6256985,43.61205,43.6338044,43.5600487,43.595756,43.6093837,43.468523,43.6899475,43.6574399,43.6554753,43.6019602,43.6521854,43.645009,43.6379565,43.6339837,43.6265791,43.6164788,43.6011568,43.5807801,43.563206,43.6147656,43.6187073,43.6112937,43.5824429,43.613342,43.6213324,43.573703,43.5751881,43.6116233,43.611803,43.5290362,43.6519645,43.615314,43.5732785,43.557425,43.6046661,43.610827,43.6153342,43.618824,43.613564,43.6236296,43.6265626,43.6329444,43.5898161,43.6384932,43.6483863,43.681303,43.5992087,43.568633,43.544704,43.626365,43.594577,43.5903778,43.632641,43.5931564,43.551804,43.585974,43.60454,43.620747,43.5947431,43.6688466,43.6555526,43.645532,43.5624883,43.6491983,43.6123158,43.5711014,43.6406514,43.6803871,43.6015064,43.599288,43.6157222,43.6018468,43.639151,43.5834967,43.647575,43.5707023,43.615799,43.552877,43.5689565,43.648724,43.633893,43.6183551,43.5926761,43.590282,43.586311,43.648962,43.6058354,43.5732588,43.5942341,43.6176437,43.635982,43.6129405,43.5734437,43.6194423,43.6023878,43.6122779,43.625927,43.620931,43.6173997,43.615751,43.6171003,43.5526915,43.6920387,-116.2135745,-116.2919211,-116.284887,-116.3456794,-116.2082807,-116.1799021,-116.2960007,-116.2145508,-116.1534075,-116.3544153,-116.2102005,-116.230735,-116.2466671,-116.2284526,-116.194785,-116.215855,-116.2234691,-116.3160828,-116.3243743,-116.268053,-116.1964928,-116.218515,-116.1940438,-116.2226005,-116.199126,-116.191985,-116.2201504,-116.2188586,-116.200583,-116.1898411,-116.208625,-116.2016517,-116.1729855,-116.203086,-116.2147125,-116.2123541,-116.1833698,-116.185561,-116.2149029,-116.321398,-116.337034,-116.2621912,-116.2387254,-116.1858868,-116.1633768,-116.2187273,-116.1777398,-116.184313,-116.198734,-116.2941272,-116.3312438,-116.248724,-116.1735301,-116.1571147,-116.2943564,-116.214027,-116.1910508,-116.2216564,-116.32195,-116.1540997,-116.2610448,-116.2078795,-116.171538,-116.202894,-116.1322349,-116.3140766,-116.2610432,-116.069723,-116.3020825,-116.2330146,-116.3063828,-116.1743447,-116.3007286,-116.305672,-116.27027,-116.2692501,-116.2830959,-116.3192311,-116.1680331,-116.1857617,-116.153317,-116.1786617,-116.2137274,-116.1943893,-116.1696052,-116.2841691,-116.2102647,-116.159217,-116.140329,-116.1827547,-116.207153,-116.1564325,-116.236936,-116.222081,-116.1406764,-116.125789,-116.2333794,-116.228565,-116.314295,-116.223728,-116.189305,-116.1780806,-116.2077292,-116.208244,-116.2443622,-116.2372639,-116.3219028,-116.2134882,-116.1425104,-116.274251,-116.284287,-116.2287023,-116.18477,-116.2741747,-116.180993,-116.205531,-116.132874,-116.172557,-116.2123044,-116.195633,-116.2285497,-116.2217642,-116.2633144,-116.238387,-116.3472997,-116.1629067,-116.3268437,-116.1704825,-116.1633,-116.2344009,-116.2684177,-116.2130446,-116.293971,-116.3050215,-116.245916,-116.2743595,-116.1573813,-116.203326,-116.1335834,-116.22412,-116.098622,-116.1210522,-116.222835,-116.326042,-116.2309316,-116.2504264,-116.2709188,-116.183356,-116.247889,-116.1931448,-116.193697,-116.213678,-116.2536306,-116.033712,-116.2297304,-116.192158,-116.3342868,-116.1884035,-116.2085864,-116.191698,-116.2142557,-116.1982766,-116.203924,-116.2036778,-116.0986275,-116.2376974
127,Boise,Idaho,151064,339,Pennsylvania path,Linear,Open,Developed,Southeast,Corridor,BOISE CITY (BOISE PARKS & RECREATION),0.52572247,GIS,Pennsylvania Ave,Not Classic,,0.005112266,2.37e-07,PENNSYLVANIA AVE,Linear,Pennsylvania Path,43.6610652,43.6828866,43.679896,43.6605954,43.6104879,,43.6130114,43.6532929,43.6146316,43.5475988,43.6503693,43.617887,43.626294,43.6449789,43.6436012,43.638452,43.636504,43.6351477,43.6319851,43.6303104,43.626552,43.6248542,43.622819,43.6181311,43.6175837,43.616731,43.615077,43.616591,43.6144756,43.613066,43.6103798,43.610273,43.615726,43.6092033,43.614215,43.6151446,43.6144897,43.6052277,43.603333,43.6019085,43.604337,43.601044,43.5973645,43.5953347,43.6147002,43.5944027,43.5960863,43.5933122,43.590637,43.587635,43.5908829,43.5856801,43.5815,43.5883943,43.5783797,43.5774967,43.5772726,43.5880929,43.5734826,43.56389,43.5656557,43.6085474,43.6256985,43.61205,43.6338044,43.5600487,43.595756,43.6093837,43.468523,43.6899475,43.6574399,43.6554753,43.6019602,43.6521854,43.645009,43.6379565,43.6339837,43.6265791,43.6164788,43.6011568,43.5807801,43.563206,43.6147656,43.6187073,43.6112937,43.5824429,43.613342,43.6213324,43.573703,43.5751881,43.6116233,43.611803,43.5290362,43.6519645,43.615314,43.5732785,43.557425,43.6046661,43.610827,43.6153342,43.618824,43.613564,43.6236296,43.6265626,43.6329444,43.5898161,43.6384932,43.6483863,43.681303,43.5992087,43.568633,43.544704,43.626365,43.594577,43.5903778,43.632641,43.5931564,43.551804,43.585974,43.60454,43.620747,43.5947431,43.6688466,43.6555526,43.645532,43.5624883,43.6491983,43.6123158,43.5711014,43.6406514,43.6803871,43.6015064,43.599288,43.6157222,43.6018468,43.639151,43.5834967,43.647575,43.5707023,43.615799,43.552877,43.5689565,43.648724,43.633893,43.6183551,43.5926761,43.590282,43.586311,43.648962,43.6058354,43.5732588,43.5942341,43.6176437,43.635982,43.6129405,43.5734437,43.6194423,43.6023878,43.6122779,43.625927,43.620931,43.6173997,43.615751,43.6171003,43.5526915,43.6920387,-116.2135745,-116.2919211,-116.284887,-116.3456794,-116.2082807,-116.1799021,-116.2960007,-116.2145508,-116.1534075,-116.3544153,-116.2102005,-116.230735,-116.2466671,-116.2284526,-116.194785,-116.215855,-116.2234691,-116.3160828,-116.3243743,-116.268053,-116.1964928,-116.218515,-116.1940438,-116.2226005,-116.199126,-116.191985,-116.2201504,-116.2188586,-116.200583,-116.1898411,-116.208625,-116.2016517,-116.1729855,-116.203086,-116.2147125,-116.2123541,-116.1833698,-116.185561,-116.2149029,-116.321398,-116.337034,-116.2621912,-116.2387254,-116.1858868,-116.1633768,-116.2187273,-116.1777398,-116.184313,-116.198734,-116.2941272,-116.3312438,-116.248724,-116.1735301,-116.1571147,-116.2943564,-116.214027,-116.1910508,-116.2216564,-116.32195,-116.1540997,-116.2610448,-116.2078795,-116.171538,-116.202894,-116.1322349,-116.3140766,-116.2610432,-116.069723,-116.3020825,-116.2330146,-116.3063828,-116.1743447,-116.3007286,-116.305672,-116.27027,-116.2692501,-116.2830959,-116.3192311,-116.1680331,-116.1857617,-116.153317,-116.1786617,-116.2137274,-116.1943893,-116.1696052,-116.2841691,-116.2102647,-116.159217,-116.140329,-116.1827547,-116.207153,-116.1564325,-116.236936,-116.222081,-116.1406764,-116.125789,-116.2333794,-116.228565,-116.314295,-116.223728,-116.189305,-116.1780806,-116.2077292,-116.208244,-116.2443622,-116.2372639,-116.3219028,-116.2134882,-116.1425104,-116.274251,-116.284287,-116.2287023,-116.18477,-116.2741747,-116.180993,-116.205531,-116.132874,-116.172557,-116.2123044,-116.195633,-116.2285497,-116.2217642,-116.2633144,-116.238387,-116.3472997,-116.1629067,-116.3268437,-116.1704825,-116.1633,-116.2344009,-116.2684177,-116.2130446,-116.293971,-116.3050215,-116.245916,-116.2743595,-116.1573813,-116.203326,-116.1335834,-116.22412,-116.098622,-116.1210522,-116.222835,-116.326042,-116.2309316,-116.2504264,-116.2709188,-116.183356,-116.247889,-116.1931448,-116.193697,-116.213678,-116.2536306,-116.033712,-116.2297304,-116.192158,-116.3342868,-116.1884035,-116.2085864,-116.191698,-116.2142557,-116.1982766,-116.203924,-116.2036778,-116.0986275,-116.2376974
128,Boise,Idaho,151065,319,Americana row,Row,Open,ROW,Central Bench,Corridor,ACHD,0.0647328,GIS,N Americana Blvd,Not Classic,,0.0022701220000000003,2.92e-08,N AMERICANA BLVD,ROW,Americana ROW,43.6610652,43.6828866,43.679896,43.6605954,43.6104879,,43.6130114,43.6532929,43.6146316,43.5475988,43.6503693,43.617887,43.626294,43.6449789,43.6436012,43.638452,43.636504,43.6351477,43.6319851,43.6303104,43.626552,43.6248542,43.622819,43.6181311,43.6175837,43.616731,43.615077,43.616591,43.6144756,43.613066,43.6103798,43.610273,43.615726,43.6092033,43.614215,43.6151446,43.6144897,43.6052277,43.603333,43.6019085,43.604337,43.601044,43.5973645,43.5953347,43.6147002,43.5944027,43.5960863,43.5933122,43.590637,43.587635,43.5908829,43.5856801,43.5815,43.5883943,43.5783797,43.5774967,43.5772726,43.5880929,43.5734826,43.56389,43.5656557,43.6085474,43.6256985,43.61205,43.6338044,43.5600487,43.595756,43.6093837,43.468523,43.6899475,43.6574399,43.6554753,43.6019602,43.6521854,43.645009,43.6379565,43.6339837,43.6265791,43.6164788,43.6011568,43.5807801,43.563206,43.6147656,43.6187073,43.6112937,43.5824429,43.613342,43.6213324,43.573703,43.5751881,43.6116233,43.611803,43.5290362,43.6519645,43.615314,43.5732785,43.557425,43.6046661,43.610827,43.6153342,43.618824,43.613564,43.6236296,43.6265626,43.6329444,43.5898161,43.6384932,43.6483863,43.681303,43.5992087,43.568633,43.544704,43.626365,43.594577,43.5903778,43.632641,43.5931564,43.551804,43.585974,43.60454,43.620747,43.5947431,43.6688466,43.6555526,43.645532,43.5624883,43.6491983,43.6123158,43.5711014,43.6406514,43.6803871,43.6015064,43.599288,43.6157222,43.6018468,43.639151,43.5834967,43.647575,43.5707023,43.615799,43.552877,43.5689565,43.648724,43.633893,43.6183551,43.5926761,43.590282,43.586311,43.648962,43.6058354,43.5732588,43.5942341,43.6176437,43.635982,43.6129405,43.5734437,43.6194423,43.6023878,43.6122779,43.625927,43.620931,43.6173997,43.615751,43.6171003,43.5526915,43.6920387,-116.2135745,-116.2919211,-116.284887,-116.3456794,-116.2082807,-116.1799021,-116.2960007,-116.2145508,-116.1534075,-116.3544153,-116.2102005,-116.230735,-116.2466671,-116.2284526,-116.194785,-116.215855,-116.2234691,-116.3160828,-116.3243743,-116.268053,-116.1964928,-116.218515,-116.1940438,-116.2226005,-116.199126,-116.191985,-116.2201504,-116.2188586,-116.200583,-116.1898411,-116.208625,-116.2016517,-116.1729855,-116.203086,-116.2147125,-116.2123541,-116.1833698,-116.185561,-116.2149029,-116.321398,-116.337034,-116.2621912,-116.2387254,-116.1858868,-116.1633768,-116.2187273,-116.1777398,-116.184313,-116.198734,-116.2941272,-116.3312438,-116.248724,-116.1735301,-116.1571147,-116.2943564,-116.214027,-116.1910508,-116.2216564,-116.32195,-116.1540997,-116.2610448,-116.2078795,-116.171538,-116.202894,-116.1322349,-116.3140766,-116.2610432,-116.069723,-116.3020825,-116.2330146,-116.3063828,-116.1743447,-116.3007286,-116.305672,-116.27027,-116.2692501,-116.2830959,-116.3192311,-116.1680331,-116.1857617,-116.153317,-116.1786617,-116.2137274,-116.1943893,-116.1696052,-116.2841691,-116.2102647,-116.159217,-116.140329,-116.1827547,-116.207153,-116.1564325,-116.236936,-116.222081,-116.1406764,-116.125789,-116.2333794,-116.228565,-116.314295,-116.223728,-116.189305,-116.1780806,-116.2077292,-116.208244,-116.2443622,-116.2372639,-116.3219028,-116.2134882,-116.1425104,-116.274251,-116.284287,-116.2287023,-116.18477,-116.2741747,-116.180993,-116.205531,-116.132874,-116.172557,-116.2123044,-116.195633,-116.2285497,-116.2217642,-116.2633144,-116.238387,-116.3472997,-116.1629067,-116.3268437,-116.1704825,-116.1633,-116.2344009,-116.2684177,-116.2130446,-116.293971,-116.3050215,-116.245916,-116.2743595,-116.1573813,-116.203326,-116.1335834,-116.22412,-116.098622,-116.1210522,-116.222835,-116.326042,-116.2309316,-116.2504264,-116.2709188,-116.183356,-116.247889,-116.1931448,-116.193697,-116.213678,-116.2536306,-116.033712,-116.2297304,-116.192158,-116.3342868,-116.1884035,-116.2085864,-116.191698,-116.2142557,-116.1982766,-116.203924,-116.2036778,-116.0986275,-116.2376974
129,Boise,Idaho,151066,175,Tourist rest stop,Row,Open,Developed,Central Bench,Active Park,ACHD,2.19279729,GIS,S Capitol Blvd,Not Classic,,0.005167055,9.89e-07,S CAPITOL BLVD,ROW,Tourist Rest Stop,43.6610652,43.6828866,43.679896,43.6605954,43.6104879,,43.6130114,43.6532929,43.6146316,43.5475988,43.6503693,43.617887,43.626294,43.6449789,43.6436012,43.638452,43.636504,43.6351477,43.6319851,43.6303104,43.626552,43.6248542,43.622819,43.6181311,43.6175837,43.616731,43.615077,43.616591,43.6144756,43.613066,43.6103798,43.610273,43.615726,43.6092033,43.614215,43.6151446,43.6144897,43.6052277,43.603333,43.6019085,43.604337,43.601044,43.5973645,43.5953347,43.6147002,43.5944027,43.5960863,43.5933122,43.590637,43.587635,43.5908829,43.5856801,43.5815,43.5883943,43.5783797,43.5774967,43.5772726,43.5880929,43.5734826,43.56389,43.5656557,43.6085474,43.6256985,43.61205,43.6338044,43.5600487,43.595756,43.6093837,43.468523,43.6899475,43.6574399,43.6554753,43.6019602,43.6521854,43.645009,43.6379565,43.6339837,43.6265791,43.6164788,43.6011568,43.5807801,43.563206,43.6147656,43.6187073,43.6112937,43.5824429,43.613342,43.6213324,43.573703,43.5751881,43.6116233,43.611803,43.5290362,43.6519645,43.615314,43.5732785,43.557425,43.6046661,43.610827,43.6153342,43.618824,43.613564,43.6236296,43.6265626,43.6329444,43.5898161,43.6384932,43.6483863,43.681303,43.5992087,43.568633,43.544704,43.626365,43.594577,43.5903778,43.632641,43.5931564,43.551804,43.585974,43.60454,43.620747,43.5947431,43.6688466,43.6555526,43.645532,43.5624883,43.6491983,43.6123158,43.5711014,43.6406514,43.6803871,43.6015064,43.599288,43.6157222,43.6018468,43.639151,43.5834967,43.647575,43.5707023,43.615799,43.552877,43.5689565,43.648724,43.633893,43.6183551,43.5926761,43.590282,43.586311,43.648962,43.6058354,43.5732588,43.5942341,43.6176437,43.635982,43.6129405,43.5734437,43.6194423,43.6023878,43.6122779,43.625927,43.620931,43.6173997,43.615751,43.6171003,43.5526915,43.6920387,-116.2135745,-116.2919211,-116.284887,-116.3456794,-116.2082807,-116.1799021,-116.2960007,-116.2145508,-116.1534075,-116.3544153,-116.2102005,-116.230735,-116.2466671,-116.2284526,-116.194785,-116.215855,-116.2234691,-116.3160828,-116.3243743,-116.268053,-116.1964928,-116.218515,-116.1940438,-116.2226005,-116.199126,-116.191985,-116.2201504,-116.2188586,-116.200583,-116.1898411,-116.208625,-116.2016517,-116.1729855,-116.203086,-116.2147125,-116.2123541,-116.1833698,-116.185561,-116.2149029,-116.321398,-116.337034,-116.2621912,-116.2387254,-116.1858868,-116.1633768,-116.2187273,-116.1777398,-116.184313,-116.198734,-116.2941272,-116.3312438,-116.248724,-116.1735301,-116.1571147,-116.2943564,-116.214027,-116.1910508,-116.2216564,-116.32195,-116.1540997,-116.2610448,-116.2078795,-116.171538,-116.202894,-116.1322349,-116.3140766,-116.2610432,-116.069723,-116.3020825,-116.2330146,-116.3063828,-116.1743447,-116.3007286,-116.305672,-116.27027,-116.2692501,-116.2830959,-116.3192311,-116.1680331,-116.1857617,-116.153317,-116.1786617,-116.2137274,-116.1943893,-116.1696052,-116.2841691,-116.2102647,-116.159217,-116.140329,-116.1827547,-116.207153,-116.1564325,-116.236936,-116.222081,-116.1406764,-116.125789,-116.2333794,-116.228565,-116.314295,-116.223728,-116.189305,-116.1780806,-116.2077292,-116.208244,-116.2443622,-116.2372639,-116.3219028,-116.2134882,-116.1425104,-116.274251,-116.284287,-116.2287023,-116.18477,-116.2741747,-116.180993,-116.205531,-116.132874,-116.172557,-116.2123044,-116.195633,-116.2285497,-116.2217642,-116.2633144,-116.238387,-116.3472997,-116.1629067,-116.3268437,-116.1704825,-116.1633,-116.2344009,-116.2684177,-116.2130446,-116.293971,-116.3050215,-116.245916,-116.2743595,-116.1573813,-116.203326,-116.1335834,-116.22412,-116.098622,-116.1210522,-116.222835,-116.326042,-116.2309316,-116.2504264,-116.2709188,-116.183356,-116.247889,-116.1931448,-116.193697,-116.213678,-116.2536306,-116.033712,-116.2297304,-116.192158,-116.3342868,-116.1884035,-116.2085864,-116.191698,-116.2142557,-116.1982766,-116.203924,-116.2036778,-116.0986275,-116.2376974
130,Boise,Idaho,151067,141,Memorial park,Neighborhood,Open,Developed,North River,Passive Park,BOISE CITY (BOISE PARKS & RECREATION),5.47,Ada County Database,900 N 6 th St,Classic,Memorial-Park,0.013981266000000001,2.21e-06,900 N 6 TH ST,Neighborhood,Memorial Park,43.6610652,43.6828866,43.679896,43.6605954,43.6104879,,43.6130114,43.6532929,43.6146316,43.5475988,43.6503693,43.617887,43.626294,43.6449789,43.6436012,43.638452,43.636504,43.6351477,43.6319851,43.6303104,43.626552,43.6248542,43.622819,43.6181311,43.6175837,43.616731,43.615077,43.616591,43.6144756,43.613066,43.6103798,43.610273,43.615726,43.6092033,43.614215,43.6151446,43.6144897,43.6052277,43.603333,43.6019085,43.604337,43.601044,43.5973645,43.5953347,43.6147002,43.5944027,43.5960863,43.5933122,43.590637,43.587635,43.5908829,43.5856801,43.5815,43.5883943,43.5783797,43.5774967,43.5772726,43.5880929,43.5734826,43.56389,43.5656557,43.6085474,43.6256985,43.61205,43.6338044,43.5600487,43.595756,43.6093837,43.468523,43.6899475,43.6574399,43.6554753,43.6019602,43.6521854,43.645009,43.6379565,43.6339837,43.6265791,43.6164788,43.6011568,43.5807801,43.563206,43.6147656,43.6187073,43.6112937,43.5824429,43.613342,43.6213324,43.573703,43.5751881,43.6116233,43.611803,43.5290362,43.6519645,43.615314,43.5732785,43.557425,43.6046661,43.610827,43.6153342,43.618824,43.613564,43.6236296,43.6265626,43.6329444,43.5898161,43.6384932,43.6483863,43.681303,43.5992087,43.568633,43.544704,43.626365,43.594577,43.5903778,43.632641,43.5931564,43.551804,43.585974,43.60454,43.620747,43.5947431,43.6688466,43.6555526,43.645532,43.5624883,43.6491983,43.6123158,43.5711014,43.6406514,43.6803871,43.6015064,43.599288,43.6157222,43.6018468,43.639151,43.5834967,43.647575,43.5707023,43.615799,43.552877,43.5689565,43.648724,43.633893,43.6183551,43.5926761,43.590282,43.586311,43.648962,43.6058354,43.5732588,43.5942341,43.6176437,43.635982,43.6129405,43.5734437,43.6194423,43.6023878,43.6122779,43.625927,43.620931,43.6173997,43.615751,43.6171003,43.5526915,43.6920387,-116.2135745,-116.2919211,-116.284887,-116.3456794,-116.2082807,-116.1799021,-116.2960007,-116.2145508,-116.1534075,-116.3544153,-116.2102005,-116.230735,-116.2466671,-116.2284526,-116.194785,-116.215855,-116.2234691,-116.3160828,-116.3243743,-116.268053,-116.1964928,-116.218515,-116.1940438,-116.2226005,-116.199126,-116.191985,-116.2201504,-116.2188586,-116.200583,-116.1898411,-116.208625,-116.2016517,-116.1729855,-116.203086,-116.2147125,-116.2123541,-116.1833698,-116.185561,-116.2149029,-116.321398,-116.337034,-116.2621912,-116.2387254,-116.1858868,-116.1633768,-116.2187273,-116.1777398,-116.184313,-116.198734,-116.2941272,-116.3312438,-116.248724,-116.1735301,-116.1571147,-116.2943564,-116.214027,-116.1910508,-116.2216564,-116.32195,-116.1540997,-116.2610448,-116.2078795,-116.171538,-116.202894,-116.1322349,-116.3140766,-116.2610432,-116.069723,-116.3020825,-116.2330146,-116.3063828,-116.1743447,-116.3007286,-116.305672,-116.27027,-116.2692501,-116.2830959,-116.3192311,-116.1680331,-116.1857617,-116.153317,-116.1786617,-116.2137274,-116.1943893,-116.1696052,-116.2841691,-116.2102647,-116.159217,-116.140329,-116.1827547,-116.207153,-116.1564325,-116.236936,-116.222081,-116.1406764,-116.125789,-116.2333794,-116.228565,-116.314295,-116.223728,-116.189305,-116.1780806,-116.2077292,-116.208244,-116.2443622,-116.2372639,-116.3219028,-116.2134882,-116.1425104,-116.274251,-116.284287,-116.2287023,-116.18477,-116.2741747,-116.180993,-116.205531,-116.132874,-116.172557,-116.2123044,-116.195633,-116.2285497,-116.2217642,-116.2633144,-116.238387,-116.3472997,-116.1629067,-116.3268437,-116.1704825,-116.1633,-116.2344009,-116.2684177,-116.2130446,-116.293971,-116.3050215,-116.245916,-116.2743595,-116.1573813,-116.203326,-116.1335834,-116.22412,-116.098622,-116.1210522,-116.222835,-116.326042,-116.2309316,-116.2504264,-116.2709188,-116.183356,-116.247889,-116.1931448,-116.193697,-116.213678,-116.2536306,-116.033712,-116.2297304,-116.192158,-116.3342868,-116.1884035,-116.2085864,-116.191698,-116.2142557,-116.1982766,-116.203924,-116.2036778,-116.0986275,-116.2376974
131,Boise,Idaho,151069,901,Proposed np cole/ustick,Neighborhood,Proposed,Undeveloped,West Bench,Active Park,Unknown,7.0,Other,,Not Classic,,0.000515707,2.0299999999999996e-08,,Neighborhood,Proposed NP Cole/Ustick,43.6610652,43.6828866,43.679896,43.6605954,43.6104879,,43.6130114,43.6532929,43.6146316,43.5475988,43.6503693,43.617887,43.626294,43.6449789,43.6436012,43.638452,43.636504,43.6351477,43.6319851,43.6303104,43.626552,43.6248542,43.622819,43.6181311,43.6175837,43.616731,43.615077,43.616591,43.6144756,43.613066,43.6103798,43.610273,43.615726,43.6092033,43.614215,43.6151446,43.6144897,43.6052277,43.603333,43.6019085,43.604337,43.601044,43.5973645,43.5953347,43.6147002,43.5944027,43.5960863,43.5933122,43.590637,43.587635,43.5908829,43.5856801,43.5815,43.5883943,43.5783797,43.5774967,43.5772726,43.5880929,43.5734826,43.56389,43.5656557,43.6085474,43.6256985,43.61205,43.6338044,43.5600487,43.595756,43.6093837,43.468523,43.6899475,43.6574399,43.6554753,43.6019602,43.6521854,43.645009,43.6379565,43.6339837,43.6265791,43.6164788,43.6011568,43.5807801,43.563206,43.6147656,43.6187073,43.6112937,43.5824429,43.613342,43.6213324,43.573703,43.5751881,43.6116233,43.611803,43.5290362,43.6519645,43.615314,43.5732785,43.557425,43.6046661,43.610827,43.6153342,43.618824,43.613564,43.6236296,43.6265626,43.6329444,43.5898161,43.6384932,43.6483863,43.681303,43.5992087,43.568633,43.544704,43.626365,43.594577,43.5903778,43.632641,43.5931564,43.551804,43.585974,43.60454,43.620747,43.5947431,43.6688466,43.6555526,43.645532,43.5624883,43.6491983,43.6123158,43.5711014,43.6406514,43.6803871,43.6015064,43.599288,43.6157222,43.6018468,43.639151,43.5834967,43.647575,43.5707023,43.615799,43.552877,43.5689565,43.648724,43.633893,43.6183551,43.5926761,43.590282,43.586311,43.648962,43.6058354,43.5732588,43.5942341,43.6176437,43.635982,43.6129405,43.5734437,43.6194423,43.6023878,43.6122779,43.625927,43.620931,43.6173997,43.615751,43.6171003,43.5526915,43.6920387,-116.2135745,-116.2919211,-116.284887,-116.3456794,-116.2082807,-116.1799021,-116.2960007,-116.2145508,-116.1534075,-116.3544153,-116.2102005,-116.230735,-116.2466671,-116.2284526,-116.194785,-116.215855,-116.2234691,-116.3160828,-116.3243743,-116.268053,-116.1964928,-116.218515,-116.1940438,-116.2226005,-116.199126,-116.191985,-116.2201504,-116.2188586,-116.200583,-116.1898411,-116.208625,-116.2016517,-116.1729855,-116.203086,-116.2147125,-116.2123541,-116.1833698,-116.185561,-116.2149029,-116.321398,-116.337034,-116.2621912,-116.2387254,-116.1858868,-116.1633768,-116.2187273,-116.1777398,-116.184313,-116.198734,-116.2941272,-116.3312438,-116.248724,-116.1735301,-116.1571147,-116.2943564,-116.214027,-116.1910508,-116.2216564,-116.32195,-116.1540997,-116.2610448,-116.2078795,-116.171538,-116.202894,-116.1322349,-116.3140766,-116.2610432,-116.069723,-116.3020825,-116.2330146,-116.3063828,-116.1743447,-116.3007286,-116.305672,-116.27027,-116.2692501,-116.2830959,-116.3192311,-116.1680331,-116.1857617,-116.153317,-116.1786617,-116.2137274,-116.1943893,-116.1696052,-116.2841691,-116.2102647,-116.159217,-116.140329,-116.1827547,-116.207153,-116.1564325,-116.236936,-116.222081,-116.1406764,-116.125789,-116.2333794,-116.228565,-116.314295,-116.223728,-116.189305,-116.1780806,-116.2077292,-116.208244,-116.2443622,-116.2372639,-116.3219028,-116.2134882,-116.1425104,-116.274251,-116.284287,-116.2287023,-116.18477,-116.2741747,-116.180993,-116.205531,-116.132874,-116.172557,-116.2123044,-116.195633,-116.2285497,-116.2217642,-116.2633144,-116.238387,-116.3472997,-116.1629067,-116.3268437,-116.1704825,-116.1633,-116.2344009,-116.2684177,-116.2130446,-116.293971,-116.3050215,-116.245916,-116.2743595,-116.1573813,-116.203326,-116.1335834,-116.22412,-116.098622,-116.1210522,-116.222835,-116.326042,-116.2309316,-116.2504264,-116.2709188,-116.183356,-116.247889,-116.1931448,-116.193697,-116.213678,-116.2536306,-116.033712,-116.2297304,-116.192158,-116.3342868,-116.1884035,-116.2085864,-116.191698,-116.2142557,-116.1982766,-116.203924,-116.2036778,-116.0986275,-116.2376974
132,Boise,Idaho,151070,902,Proposed np vista,Neighborhood,Proposed,Undeveloped,Central Bench,Active Park,Unknown,7.0,Other,,Not Classic,,0.000515423,2.0299999999999996e-08,,Neighborhood,Proposed NP Vista,43.6610652,43.6828866,43.679896,43.6605954,43.6104879,,43.6130114,43.6532929,43.6146316,43.5475988,43.6503693,43.617887,43.626294,43.6449789,43.6436012,43.638452,43.636504,43.6351477,43.6319851,43.6303104,43.626552,43.6248542,43.622819,43.6181311,43.6175837,43.616731,43.615077,43.616591,43.6144756,43.613066,43.6103798,43.610273,43.615726,43.6092033,43.614215,43.6151446,43.6144897,43.6052277,43.603333,43.6019085,43.604337,43.601044,43.5973645,43.5953347,43.6147002,43.5944027,43.5960863,43.5933122,43.590637,43.587635,43.5908829,43.5856801,43.5815,43.5883943,43.5783797,43.5774967,43.5772726,43.5880929,43.5734826,43.56389,43.5656557,43.6085474,43.6256985,43.61205,43.6338044,43.5600487,43.595756,43.6093837,43.468523,43.6899475,43.6574399,43.6554753,43.6019602,43.6521854,43.645009,43.6379565,43.6339837,43.6265791,43.6164788,43.6011568,43.5807801,43.563206,43.6147656,43.6187073,43.6112937,43.5824429,43.613342,43.6213324,43.573703,43.5751881,43.6116233,43.611803,43.5290362,43.6519645,43.615314,43.5732785,43.557425,43.6046661,43.610827,43.6153342,43.618824,43.613564,43.6236296,43.6265626,43.6329444,43.5898161,43.6384932,43.6483863,43.681303,43.5992087,43.568633,43.544704,43.626365,43.594577,43.5903778,43.632641,43.5931564,43.551804,43.585974,43.60454,43.620747,43.5947431,43.6688466,43.6555526,43.645532,43.5624883,43.6491983,43.6123158,43.5711014,43.6406514,43.6803871,43.6015064,43.599288,43.6157222,43.6018468,43.639151,43.5834967,43.647575,43.5707023,43.615799,43.552877,43.5689565,43.648724,43.633893,43.6183551,43.5926761,43.590282,43.586311,43.648962,43.6058354,43.5732588,43.5942341,43.6176437,43.635982,43.6129405,43.5734437,43.6194423,43.6023878,43.6122779,43.625927,43.620931,43.6173997,43.615751,43.6171003,43.5526915,43.6920387,-116.2135745,-116.2919211,-116.284887,-116.3456794,-116.2082807,-116.1799021,-116.2960007,-116.2145508,-116.1534075,-116.3544153,-116.2102005,-116.230735,-116.2466671,-116.2284526,-116.194785,-116.215855,-116.2234691,-116.3160828,-116.3243743,-116.268053,-116.1964928,-116.218515,-116.1940438,-116.2226005,-116.199126,-116.191985,-116.2201504,-116.2188586,-116.200583,-116.1898411,-116.208625,-116.2016517,-116.1729855,-116.203086,-116.2147125,-116.2123541,-116.1833698,-116.185561,-116.2149029,-116.321398,-116.337034,-116.2621912,-116.2387254,-116.1858868,-116.1633768,-116.2187273,-116.1777398,-116.184313,-116.198734,-116.2941272,-116.3312438,-116.248724,-116.1735301,-116.1571147,-116.2943564,-116.214027,-116.1910508,-116.2216564,-116.32195,-116.1540997,-116.2610448,-116.2078795,-116.171538,-116.202894,-116.1322349,-116.3140766,-116.2610432,-116.069723,-116.3020825,-116.2330146,-116.3063828,-116.1743447,-116.3007286,-116.305672,-116.27027,-116.2692501,-116.2830959,-116.3192311,-116.1680331,-116.1857617,-116.153317,-116.1786617,-116.2137274,-116.1943893,-116.1696052,-116.2841691,-116.2102647,-116.159217,-116.140329,-116.1827547,-116.207153,-116.1564325,-116.236936,-116.222081,-116.1406764,-116.125789,-116.2333794,-116.228565,-116.314295,-116.223728,-116.189305,-116.1780806,-116.2077292,-116.208244,-116.2443622,-116.2372639,-116.3219028,-116.2134882,-116.1425104,-116.274251,-116.284287,-116.2287023,-116.18477,-116.2741747,-116.180993,-116.205531,-116.132874,-116.172557,-116.2123044,-116.195633,-116.2285497,-116.2217642,-116.2633144,-116.238387,-116.3472997,-116.1629067,-116.3268437,-116.1704825,-116.1633,-116.2344009,-116.2684177,-116.2130446,-116.293971,-116.3050215,-116.245916,-116.2743595,-116.1573813,-116.203326,-116.1335834,-116.22412,-116.098622,-116.1210522,-116.222835,-116.326042,-116.2309316,-116.2504264,-116.2709188,-116.183356,-116.247889,-116.1931448,-116.193697,-116.213678,-116.2536306,-116.033712,-116.2297304,-116.192158,-116.3342868,-116.1884035,-116.2085864,-116.191698,-116.2142557,-116.1982766,-116.203924,-116.2036778,-116.0986275,-116.2376974
133,Boise,Idaho,151071,903,Proposed np lake hazel,Neighborhood,Proposed,Undeveloped,Southwest,Active Park,Unknown,7.0,Other,,Not Classic,,0.000515272,2.0299999999999996e-08,,Neighborhood,Proposed NP Lake Hazel,43.6610652,43.6828866,43.679896,43.6605954,43.6104879,,43.6130114,43.6532929,43.6146316,43.5475988,43.6503693,43.617887,43.626294,43.6449789,43.6436012,43.638452,43.636504,43.6351477,43.6319851,43.6303104,43.626552,43.6248542,43.622819,43.6181311,43.6175837,43.616731,43.615077,43.616591,43.6144756,43.613066,43.6103798,43.610273,43.615726,43.6092033,43.614215,43.6151446,43.6144897,43.6052277,43.603333,43.6019085,43.604337,43.601044,43.5973645,43.5953347,43.6147002,43.5944027,43.5960863,43.5933122,43.590637,43.587635,43.5908829,43.5856801,43.5815,43.5883943,43.5783797,43.5774967,43.5772726,43.5880929,43.5734826,43.56389,43.5656557,43.6085474,43.6256985,43.61205,43.6338044,43.5600487,43.595756,43.6093837,43.468523,43.6899475,43.6574399,43.6554753,43.6019602,43.6521854,43.645009,43.6379565,43.6339837,43.6265791,43.6164788,43.6011568,43.5807801,43.563206,43.6147656,43.6187073,43.6112937,43.5824429,43.613342,43.6213324,43.573703,43.5751881,43.6116233,43.611803,43.5290362,43.6519645,43.615314,43.5732785,43.557425,43.6046661,43.610827,43.6153342,43.618824,43.613564,43.6236296,43.6265626,43.6329444,43.5898161,43.6384932,43.6483863,43.681303,43.5992087,43.568633,43.544704,43.626365,43.594577,43.5903778,43.632641,43.5931564,43.551804,43.585974,43.60454,43.620747,43.5947431,43.6688466,43.6555526,43.645532,43.5624883,43.6491983,43.6123158,43.5711014,43.6406514,43.6803871,43.6015064,43.599288,43.6157222,43.6018468,43.639151,43.5834967,43.647575,43.5707023,43.615799,43.552877,43.5689565,43.648724,43.633893,43.6183551,43.5926761,43.590282,43.586311,43.648962,43.6058354,43.5732588,43.5942341,43.6176437,43.635982,43.6129405,43.5734437,43.6194423,43.6023878,43.6122779,43.625927,43.620931,43.6173997,43.615751,43.6171003,43.5526915,43.6920387,-116.2135745,-116.2919211,-116.284887,-116.3456794,-116.2082807,-116.1799021,-116.2960007,-116.2145508,-116.1534075,-116.3544153,-116.2102005,-116.230735,-116.2466671,-116.2284526,-116.194785,-116.215855,-116.2234691,-116.3160828,-116.3243743,-116.268053,-116.1964928,-116.218515,-116.1940438,-116.2226005,-116.199126,-116.191985,-116.2201504,-116.2188586,-116.200583,-116.1898411,-116.208625,-116.2016517,-116.1729855,-116.203086,-116.2147125,-116.2123541,-116.1833698,-116.185561,-116.2149029,-116.321398,-116.337034,-116.2621912,-116.2387254,-116.1858868,-116.1633768,-116.2187273,-116.1777398,-116.184313,-116.198734,-116.2941272,-116.3312438,-116.248724,-116.1735301,-116.1571147,-116.2943564,-116.214027,-116.1910508,-116.2216564,-116.32195,-116.1540997,-116.2610448,-116.2078795,-116.171538,-116.202894,-116.1322349,-116.3140766,-116.2610432,-116.069723,-116.3020825,-116.2330146,-116.3063828,-116.1743447,-116.3007286,-116.305672,-116.27027,-116.2692501,-116.2830959,-116.3192311,-116.1680331,-116.1857617,-116.153317,-116.1786617,-116.2137274,-116.1943893,-116.1696052,-116.2841691,-116.2102647,-116.159217,-116.140329,-116.1827547,-116.207153,-116.1564325,-116.236936,-116.222081,-116.1406764,-116.125789,-116.2333794,-116.228565,-116.314295,-116.223728,-116.189305,-116.1780806,-116.2077292,-116.208244,-116.2443622,-116.2372639,-116.3219028,-116.2134882,-116.1425104,-116.274251,-116.284287,-116.2287023,-116.18477,-116.2741747,-116.180993,-116.205531,-116.132874,-116.172557,-116.2123044,-116.195633,-116.2285497,-116.2217642,-116.2633144,-116.238387,-116.3472997,-116.1629067,-116.3268437,-116.1704825,-116.1633,-116.2344009,-116.2684177,-116.2130446,-116.293971,-116.3050215,-116.245916,-116.2743595,-116.1573813,-116.203326,-116.1335834,-116.22412,-116.098622,-116.1210522,-116.222835,-116.326042,-116.2309316,-116.2504264,-116.2709188,-116.183356,-116.247889,-116.1931448,-116.193697,-116.213678,-116.2536306,-116.033712,-116.2297304,-116.192158,-116.3342868,-116.1884035,-116.2085864,-116.191698,-116.2142557,-116.1982766,-116.203924,-116.2036778,-116.0986275,-116.2376974
134,Boise,Idaho,151072,904,Proposed np east of maple grove,Neighborhood,Proposed,Undeveloped,Southwest,Active Park,Unknown,7.0,Other,,Not Classic,,0.000515216,2.0299999999999996e-08,,Neighborhood,Proposed NP East of Maple Grove,43.6610652,43.6828866,43.679896,43.6605954,43.6104879,,43.6130114,43.6532929,43.6146316,43.5475988,43.6503693,43.617887,43.626294,43.6449789,43.6436012,43.638452,43.636504,43.6351477,43.6319851,43.6303104,43.626552,43.6248542,43.622819,43.6181311,43.6175837,43.616731,43.615077,43.616591,43.6144756,43.613066,43.6103798,43.610273,43.615726,43.6092033,43.614215,43.6151446,43.6144897,43.6052277,43.603333,43.6019085,43.604337,43.601044,43.5973645,43.5953347,43.6147002,43.5944027,43.5960863,43.5933122,43.590637,43.587635,43.5908829,43.5856801,43.5815,43.5883943,43.5783797,43.5774967,43.5772726,43.5880929,43.5734826,43.56389,43.5656557,43.6085474,43.6256985,43.61205,43.6338044,43.5600487,43.595756,43.6093837,43.468523,43.6899475,43.6574399,43.6554753,43.6019602,43.6521854,43.645009,43.6379565,43.6339837,43.6265791,43.6164788,43.6011568,43.5807801,43.563206,43.6147656,43.6187073,43.6112937,43.5824429,43.613342,43.6213324,43.573703,43.5751881,43.6116233,43.611803,43.5290362,43.6519645,43.615314,43.5732785,43.557425,43.6046661,43.610827,43.6153342,43.618824,43.613564,43.6236296,43.6265626,43.6329444,43.5898161,43.6384932,43.6483863,43.681303,43.5992087,43.568633,43.544704,43.626365,43.594577,43.5903778,43.632641,43.5931564,43.551804,43.585974,43.60454,43.620747,43.5947431,43.6688466,43.6555526,43.645532,43.5624883,43.6491983,43.6123158,43.5711014,43.6406514,43.6803871,43.6015064,43.599288,43.6157222,43.6018468,43.639151,43.5834967,43.647575,43.5707023,43.615799,43.552877,43.5689565,43.648724,43.633893,43.6183551,43.5926761,43.590282,43.586311,43.648962,43.6058354,43.5732588,43.5942341,43.6176437,43.635982,43.6129405,43.5734437,43.6194423,43.6023878,43.6122779,43.625927,43.620931,43.6173997,43.615751,43.6171003,43.5526915,43.6920387,-116.2135745,-116.2919211,-116.284887,-116.3456794,-116.2082807,-116.1799021,-116.2960007,-116.2145508,-116.1534075,-116.3544153,-116.2102005,-116.230735,-116.2466671,-116.2284526,-116.194785,-116.215855,-116.2234691,-116.3160828,-116.3243743,-116.268053,-116.1964928,-116.218515,-116.1940438,-116.2226005,-116.199126,-116.191985,-116.2201504,-116.2188586,-116.200583,-116.1898411,-116.208625,-116.2016517,-116.1729855,-116.203086,-116.2147125,-116.2123541,-116.1833698,-116.185561,-116.2149029,-116.321398,-116.337034,-116.2621912,-116.2387254,-116.1858868,-116.1633768,-116.2187273,-116.1777398,-116.184313,-116.198734,-116.2941272,-116.3312438,-116.248724,-116.1735301,-116.1571147,-116.2943564,-116.214027,-116.1910508,-116.2216564,-116.32195,-116.1540997,-116.2610448,-116.2078795,-116.171538,-116.202894,-116.1322349,-116.3140766,-116.2610432,-116.069723,-116.3020825,-116.2330146,-116.3063828,-116.1743447,-116.3007286,-116.305672,-116.27027,-116.2692501,-116.2830959,-116.3192311,-116.1680331,-116.1857617,-116.153317,-116.1786617,-116.2137274,-116.1943893,-116.1696052,-116.2841691,-116.2102647,-116.159217,-116.140329,-116.1827547,-116.207153,-116.1564325,-116.236936,-116.222081,-116.1406764,-116.125789,-116.2333794,-116.228565,-116.314295,-116.223728,-116.189305,-116.1780806,-116.2077292,-116.208244,-116.2443622,-116.2372639,-116.3219028,-116.2134882,-116.1425104,-116.274251,-116.284287,-116.2287023,-116.18477,-116.2741747,-116.180993,-116.205531,-116.132874,-116.172557,-116.2123044,-116.195633,-116.2285497,-116.2217642,-116.2633144,-116.238387,-116.3472997,-116.1629067,-116.3268437,-116.1704825,-116.1633,-116.2344009,-116.2684177,-116.2130446,-116.293971,-116.3050215,-116.245916,-116.2743595,-116.1573813,-116.203326,-116.1335834,-116.22412,-116.098622,-116.1210522,-116.222835,-116.326042,-116.2309316,-116.2504264,-116.2709188,-116.183356,-116.247889,-116.1931448,-116.193697,-116.213678,-116.2536306,-116.033712,-116.2297304,-116.192158,-116.3342868,-116.1884035,-116.2085864,-116.191698,-116.2142557,-116.1982766,-116.203924,-116.2036778,-116.0986275,-116.2376974
135,Boise,Idaho,151073,905,Proposed np hwy 21 (site 15),Neighborhood,Proposed,Undeveloped,Southeast,Active Park,Private,7.0,Other,,Not Classic,,0.000515246,2.0299999999999996e-08,,Neighborhood,Proposed NP Hwy 21 (site 15),43.6610652,43.6828866,43.679896,43.6605954,43.6104879,,43.6130114,43.6532929,43.6146316,43.5475988,43.6503693,43.617887,43.626294,43.6449789,43.6436012,43.638452,43.636504,43.6351477,43.6319851,43.6303104,43.626552,43.6248542,43.622819,43.6181311,43.6175837,43.616731,43.615077,43.616591,43.6144756,43.613066,43.6103798,43.610273,43.615726,43.6092033,43.614215,43.6151446,43.6144897,43.6052277,43.603333,43.6019085,43.604337,43.601044,43.5973645,43.5953347,43.6147002,43.5944027,43.5960863,43.5933122,43.590637,43.587635,43.5908829,43.5856801,43.5815,43.5883943,43.5783797,43.5774967,43.5772726,43.5880929,43.5734826,43.56389,43.5656557,43.6085474,43.6256985,43.61205,43.6338044,43.5600487,43.595756,43.6093837,43.468523,43.6899475,43.6574399,43.6554753,43.6019602,43.6521854,43.645009,43.6379565,43.6339837,43.6265791,43.6164788,43.6011568,43.5807801,43.563206,43.6147656,43.6187073,43.6112937,43.5824429,43.613342,43.6213324,43.573703,43.5751881,43.6116233,43.611803,43.5290362,43.6519645,43.615314,43.5732785,43.557425,43.6046661,43.610827,43.6153342,43.618824,43.613564,43.6236296,43.6265626,43.6329444,43.5898161,43.6384932,43.6483863,43.681303,43.5992087,43.568633,43.544704,43.626365,43.594577,43.5903778,43.632641,43.5931564,43.551804,43.585974,43.60454,43.620747,43.5947431,43.6688466,43.6555526,43.645532,43.5624883,43.6491983,43.6123158,43.5711014,43.6406514,43.6803871,43.6015064,43.599288,43.6157222,43.6018468,43.639151,43.5834967,43.647575,43.5707023,43.615799,43.552877,43.5689565,43.648724,43.633893,43.6183551,43.5926761,43.590282,43.586311,43.648962,43.6058354,43.5732588,43.5942341,43.6176437,43.635982,43.6129405,43.5734437,43.6194423,43.6023878,43.6122779,43.625927,43.620931,43.6173997,43.615751,43.6171003,43.5526915,43.6920387,-116.2135745,-116.2919211,-116.284887,-116.3456794,-116.2082807,-116.1799021,-116.2960007,-116.2145508,-116.1534075,-116.3544153,-116.2102005,-116.230735,-116.2466671,-116.2284526,-116.194785,-116.215855,-116.2234691,-116.3160828,-116.3243743,-116.268053,-116.1964928,-116.218515,-116.1940438,-116.2226005,-116.199126,-116.191985,-116.2201504,-116.2188586,-116.200583,-116.1898411,-116.208625,-116.2016517,-116.1729855,-116.203086,-116.2147125,-116.2123541,-116.1833698,-116.185561,-116.2149029,-116.321398,-116.337034,-116.2621912,-116.2387254,-116.1858868,-116.1633768,-116.2187273,-116.1777398,-116.184313,-116.198734,-116.2941272,-116.3312438,-116.248724,-116.1735301,-116.1571147,-116.2943564,-116.214027,-116.1910508,-116.2216564,-116.32195,-116.1540997,-116.2610448,-116.2078795,-116.171538,-116.202894,-116.1322349,-116.3140766,-116.2610432,-116.069723,-116.3020825,-116.2330146,-116.3063828,-116.1743447,-116.3007286,-116.305672,-116.27027,-116.2692501,-116.2830959,-116.3192311,-116.1680331,-116.1857617,-116.153317,-116.1786617,-116.2137274,-116.1943893,-116.1696052,-116.2841691,-116.2102647,-116.159217,-116.140329,-116.1827547,-116.207153,-116.1564325,-116.236936,-116.222081,-116.1406764,-116.125789,-116.2333794,-116.228565,-116.314295,-116.223728,-116.189305,-116.1780806,-116.2077292,-116.208244,-116.2443622,-116.2372639,-116.3219028,-116.2134882,-116.1425104,-116.274251,-116.284287,-116.2287023,-116.18477,-116.2741747,-116.180993,-116.205531,-116.132874,-116.172557,-116.2123044,-116.195633,-116.2285497,-116.2217642,-116.2633144,-116.238387,-116.3472997,-116.1629067,-116.3268437,-116.1704825,-116.1633,-116.2344009,-116.2684177,-116.2130446,-116.293971,-116.3050215,-116.245916,-116.2743595,-116.1573813,-116.203326,-116.1335834,-116.22412,-116.098622,-116.1210522,-116.222835,-116.326042,-116.2309316,-116.2504264,-116.2709188,-116.183356,-116.247889,-116.1931448,-116.193697,-116.213678,-116.2536306,-116.033712,-116.2297304,-116.192158,-116.3342868,-116.1884035,-116.2085864,-116.191698,-116.2142557,-116.1982766,-116.203924,-116.2036778,-116.0986275,-116.2376974
136,Boise,Idaho,151074,906,Proposed np hwy 21 (site 14),Neighborhood,Proposed,Undeveloped,Southeast,Active Park,Private,7.0,Other,,Not Classic,,0.00051524,2.0299999999999996e-08,,Neighborhood,Proposed NP Hwy 21 (site 14),43.6610652,43.6828866,43.679896,43.6605954,43.6104879,,43.6130114,43.6532929,43.6146316,43.5475988,43.6503693,43.617887,43.626294,43.6449789,43.6436012,43.638452,43.636504,43.6351477,43.6319851,43.6303104,43.626552,43.6248542,43.622819,43.6181311,43.6175837,43.616731,43.615077,43.616591,43.6144756,43.613066,43.6103798,43.610273,43.615726,43.6092033,43.614215,43.6151446,43.6144897,43.6052277,43.603333,43.6019085,43.604337,43.601044,43.5973645,43.5953347,43.6147002,43.5944027,43.5960863,43.5933122,43.590637,43.587635,43.5908829,43.5856801,43.5815,43.5883943,43.5783797,43.5774967,43.5772726,43.5880929,43.5734826,43.56389,43.5656557,43.6085474,43.6256985,43.61205,43.6338044,43.5600487,43.595756,43.6093837,43.468523,43.6899475,43.6574399,43.6554753,43.6019602,43.6521854,43.645009,43.6379565,43.6339837,43.6265791,43.6164788,43.6011568,43.5807801,43.563206,43.6147656,43.6187073,43.6112937,43.5824429,43.613342,43.6213324,43.573703,43.5751881,43.6116233,43.611803,43.5290362,43.6519645,43.615314,43.5732785,43.557425,43.6046661,43.610827,43.6153342,43.618824,43.613564,43.6236296,43.6265626,43.6329444,43.5898161,43.6384932,43.6483863,43.681303,43.5992087,43.568633,43.544704,43.626365,43.594577,43.5903778,43.632641,43.5931564,43.551804,43.585974,43.60454,43.620747,43.5947431,43.6688466,43.6555526,43.645532,43.5624883,43.6491983,43.6123158,43.5711014,43.6406514,43.6803871,43.6015064,43.599288,43.6157222,43.6018468,43.639151,43.5834967,43.647575,43.5707023,43.615799,43.552877,43.5689565,43.648724,43.633893,43.6183551,43.5926761,43.590282,43.586311,43.648962,43.6058354,43.5732588,43.5942341,43.6176437,43.635982,43.6129405,43.5734437,43.6194423,43.6023878,43.6122779,43.625927,43.620931,43.6173997,43.615751,43.6171003,43.5526915,43.6920387,-116.2135745,-116.2919211,-116.284887,-116.3456794,-116.2082807,-116.1799021,-116.2960007,-116.2145508,-116.1534075,-116.3544153,-116.2102005,-116.230735,-116.2466671,-116.2284526,-116.194785,-116.215855,-116.2234691,-116.3160828,-116.3243743,-116.268053,-116.1964928,-116.218515,-116.1940438,-116.2226005,-116.199126,-116.191985,-116.2201504,-116.2188586,-116.200583,-116.1898411,-116.208625,-116.2016517,-116.1729855,-116.203086,-116.2147125,-116.2123541,-116.1833698,-116.185561,-116.2149029,-116.321398,-116.337034,-116.2621912,-116.2387254,-116.1858868,-116.1633768,-116.2187273,-116.1777398,-116.184313,-116.198734,-116.2941272,-116.3312438,-116.248724,-116.1735301,-116.1571147,-116.2943564,-116.214027,-116.1910508,-116.2216564,-116.32195,-116.1540997,-116.2610448,-116.2078795,-116.171538,-116.202894,-116.1322349,-116.3140766,-116.2610432,-116.069723,-116.3020825,-116.2330146,-116.3063828,-116.1743447,-116.3007286,-116.305672,-116.27027,-116.2692501,-116.2830959,-116.3192311,-116.1680331,-116.1857617,-116.153317,-116.1786617,-116.2137274,-116.1943893,-116.1696052,-116.2841691,-116.2102647,-116.159217,-116.140329,-116.1827547,-116.207153,-116.1564325,-116.236936,-116.222081,-116.1406764,-116.125789,-116.2333794,-116.228565,-116.314295,-116.223728,-116.189305,-116.1780806,-116.2077292,-116.208244,-116.2443622,-116.2372639,-116.3219028,-116.2134882,-116.1425104,-116.274251,-116.284287,-116.2287023,-116.18477,-116.2741747,-116.180993,-116.205531,-116.132874,-116.172557,-116.2123044,-116.195633,-116.2285497,-116.2217642,-116.2633144,-116.238387,-116.3472997,-116.1629067,-116.3268437,-116.1704825,-116.1633,-116.2344009,-116.2684177,-116.2130446,-116.293971,-116.3050215,-116.245916,-116.2743595,-116.1573813,-116.203326,-116.1335834,-116.22412,-116.098622,-116.1210522,-116.222835,-116.326042,-116.2309316,-116.2504264,-116.2709188,-116.183356,-116.247889,-116.1931448,-116.193697,-116.213678,-116.2536306,-116.033712,-116.2297304,-116.192158,-116.3342868,-116.1884035,-116.2085864,-116.191698,-116.2142557,-116.1982766,-116.203924,-116.2036778,-116.0986275,-116.2376974
137,Boise,Idaho,151075,105,Bernardine quinn riverside park,Special use,Open,Undeveloped,North River,Mixed-use Park,BOISE CITY,31.17976102,GIS,3150 W Pleasanton Ave,Not Classic,,0.01549612,1.4099999999999999e-05,3150 W PLEASANTON AVE,Special Use,Bernardine Quinn Riverside Park,43.6610652,43.6828866,43.679896,43.6605954,43.6104879,,43.6130114,43.6532929,43.6146316,43.5475988,43.6503693,43.617887,43.626294,43.6449789,43.6436012,43.638452,43.636504,43.6351477,43.6319851,43.6303104,43.626552,43.6248542,43.622819,43.6181311,43.6175837,43.616731,43.615077,43.616591,43.6144756,43.613066,43.6103798,43.610273,43.615726,43.6092033,43.614215,43.6151446,43.6144897,43.6052277,43.603333,43.6019085,43.604337,43.601044,43.5973645,43.5953347,43.6147002,43.5944027,43.5960863,43.5933122,43.590637,43.587635,43.5908829,43.5856801,43.5815,43.5883943,43.5783797,43.5774967,43.5772726,43.5880929,43.5734826,43.56389,43.5656557,43.6085474,43.6256985,43.61205,43.6338044,43.5600487,43.595756,43.6093837,43.468523,43.6899475,43.6574399,43.6554753,43.6019602,43.6521854,43.645009,43.6379565,43.6339837,43.6265791,43.6164788,43.6011568,43.5807801,43.563206,43.6147656,43.6187073,43.6112937,43.5824429,43.613342,43.6213324,43.573703,43.5751881,43.6116233,43.611803,43.5290362,43.6519645,43.615314,43.5732785,43.557425,43.6046661,43.610827,43.6153342,43.618824,43.613564,43.6236296,43.6265626,43.6329444,43.5898161,43.6384932,43.6483863,43.681303,43.5992087,43.568633,43.544704,43.626365,43.594577,43.5903778,43.632641,43.5931564,43.551804,43.585974,43.60454,43.620747,43.5947431,43.6688466,43.6555526,43.645532,43.5624883,43.6491983,43.6123158,43.5711014,43.6406514,43.6803871,43.6015064,43.599288,43.6157222,43.6018468,43.639151,43.5834967,43.647575,43.5707023,43.615799,43.552877,43.5689565,43.648724,43.633893,43.6183551,43.5926761,43.590282,43.586311,43.648962,43.6058354,43.5732588,43.5942341,43.6176437,43.635982,43.6129405,43.5734437,43.6194423,43.6023878,43.6122779,43.625927,43.620931,43.6173997,43.615751,43.6171003,43.5526915,43.6920387,-116.2135745,-116.2919211,-116.284887,-116.3456794,-116.2082807,-116.1799021,-116.2960007,-116.2145508,-116.1534075,-116.3544153,-116.2102005,-116.230735,-116.2466671,-116.2284526,-116.194785,-116.215855,-116.2234691,-116.3160828,-116.3243743,-116.268053,-116.1964928,-116.218515,-116.1940438,-116.2226005,-116.199126,-116.191985,-116.2201504,-116.2188586,-116.200583,-116.1898411,-116.208625,-116.2016517,-116.1729855,-116.203086,-116.2147125,-116.2123541,-116.1833698,-116.185561,-116.2149029,-116.321398,-116.337034,-116.2621912,-116.2387254,-116.1858868,-116.1633768,-116.2187273,-116.1777398,-116.184313,-116.198734,-116.2941272,-116.3312438,-116.248724,-116.1735301,-116.1571147,-116.2943564,-116.214027,-116.1910508,-116.2216564,-116.32195,-116.1540997,-116.2610448,-116.2078795,-116.171538,-116.202894,-116.1322349,-116.3140766,-116.2610432,-116.069723,-116.3020825,-116.2330146,-116.3063828,-116.1743447,-116.3007286,-116.305672,-116.27027,-116.2692501,-116.2830959,-116.3192311,-116.1680331,-116.1857617,-116.153317,-116.1786617,-116.2137274,-116.1943893,-116.1696052,-116.2841691,-116.2102647,-116.159217,-116.140329,-116.1827547,-116.207153,-116.1564325,-116.236936,-116.222081,-116.1406764,-116.125789,-116.2333794,-116.228565,-116.314295,-116.223728,-116.189305,-116.1780806,-116.2077292,-116.208244,-116.2443622,-116.2372639,-116.3219028,-116.2134882,-116.1425104,-116.274251,-116.284287,-116.2287023,-116.18477,-116.2741747,-116.180993,-116.205531,-116.132874,-116.172557,-116.2123044,-116.195633,-116.2285497,-116.2217642,-116.2633144,-116.238387,-116.3472997,-116.1629067,-116.3268437,-116.1704825,-116.1633,-116.2344009,-116.2684177,-116.2130446,-116.293971,-116.3050215,-116.245916,-116.2743595,-116.1573813,-116.203326,-116.1335834,-116.22412,-116.098622,-116.1210522,-116.222835,-116.326042,-116.2309316,-116.2504264,-116.2709188,-116.183356,-116.247889,-116.1931448,-116.193697,-116.213678,-116.2536306,-116.033712,-116.2297304,-116.192158,-116.3342868,-116.1884035,-116.2085864,-116.191698,-116.2142557,-116.1982766,-116.203924,-116.2036778,-116.0986275,-116.2376974
138,Boise,Idaho,151076,108,Bowden park,Neighborhood,Open,Developed,Central Bench,Active Park,BOISE CITY (BOISE PARKS & RECREATION),2.66635418,GIS,3230 W Edson St,Classic,Bowden-Park,0.007706438,1.2e-06,3230 W EDSON ST,Neighborhood,Bowden Park,43.6610652,43.6828866,43.679896,43.6605954,43.6104879,,43.6130114,43.6532929,43.6146316,43.5475988,43.6503693,43.617887,43.626294,43.6449789,43.6436012,43.638452,43.636504,43.6351477,43.6319851,43.6303104,43.626552,43.6248542,43.622819,43.6181311,43.6175837,43.616731,43.615077,43.616591,43.6144756,43.613066,43.6103798,43.610273,43.615726,43.6092033,43.614215,43.6151446,43.6144897,43.6052277,43.603333,43.6019085,43.604337,43.601044,43.5973645,43.5953347,43.6147002,43.5944027,43.5960863,43.5933122,43.590637,43.587635,43.5908829,43.5856801,43.5815,43.5883943,43.5783797,43.5774967,43.5772726,43.5880929,43.5734826,43.56389,43.5656557,43.6085474,43.6256985,43.61205,43.6338044,43.5600487,43.595756,43.6093837,43.468523,43.6899475,43.6574399,43.6554753,43.6019602,43.6521854,43.645009,43.6379565,43.6339837,43.6265791,43.6164788,43.6011568,43.5807801,43.563206,43.6147656,43.6187073,43.6112937,43.5824429,43.613342,43.6213324,43.573703,43.5751881,43.6116233,43.611803,43.5290362,43.6519645,43.615314,43.5732785,43.557425,43.6046661,43.610827,43.6153342,43.618824,43.613564,43.6236296,43.6265626,43.6329444,43.5898161,43.6384932,43.6483863,43.681303,43.5992087,43.568633,43.544704,43.626365,43.594577,43.5903778,43.632641,43.5931564,43.551804,43.585974,43.60454,43.620747,43.5947431,43.6688466,43.6555526,43.645532,43.5624883,43.6491983,43.6123158,43.5711014,43.6406514,43.6803871,43.6015064,43.599288,43.6157222,43.6018468,43.639151,43.5834967,43.647575,43.5707023,43.615799,43.552877,43.5689565,43.648724,43.633893,43.6183551,43.5926761,43.590282,43.586311,43.648962,43.6058354,43.5732588,43.5942341,43.6176437,43.635982,43.6129405,43.5734437,43.6194423,43.6023878,43.6122779,43.625927,43.620931,43.6173997,43.615751,43.6171003,43.5526915,43.6920387,-116.2135745,-116.2919211,-116.284887,-116.3456794,-116.2082807,-116.1799021,-116.2960007,-116.2145508,-116.1534075,-116.3544153,-116.2102005,-116.230735,-116.2466671,-116.2284526,-116.194785,-116.215855,-116.2234691,-116.3160828,-116.3243743,-116.268053,-116.1964928,-116.218515,-116.1940438,-116.2226005,-116.199126,-116.191985,-116.2201504,-116.2188586,-116.200583,-116.1898411,-116.208625,-116.2016517,-116.1729855,-116.203086,-116.2147125,-116.2123541,-116.1833698,-116.185561,-116.2149029,-116.321398,-116.337034,-116.2621912,-116.2387254,-116.1858868,-116.1633768,-116.2187273,-116.1777398,-116.184313,-116.198734,-116.2941272,-116.3312438,-116.248724,-116.1735301,-116.1571147,-116.2943564,-116.214027,-116.1910508,-116.2216564,-116.32195,-116.1540997,-116.2610448,-116.2078795,-116.171538,-116.202894,-116.1322349,-116.3140766,-116.2610432,-116.069723,-116.3020825,-116.2330146,-116.3063828,-116.1743447,-116.3007286,-116.305672,-116.27027,-116.2692501,-116.2830959,-116.3192311,-116.1680331,-116.1857617,-116.153317,-116.1786617,-116.2137274,-116.1943893,-116.1696052,-116.2841691,-116.2102647,-116.159217,-116.140329,-116.1827547,-116.207153,-116.1564325,-116.236936,-116.222081,-116.1406764,-116.125789,-116.2333794,-116.228565,-116.314295,-116.223728,-116.189305,-116.1780806,-116.2077292,-116.208244,-116.2443622,-116.2372639,-116.3219028,-116.2134882,-116.1425104,-116.274251,-116.284287,-116.2287023,-116.18477,-116.2741747,-116.180993,-116.205531,-116.132874,-116.172557,-116.2123044,-116.195633,-116.2285497,-116.2217642,-116.2633144,-116.238387,-116.3472997,-116.1629067,-116.3268437,-116.1704825,-116.1633,-116.2344009,-116.2684177,-116.2130446,-116.293971,-116.3050215,-116.245916,-116.2743595,-116.1573813,-116.203326,-116.1335834,-116.22412,-116.098622,-116.1210522,-116.222835,-116.326042,-116.2309316,-116.2504264,-116.2709188,-116.183356,-116.247889,-116.1931448,-116.193697,-116.213678,-116.2536306,-116.033712,-116.2297304,-116.192158,-116.3342868,-116.1884035,-116.2085864,-116.191698,-116.2142557,-116.1982766,-116.203924,-116.2036778,-116.0986275,-116.2376974
139,Boise,Idaho,151077,114,Castle hills park,Neighborhood,Open,Developed,North River,Active Park,BOISE CITY (BOISE PARKS & RECREATION),7.13,Ada County Database,5350 N Eugene St,Classic,Castle-Hills-Park,0.018682193,3.21e-06,5350 N EUGENE ST,Neighborhood,Castle Hills Park,43.6610652,43.6828866,43.679896,43.6605954,43.6104879,,43.6130114,43.6532929,43.6146316,43.5475988,43.6503693,43.617887,43.626294,43.6449789,43.6436012,43.638452,43.636504,43.6351477,43.6319851,43.6303104,43.626552,43.6248542,43.622819,43.6181311,43.6175837,43.616731,43.615077,43.616591,43.6144756,43.613066,43.6103798,43.610273,43.615726,43.6092033,43.614215,43.6151446,43.6144897,43.6052277,43.603333,43.6019085,43.604337,43.601044,43.5973645,43.5953347,43.6147002,43.5944027,43.5960863,43.5933122,43.590637,43.587635,43.5908829,43.5856801,43.5815,43.5883943,43.5783797,43.5774967,43.5772726,43.5880929,43.5734826,43.56389,43.5656557,43.6085474,43.6256985,43.61205,43.6338044,43.5600487,43.595756,43.6093837,43.468523,43.6899475,43.6574399,43.6554753,43.6019602,43.6521854,43.645009,43.6379565,43.6339837,43.6265791,43.6164788,43.6011568,43.5807801,43.563206,43.6147656,43.6187073,43.6112937,43.5824429,43.613342,43.6213324,43.573703,43.5751881,43.6116233,43.611803,43.5290362,43.6519645,43.615314,43.5732785,43.557425,43.6046661,43.610827,43.6153342,43.618824,43.613564,43.6236296,43.6265626,43.6329444,43.5898161,43.6384932,43.6483863,43.681303,43.5992087,43.568633,43.544704,43.626365,43.594577,43.5903778,43.632641,43.5931564,43.551804,43.585974,43.60454,43.620747,43.5947431,43.6688466,43.6555526,43.645532,43.5624883,43.6491983,43.6123158,43.5711014,43.6406514,43.6803871,43.6015064,43.599288,43.6157222,43.6018468,43.639151,43.5834967,43.647575,43.5707023,43.615799,43.552877,43.5689565,43.648724,43.633893,43.6183551,43.5926761,43.590282,43.586311,43.648962,43.6058354,43.5732588,43.5942341,43.6176437,43.635982,43.6129405,43.5734437,43.6194423,43.6023878,43.6122779,43.625927,43.620931,43.6173997,43.615751,43.6171003,43.5526915,43.6920387,-116.2135745,-116.2919211,-116.284887,-116.3456794,-116.2082807,-116.1799021,-116.2960007,-116.2145508,-116.1534075,-116.3544153,-116.2102005,-116.230735,-116.2466671,-116.2284526,-116.194785,-116.215855,-116.2234691,-116.3160828,-116.3243743,-116.268053,-116.1964928,-116.218515,-116.1940438,-116.2226005,-116.199126,-116.191985,-116.2201504,-116.2188586,-116.200583,-116.1898411,-116.208625,-116.2016517,-116.1729855,-116.203086,-116.2147125,-116.2123541,-116.1833698,-116.185561,-116.2149029,-116.321398,-116.337034,-116.2621912,-116.2387254,-116.1858868,-116.1633768,-116.2187273,-116.1777398,-116.184313,-116.198734,-116.2941272,-116.3312438,-116.248724,-116.1735301,-116.1571147,-116.2943564,-116.214027,-116.1910508,-116.2216564,-116.32195,-116.1540997,-116.2610448,-116.2078795,-116.171538,-116.202894,-116.1322349,-116.3140766,-116.2610432,-116.069723,-116.3020825,-116.2330146,-116.3063828,-116.1743447,-116.3007286,-116.305672,-116.27027,-116.2692501,-116.2830959,-116.3192311,-116.1680331,-116.1857617,-116.153317,-116.1786617,-116.2137274,-116.1943893,-116.1696052,-116.2841691,-116.2102647,-116.159217,-116.140329,-116.1827547,-116.207153,-116.1564325,-116.236936,-116.222081,-116.1406764,-116.125789,-116.2333794,-116.228565,-116.314295,-116.223728,-116.189305,-116.1780806,-116.2077292,-116.208244,-116.2443622,-116.2372639,-116.3219028,-116.2134882,-116.1425104,-116.274251,-116.284287,-116.2287023,-116.18477,-116.2741747,-116.180993,-116.205531,-116.132874,-116.172557,-116.2123044,-116.195633,-116.2285497,-116.2217642,-116.2633144,-116.238387,-116.3472997,-116.1629067,-116.3268437,-116.1704825,-116.1633,-116.2344009,-116.2684177,-116.2130446,-116.293971,-116.3050215,-116.245916,-116.2743595,-116.1573813,-116.203326,-116.1335834,-116.22412,-116.098622,-116.1210522,-116.222835,-116.326042,-116.2309316,-116.2504264,-116.2709188,-116.183356,-116.247889,-116.1931448,-116.193697,-116.213678,-116.2536306,-116.033712,-116.2297304,-116.192158,-116.3342868,-116.1884035,-116.2085864,-116.191698,-116.2142557,-116.1982766,-116.203924,-116.2036778,-116.0986275,-116.2376974
140,Boise,Idaho,151078,115,Catalpa park,Neighborhood,Open,Developed,North River,Active Park,BOISE CITY (BOISE PARKS & RECREATION),5.54,Ada County Database,4516 W Catalpa Dr,Classic,Catalpa-Park,0.006388718000000001,2.5e-06,4516 W CATALPA DR,Neighborhood,Catalpa Park,43.6610652,43.6828866,43.679896,43.6605954,43.6104879,,43.6130114,43.6532929,43.6146316,43.5475988,43.6503693,43.617887,43.626294,43.6449789,43.6436012,43.638452,43.636504,43.6351477,43.6319851,43.6303104,43.626552,43.6248542,43.622819,43.6181311,43.6175837,43.616731,43.615077,43.616591,43.6144756,43.613066,43.6103798,43.610273,43.615726,43.6092033,43.614215,43.6151446,43.6144897,43.6052277,43.603333,43.6019085,43.604337,43.601044,43.5973645,43.5953347,43.6147002,43.5944027,43.5960863,43.5933122,43.590637,43.587635,43.5908829,43.5856801,43.5815,43.5883943,43.5783797,43.5774967,43.5772726,43.5880929,43.5734826,43.56389,43.5656557,43.6085474,43.6256985,43.61205,43.6338044,43.5600487,43.595756,43.6093837,43.468523,43.6899475,43.6574399,43.6554753,43.6019602,43.6521854,43.645009,43.6379565,43.6339837,43.6265791,43.6164788,43.6011568,43.5807801,43.563206,43.6147656,43.6187073,43.6112937,43.5824429,43.613342,43.6213324,43.573703,43.5751881,43.6116233,43.611803,43.5290362,43.6519645,43.615314,43.5732785,43.557425,43.6046661,43.610827,43.6153342,43.618824,43.613564,43.6236296,43.6265626,43.6329444,43.5898161,43.6384932,43.6483863,43.681303,43.5992087,43.568633,43.544704,43.626365,43.594577,43.5903778,43.632641,43.5931564,43.551804,43.585974,43.60454,43.620747,43.5947431,43.6688466,43.6555526,43.645532,43.5624883,43.6491983,43.6123158,43.5711014,43.6406514,43.6803871,43.6015064,43.599288,43.6157222,43.6018468,43.639151,43.5834967,43.647575,43.5707023,43.615799,43.552877,43.5689565,43.648724,43.633893,43.6183551,43.5926761,43.590282,43.586311,43.648962,43.6058354,43.5732588,43.5942341,43.6176437,43.635982,43.6129405,43.5734437,43.6194423,43.6023878,43.6122779,43.625927,43.620931,43.6173997,43.615751,43.6171003,43.5526915,43.6920387,-116.2135745,-116.2919211,-116.284887,-116.3456794,-116.2082807,-116.1799021,-116.2960007,-116.2145508,-116.1534075,-116.3544153,-116.2102005,-116.230735,-116.2466671,-116.2284526,-116.194785,-116.215855,-116.2234691,-116.3160828,-116.3243743,-116.268053,-116.1964928,-116.218515,-116.1940438,-116.2226005,-116.199126,-116.191985,-116.2201504,-116.2188586,-116.200583,-116.1898411,-116.208625,-116.2016517,-116.1729855,-116.203086,-116.2147125,-116.2123541,-116.1833698,-116.185561,-116.2149029,-116.321398,-116.337034,-116.2621912,-116.2387254,-116.1858868,-116.1633768,-116.2187273,-116.1777398,-116.184313,-116.198734,-116.2941272,-116.3312438,-116.248724,-116.1735301,-116.1571147,-116.2943564,-116.214027,-116.1910508,-116.2216564,-116.32195,-116.1540997,-116.2610448,-116.2078795,-116.171538,-116.202894,-116.1322349,-116.3140766,-116.2610432,-116.069723,-116.3020825,-116.2330146,-116.3063828,-116.1743447,-116.3007286,-116.305672,-116.27027,-116.2692501,-116.2830959,-116.3192311,-116.1680331,-116.1857617,-116.153317,-116.1786617,-116.2137274,-116.1943893,-116.1696052,-116.2841691,-116.2102647,-116.159217,-116.140329,-116.1827547,-116.207153,-116.1564325,-116.236936,-116.222081,-116.1406764,-116.125789,-116.2333794,-116.228565,-116.314295,-116.223728,-116.189305,-116.1780806,-116.2077292,-116.208244,-116.2443622,-116.2372639,-116.3219028,-116.2134882,-116.1425104,-116.274251,-116.284287,-116.2287023,-116.18477,-116.2741747,-116.180993,-116.205531,-116.132874,-116.172557,-116.2123044,-116.195633,-116.2285497,-116.2217642,-116.2633144,-116.238387,-116.3472997,-116.1629067,-116.3268437,-116.1704825,-116.1633,-116.2344009,-116.2684177,-116.2130446,-116.293971,-116.3050215,-116.245916,-116.2743595,-116.1573813,-116.203326,-116.1335834,-116.22412,-116.098622,-116.1210522,-116.222835,-116.326042,-116.2309316,-116.2504264,-116.2709188,-116.183356,-116.247889,-116.1931448,-116.193697,-116.213678,-116.2536306,-116.033712,-116.2297304,-116.192158,-116.3342868,-116.1884035,-116.2085864,-116.191698,-116.2142557,-116.1982766,-116.203924,-116.2036778,-116.0986275,-116.2376974
141,Boise,Idaho,151079,116,Cottonwood park,Neighborhood,Open,Developed,West Bench,Active Park,BOISE CITY (BOISE PARKS & RECREATION),7.191,Ada County Database,4350 N Colonial Park Way,Classic,Cottonwood-Park,0.008825300999999999,3.66e-06,4350 N COLONIAL PARK WAY,Neighborhood,Cottonwood Park,43.6610652,43.6828866,43.679896,43.6605954,43.6104879,,43.6130114,43.6532929,43.6146316,43.5475988,43.6503693,43.617887,43.626294,43.6449789,43.6436012,43.638452,43.636504,43.6351477,43.6319851,43.6303104,43.626552,43.6248542,43.622819,43.6181311,43.6175837,43.616731,43.615077,43.616591,43.6144756,43.613066,43.6103798,43.610273,43.615726,43.6092033,43.614215,43.6151446,43.6144897,43.6052277,43.603333,43.6019085,43.604337,43.601044,43.5973645,43.5953347,43.6147002,43.5944027,43.5960863,43.5933122,43.590637,43.587635,43.5908829,43.5856801,43.5815,43.5883943,43.5783797,43.5774967,43.5772726,43.5880929,43.5734826,43.56389,43.5656557,43.6085474,43.6256985,43.61205,43.6338044,43.5600487,43.595756,43.6093837,43.468523,43.6899475,43.6574399,43.6554753,43.6019602,43.6521854,43.645009,43.6379565,43.6339837,43.6265791,43.6164788,43.6011568,43.5807801,43.563206,43.6147656,43.6187073,43.6112937,43.5824429,43.613342,43.6213324,43.573703,43.5751881,43.6116233,43.611803,43.5290362,43.6519645,43.615314,43.5732785,43.557425,43.6046661,43.610827,43.6153342,43.618824,43.613564,43.6236296,43.6265626,43.6329444,43.5898161,43.6384932,43.6483863,43.681303,43.5992087,43.568633,43.544704,43.626365,43.594577,43.5903778,43.632641,43.5931564,43.551804,43.585974,43.60454,43.620747,43.5947431,43.6688466,43.6555526,43.645532,43.5624883,43.6491983,43.6123158,43.5711014,43.6406514,43.6803871,43.6015064,43.599288,43.6157222,43.6018468,43.639151,43.5834967,43.647575,43.5707023,43.615799,43.552877,43.5689565,43.648724,43.633893,43.6183551,43.5926761,43.590282,43.586311,43.648962,43.6058354,43.5732588,43.5942341,43.6176437,43.635982,43.6129405,43.5734437,43.6194423,43.6023878,43.6122779,43.625927,43.620931,43.6173997,43.615751,43.6171003,43.5526915,43.6920387,-116.2135745,-116.2919211,-116.284887,-116.3456794,-116.2082807,-116.1799021,-116.2960007,-116.2145508,-116.1534075,-116.3544153,-116.2102005,-116.230735,-116.2466671,-116.2284526,-116.194785,-116.215855,-116.2234691,-116.3160828,-116.3243743,-116.268053,-116.1964928,-116.218515,-116.1940438,-116.2226005,-116.199126,-116.191985,-116.2201504,-116.2188586,-116.200583,-116.1898411,-116.208625,-116.2016517,-116.1729855,-116.203086,-116.2147125,-116.2123541,-116.1833698,-116.185561,-116.2149029,-116.321398,-116.337034,-116.2621912,-116.2387254,-116.1858868,-116.1633768,-116.2187273,-116.1777398,-116.184313,-116.198734,-116.2941272,-116.3312438,-116.248724,-116.1735301,-116.1571147,-116.2943564,-116.214027,-116.1910508,-116.2216564,-116.32195,-116.1540997,-116.2610448,-116.2078795,-116.171538,-116.202894,-116.1322349,-116.3140766,-116.2610432,-116.069723,-116.3020825,-116.2330146,-116.3063828,-116.1743447,-116.3007286,-116.305672,-116.27027,-116.2692501,-116.2830959,-116.3192311,-116.1680331,-116.1857617,-116.153317,-116.1786617,-116.2137274,-116.1943893,-116.1696052,-116.2841691,-116.2102647,-116.159217,-116.140329,-116.1827547,-116.207153,-116.1564325,-116.236936,-116.222081,-116.1406764,-116.125789,-116.2333794,-116.228565,-116.314295,-116.223728,-116.189305,-116.1780806,-116.2077292,-116.208244,-116.2443622,-116.2372639,-116.3219028,-116.2134882,-116.1425104,-116.274251,-116.284287,-116.2287023,-116.18477,-116.2741747,-116.180993,-116.205531,-116.132874,-116.172557,-116.2123044,-116.195633,-116.2285497,-116.2217642,-116.2633144,-116.238387,-116.3472997,-116.1629067,-116.3268437,-116.1704825,-116.1633,-116.2344009,-116.2684177,-116.2130446,-116.293971,-116.3050215,-116.245916,-116.2743595,-116.1573813,-116.203326,-116.1335834,-116.22412,-116.098622,-116.1210522,-116.222835,-116.326042,-116.2309316,-116.2504264,-116.2709188,-116.183356,-116.247889,-116.1931448,-116.193697,-116.213678,-116.2536306,-116.033712,-116.2297304,-116.192158,-116.3342868,-116.1884035,-116.2085864,-116.191698,-116.2142557,-116.1982766,-116.203924,-116.2036778,-116.0986275,-116.2376974
142,Boise,Idaho,151080,117,Cypress park,Neighborhood,Open,Developed,Southeast,Active Park,BOISE CITY,7.28,Ada County Database,4382 S Tableridge Way,Classic,Cypress-Park,0.013552884,3.29e-06,4382 S TABLERIDGE WAY,Neighborhood,Cypress Park,43.6610652,43.6828866,43.679896,43.6605954,43.6104879,,43.6130114,43.6532929,43.6146316,43.5475988,43.6503693,43.617887,43.626294,43.6449789,43.6436012,43.638452,43.636504,43.6351477,43.6319851,43.6303104,43.626552,43.6248542,43.622819,43.6181311,43.6175837,43.616731,43.615077,43.616591,43.6144756,43.613066,43.6103798,43.610273,43.615726,43.6092033,43.614215,43.6151446,43.6144897,43.6052277,43.603333,43.6019085,43.604337,43.601044,43.5973645,43.5953347,43.6147002,43.5944027,43.5960863,43.5933122,43.590637,43.587635,43.5908829,43.5856801,43.5815,43.5883943,43.5783797,43.5774967,43.5772726,43.5880929,43.5734826,43.56389,43.5656557,43.6085474,43.6256985,43.61205,43.6338044,43.5600487,43.595756,43.6093837,43.468523,43.6899475,43.6574399,43.6554753,43.6019602,43.6521854,43.645009,43.6379565,43.6339837,43.6265791,43.6164788,43.6011568,43.5807801,43.563206,43.6147656,43.6187073,43.6112937,43.5824429,43.613342,43.6213324,43.573703,43.5751881,43.6116233,43.611803,43.5290362,43.6519645,43.615314,43.5732785,43.557425,43.6046661,43.610827,43.6153342,43.618824,43.613564,43.6236296,43.6265626,43.6329444,43.5898161,43.6384932,43.6483863,43.681303,43.5992087,43.568633,43.544704,43.626365,43.594577,43.5903778,43.632641,43.5931564,43.551804,43.585974,43.60454,43.620747,43.5947431,43.6688466,43.6555526,43.645532,43.5624883,43.6491983,43.6123158,43.5711014,43.6406514,43.6803871,43.6015064,43.599288,43.6157222,43.6018468,43.639151,43.5834967,43.647575,43.5707023,43.615799,43.552877,43.5689565,43.648724,43.633893,43.6183551,43.5926761,43.590282,43.586311,43.648962,43.6058354,43.5732588,43.5942341,43.6176437,43.635982,43.6129405,43.5734437,43.6194423,43.6023878,43.6122779,43.625927,43.620931,43.6173997,43.615751,43.6171003,43.5526915,43.6920387,-116.2135745,-116.2919211,-116.284887,-116.3456794,-116.2082807,-116.1799021,-116.2960007,-116.2145508,-116.1534075,-116.3544153,-116.2102005,-116.230735,-116.2466671,-116.2284526,-116.194785,-116.215855,-116.2234691,-116.3160828,-116.3243743,-116.268053,-116.1964928,-116.218515,-116.1940438,-116.2226005,-116.199126,-116.191985,-116.2201504,-116.2188586,-116.200583,-116.1898411,-116.208625,-116.2016517,-116.1729855,-116.203086,-116.2147125,-116.2123541,-116.1833698,-116.185561,-116.2149029,-116.321398,-116.337034,-116.2621912,-116.2387254,-116.1858868,-116.1633768,-116.2187273,-116.1777398,-116.184313,-116.198734,-116.2941272,-116.3312438,-116.248724,-116.1735301,-116.1571147,-116.2943564,-116.214027,-116.1910508,-116.2216564,-116.32195,-116.1540997,-116.2610448,-116.2078795,-116.171538,-116.202894,-116.1322349,-116.3140766,-116.2610432,-116.069723,-116.3020825,-116.2330146,-116.3063828,-116.1743447,-116.3007286,-116.305672,-116.27027,-116.2692501,-116.2830959,-116.3192311,-116.1680331,-116.1857617,-116.153317,-116.1786617,-116.2137274,-116.1943893,-116.1696052,-116.2841691,-116.2102647,-116.159217,-116.140329,-116.1827547,-116.207153,-116.1564325,-116.236936,-116.222081,-116.1406764,-116.125789,-116.2333794,-116.228565,-116.314295,-116.223728,-116.189305,-116.1780806,-116.2077292,-116.208244,-116.2443622,-116.2372639,-116.3219028,-116.2134882,-116.1425104,-116.274251,-116.284287,-116.2287023,-116.18477,-116.2741747,-116.180993,-116.205531,-116.132874,-116.172557,-116.2123044,-116.195633,-116.2285497,-116.2217642,-116.2633144,-116.238387,-116.3472997,-116.1629067,-116.3268437,-116.1704825,-116.1633,-116.2344009,-116.2684177,-116.2130446,-116.293971,-116.3050215,-116.245916,-116.2743595,-116.1573813,-116.203326,-116.1335834,-116.22412,-116.098622,-116.1210522,-116.222835,-116.326042,-116.2309316,-116.2504264,-116.2709188,-116.183356,-116.247889,-116.1931448,-116.193697,-116.213678,-116.2536306,-116.033712,-116.2297304,-116.192158,-116.3342868,-116.1884035,-116.2085864,-116.191698,-116.2142557,-116.1982766,-116.203924,-116.2036778,-116.0986275,-116.2376974
143,Boise,Idaho,151081,118,Demeyer park,Neighborhood,Open,Developed,West Bench,Active Park,BOISE CITY (BOISE PARKS & RECREATION),12.84,Ada County Database,5100 N Tumbleweed Pl,Classic,DeMeyer-Park,0.026413997,5.58e-06,5100 N TUMBLEWEED PL,Neighborhood,DeMeyer Park,43.6610652,43.6828866,43.679896,43.6605954,43.6104879,,43.6130114,43.6532929,43.6146316,43.5475988,43.6503693,43.617887,43.626294,43.6449789,43.6436012,43.638452,43.636504,43.6351477,43.6319851,43.6303104,43.626552,43.6248542,43.622819,43.6181311,43.6175837,43.616731,43.615077,43.616591,43.6144756,43.613066,43.6103798,43.610273,43.615726,43.6092033,43.614215,43.6151446,43.6144897,43.6052277,43.603333,43.6019085,43.604337,43.601044,43.5973645,43.5953347,43.6147002,43.5944027,43.5960863,43.5933122,43.590637,43.587635,43.5908829,43.5856801,43.5815,43.5883943,43.5783797,43.5774967,43.5772726,43.5880929,43.5734826,43.56389,43.5656557,43.6085474,43.6256985,43.61205,43.6338044,43.5600487,43.595756,43.6093837,43.468523,43.6899475,43.6574399,43.6554753,43.6019602,43.6521854,43.645009,43.6379565,43.6339837,43.6265791,43.6164788,43.6011568,43.5807801,43.563206,43.6147656,43.6187073,43.6112937,43.5824429,43.613342,43.6213324,43.573703,43.5751881,43.6116233,43.611803,43.5290362,43.6519645,43.615314,43.5732785,43.557425,43.6046661,43.610827,43.6153342,43.618824,43.613564,43.6236296,43.6265626,43.6329444,43.5898161,43.6384932,43.6483863,43.681303,43.5992087,43.568633,43.544704,43.626365,43.594577,43.5903778,43.632641,43.5931564,43.551804,43.585974,43.60454,43.620747,43.5947431,43.6688466,43.6555526,43.645532,43.5624883,43.6491983,43.6123158,43.5711014,43.6406514,43.6803871,43.6015064,43.599288,43.6157222,43.6018468,43.639151,43.5834967,43.647575,43.5707023,43.615799,43.552877,43.5689565,43.648724,43.633893,43.6183551,43.5926761,43.590282,43.586311,43.648962,43.6058354,43.5732588,43.5942341,43.6176437,43.635982,43.6129405,43.5734437,43.6194423,43.6023878,43.6122779,43.625927,43.620931,43.6173997,43.615751,43.6171003,43.5526915,43.6920387,-116.2135745,-116.2919211,-116.284887,-116.3456794,-116.2082807,-116.1799021,-116.2960007,-116.2145508,-116.1534075,-116.3544153,-116.2102005,-116.230735,-116.2466671,-116.2284526,-116.194785,-116.215855,-116.2234691,-116.3160828,-116.3243743,-116.268053,-116.1964928,-116.218515,-116.1940438,-116.2226005,-116.199126,-116.191985,-116.2201504,-116.2188586,-116.200583,-116.1898411,-116.208625,-116.2016517,-116.1729855,-116.203086,-116.2147125,-116.2123541,-116.1833698,-116.185561,-116.2149029,-116.321398,-116.337034,-116.2621912,-116.2387254,-116.1858868,-116.1633768,-116.2187273,-116.1777398,-116.184313,-116.198734,-116.2941272,-116.3312438,-116.248724,-116.1735301,-116.1571147,-116.2943564,-116.214027,-116.1910508,-116.2216564,-116.32195,-116.1540997,-116.2610448,-116.2078795,-116.171538,-116.202894,-116.1322349,-116.3140766,-116.2610432,-116.069723,-116.3020825,-116.2330146,-116.3063828,-116.1743447,-116.3007286,-116.305672,-116.27027,-116.2692501,-116.2830959,-116.3192311,-116.1680331,-116.1857617,-116.153317,-116.1786617,-116.2137274,-116.1943893,-116.1696052,-116.2841691,-116.2102647,-116.159217,-116.140329,-116.1827547,-116.207153,-116.1564325,-116.236936,-116.222081,-116.1406764,-116.125789,-116.2333794,-116.228565,-116.314295,-116.223728,-116.189305,-116.1780806,-116.2077292,-116.208244,-116.2443622,-116.2372639,-116.3219028,-116.2134882,-116.1425104,-116.274251,-116.284287,-116.2287023,-116.18477,-116.2741747,-116.180993,-116.205531,-116.132874,-116.172557,-116.2123044,-116.195633,-116.2285497,-116.2217642,-116.2633144,-116.238387,-116.3472997,-116.1629067,-116.3268437,-116.1704825,-116.1633,-116.2344009,-116.2684177,-116.2130446,-116.293971,-116.3050215,-116.245916,-116.2743595,-116.1573813,-116.203326,-116.1335834,-116.22412,-116.098622,-116.1210522,-116.222835,-116.326042,-116.2309316,-116.2504264,-116.2709188,-116.183356,-116.247889,-116.1931448,-116.193697,-116.213678,-116.2536306,-116.033712,-116.2297304,-116.192158,-116.3342868,-116.1884035,-116.2085864,-116.191698,-116.2142557,-116.1982766,-116.203924,-116.2036778,-116.0986275,-116.2376974
144,Boise,Idaho,151082,124,Foothills east park,Mini,Open,Developed,North River,Active Park,BOISE CITY (BOISE PARKS & RECREATION),8.36525678,GIS,1465 E Shenandoah Dr,Not Classic,Foothills-East-Park,0.020827678999999998,3.77e-06,1465 E SHENANDOAH DR,Mini,Foothills East Park,43.6610652,43.6828866,43.679896,43.6605954,43.6104879,,43.6130114,43.6532929,43.6146316,43.5475988,43.6503693,43.617887,43.626294,43.6449789,43.6436012,43.638452,43.636504,43.6351477,43.6319851,43.6303104,43.626552,43.6248542,43.622819,43.6181311,43.6175837,43.616731,43.615077,43.616591,43.6144756,43.613066,43.6103798,43.610273,43.615726,43.6092033,43.614215,43.6151446,43.6144897,43.6052277,43.603333,43.6019085,43.604337,43.601044,43.5973645,43.5953347,43.6147002,43.5944027,43.5960863,43.5933122,43.590637,43.587635,43.5908829,43.5856801,43.5815,43.5883943,43.5783797,43.5774967,43.5772726,43.5880929,43.5734826,43.56389,43.5656557,43.6085474,43.6256985,43.61205,43.6338044,43.5600487,43.595756,43.6093837,43.468523,43.6899475,43.6574399,43.6554753,43.6019602,43.6521854,43.645009,43.6379565,43.6339837,43.6265791,43.6164788,43.6011568,43.5807801,43.563206,43.6147656,43.6187073,43.6112937,43.5824429,43.613342,43.6213324,43.573703,43.5751881,43.6116233,43.611803,43.5290362,43.6519645,43.615314,43.5732785,43.557425,43.6046661,43.610827,43.6153342,43.618824,43.613564,43.6236296,43.6265626,43.6329444,43.5898161,43.6384932,43.6483863,43.681303,43.5992087,43.568633,43.544704,43.626365,43.594577,43.5903778,43.632641,43.5931564,43.551804,43.585974,43.60454,43.620747,43.5947431,43.6688466,43.6555526,43.645532,43.5624883,43.6491983,43.6123158,43.5711014,43.6406514,43.6803871,43.6015064,43.599288,43.6157222,43.6018468,43.639151,43.5834967,43.647575,43.5707023,43.615799,43.552877,43.5689565,43.648724,43.633893,43.6183551,43.5926761,43.590282,43.586311,43.648962,43.6058354,43.5732588,43.5942341,43.6176437,43.635982,43.6129405,43.5734437,43.6194423,43.6023878,43.6122779,43.625927,43.620931,43.6173997,43.615751,43.6171003,43.5526915,43.6920387,-116.2135745,-116.2919211,-116.284887,-116.3456794,-116.2082807,-116.1799021,-116.2960007,-116.2145508,-116.1534075,-116.3544153,-116.2102005,-116.230735,-116.2466671,-116.2284526,-116.194785,-116.215855,-116.2234691,-116.3160828,-116.3243743,-116.268053,-116.1964928,-116.218515,-116.1940438,-116.2226005,-116.199126,-116.191985,-116.2201504,-116.2188586,-116.200583,-116.1898411,-116.208625,-116.2016517,-116.1729855,-116.203086,-116.2147125,-116.2123541,-116.1833698,-116.185561,-116.2149029,-116.321398,-116.337034,-116.2621912,-116.2387254,-116.1858868,-116.1633768,-116.2187273,-116.1777398,-116.184313,-116.198734,-116.2941272,-116.3312438,-116.248724,-116.1735301,-116.1571147,-116.2943564,-116.214027,-116.1910508,-116.2216564,-116.32195,-116.1540997,-116.2610448,-116.2078795,-116.171538,-116.202894,-116.1322349,-116.3140766,-116.2610432,-116.069723,-116.3020825,-116.2330146,-116.3063828,-116.1743447,-116.3007286,-116.305672,-116.27027,-116.2692501,-116.2830959,-116.3192311,-116.1680331,-116.1857617,-116.153317,-116.1786617,-116.2137274,-116.1943893,-116.1696052,-116.2841691,-116.2102647,-116.159217,-116.140329,-116.1827547,-116.207153,-116.1564325,-116.236936,-116.222081,-116.1406764,-116.125789,-116.2333794,-116.228565,-116.314295,-116.223728,-116.189305,-116.1780806,-116.2077292,-116.208244,-116.2443622,-116.2372639,-116.3219028,-116.2134882,-116.1425104,-116.274251,-116.284287,-116.2287023,-116.18477,-116.2741747,-116.180993,-116.205531,-116.132874,-116.172557,-116.2123044,-116.195633,-116.2285497,-116.2217642,-116.2633144,-116.238387,-116.3472997,-116.1629067,-116.3268437,-116.1704825,-116.1633,-116.2344009,-116.2684177,-116.2130446,-116.293971,-116.3050215,-116.245916,-116.2743595,-116.1573813,-116.203326,-116.1335834,-116.22412,-116.098622,-116.1210522,-116.222835,-116.326042,-116.2309316,-116.2504264,-116.2709188,-116.183356,-116.247889,-116.1931448,-116.193697,-116.213678,-116.2536306,-116.033712,-116.2297304,-116.192158,-116.3342868,-116.1884035,-116.2085864,-116.191698,-116.2142557,-116.1982766,-116.203924,-116.2036778,-116.0986275,-116.2376974
145,Boise,Idaho,151083,127,Helen b. lowder park,Neighborhood,Open,Developed,Southeast,Active Park,BOISE CITY (BOISE PARKS & RECREATION),5.0,Ada County Database,3450 S Law Ave,Classic,Helen-B-Lowder-Park,0.006368864,2.29e-06,3450 S LAW AVE,Neighborhood,Helen B. Lowder Park,43.6610652,43.6828866,43.679896,43.6605954,43.6104879,,43.6130114,43.6532929,43.6146316,43.5475988,43.6503693,43.617887,43.626294,43.6449789,43.6436012,43.638452,43.636504,43.6351477,43.6319851,43.6303104,43.626552,43.6248542,43.622819,43.6181311,43.6175837,43.616731,43.615077,43.616591,43.6144756,43.613066,43.6103798,43.610273,43.615726,43.6092033,43.614215,43.6151446,43.6144897,43.6052277,43.603333,43.6019085,43.604337,43.601044,43.5973645,43.5953347,43.6147002,43.5944027,43.5960863,43.5933122,43.590637,43.587635,43.5908829,43.5856801,43.5815,43.5883943,43.5783797,43.5774967,43.5772726,43.5880929,43.5734826,43.56389,43.5656557,43.6085474,43.6256985,43.61205,43.6338044,43.5600487,43.595756,43.6093837,43.468523,43.6899475,43.6574399,43.6554753,43.6019602,43.6521854,43.645009,43.6379565,43.6339837,43.6265791,43.6164788,43.6011568,43.5807801,43.563206,43.6147656,43.6187073,43.6112937,43.5824429,43.613342,43.6213324,43.573703,43.5751881,43.6116233,43.611803,43.5290362,43.6519645,43.615314,43.5732785,43.557425,43.6046661,43.610827,43.6153342,43.618824,43.613564,43.6236296,43.6265626,43.6329444,43.5898161,43.6384932,43.6483863,43.681303,43.5992087,43.568633,43.544704,43.626365,43.594577,43.5903778,43.632641,43.5931564,43.551804,43.585974,43.60454,43.620747,43.5947431,43.6688466,43.6555526,43.645532,43.5624883,43.6491983,43.6123158,43.5711014,43.6406514,43.6803871,43.6015064,43.599288,43.6157222,43.6018468,43.639151,43.5834967,43.647575,43.5707023,43.615799,43.552877,43.5689565,43.648724,43.633893,43.6183551,43.5926761,43.590282,43.586311,43.648962,43.6058354,43.5732588,43.5942341,43.6176437,43.635982,43.6129405,43.5734437,43.6194423,43.6023878,43.6122779,43.625927,43.620931,43.6173997,43.615751,43.6171003,43.5526915,43.6920387,-116.2135745,-116.2919211,-116.284887,-116.3456794,-116.2082807,-116.1799021,-116.2960007,-116.2145508,-116.1534075,-116.3544153,-116.2102005,-116.230735,-116.2466671,-116.2284526,-116.194785,-116.215855,-116.2234691,-116.3160828,-116.3243743,-116.268053,-116.1964928,-116.218515,-116.1940438,-116.2226005,-116.199126,-116.191985,-116.2201504,-116.2188586,-116.200583,-116.1898411,-116.208625,-116.2016517,-116.1729855,-116.203086,-116.2147125,-116.2123541,-116.1833698,-116.185561,-116.2149029,-116.321398,-116.337034,-116.2621912,-116.2387254,-116.1858868,-116.1633768,-116.2187273,-116.1777398,-116.184313,-116.198734,-116.2941272,-116.3312438,-116.248724,-116.1735301,-116.1571147,-116.2943564,-116.214027,-116.1910508,-116.2216564,-116.32195,-116.1540997,-116.2610448,-116.2078795,-116.171538,-116.202894,-116.1322349,-116.3140766,-116.2610432,-116.069723,-116.3020825,-116.2330146,-116.3063828,-116.1743447,-116.3007286,-116.305672,-116.27027,-116.2692501,-116.2830959,-116.3192311,-116.1680331,-116.1857617,-116.153317,-116.1786617,-116.2137274,-116.1943893,-116.1696052,-116.2841691,-116.2102647,-116.159217,-116.140329,-116.1827547,-116.207153,-116.1564325,-116.236936,-116.222081,-116.1406764,-116.125789,-116.2333794,-116.228565,-116.314295,-116.223728,-116.189305,-116.1780806,-116.2077292,-116.208244,-116.2443622,-116.2372639,-116.3219028,-116.2134882,-116.1425104,-116.274251,-116.284287,-116.2287023,-116.18477,-116.2741747,-116.180993,-116.205531,-116.132874,-116.172557,-116.2123044,-116.195633,-116.2285497,-116.2217642,-116.2633144,-116.238387,-116.3472997,-116.1629067,-116.3268437,-116.1704825,-116.1633,-116.2344009,-116.2684177,-116.2130446,-116.293971,-116.3050215,-116.245916,-116.2743595,-116.1573813,-116.203326,-116.1335834,-116.22412,-116.098622,-116.1210522,-116.222835,-116.326042,-116.2309316,-116.2504264,-116.2709188,-116.183356,-116.247889,-116.1931448,-116.193697,-116.213678,-116.2536306,-116.033712,-116.2297304,-116.192158,-116.3342868,-116.1884035,-116.2085864,-116.191698,-116.2142557,-116.1982766,-116.203924,-116.2036778,-116.0986275,-116.2376974
146,Boise,Idaho,151084,176,Quail hollow golf course,Special use,Open_Fee,Developed,North River,Special Use Area,BOISE CITY (BOISE PARKS & RECREATION),141.3346311,Ada County Database,4520 N 36th St,Not Classic,,0.06708285900000001,6.38e-05,4520 N 36th St,Special Use,Quail Hollow Golf Course,43.6610652,43.6828866,43.679896,43.6605954,43.6104879,,43.6130114,43.6532929,43.6146316,43.5475988,43.6503693,43.617887,43.626294,43.6449789,43.6436012,43.638452,43.636504,43.6351477,43.6319851,43.6303104,43.626552,43.6248542,43.622819,43.6181311,43.6175837,43.616731,43.615077,43.616591,43.6144756,43.613066,43.6103798,43.610273,43.615726,43.6092033,43.614215,43.6151446,43.6144897,43.6052277,43.603333,43.6019085,43.604337,43.601044,43.5973645,43.5953347,43.6147002,43.5944027,43.5960863,43.5933122,43.590637,43.587635,43.5908829,43.5856801,43.5815,43.5883943,43.5783797,43.5774967,43.5772726,43.5880929,43.5734826,43.56389,43.5656557,43.6085474,43.6256985,43.61205,43.6338044,43.5600487,43.595756,43.6093837,43.468523,43.6899475,43.6574399,43.6554753,43.6019602,43.6521854,43.645009,43.6379565,43.6339837,43.6265791,43.6164788,43.6011568,43.5807801,43.563206,43.6147656,43.6187073,43.6112937,43.5824429,43.613342,43.6213324,43.573703,43.5751881,43.6116233,43.611803,43.5290362,43.6519645,43.615314,43.5732785,43.557425,43.6046661,43.610827,43.6153342,43.618824,43.613564,43.6236296,43.6265626,43.6329444,43.5898161,43.6384932,43.6483863,43.681303,43.5992087,43.568633,43.544704,43.626365,43.594577,43.5903778,43.632641,43.5931564,43.551804,43.585974,43.60454,43.620747,43.5947431,43.6688466,43.6555526,43.645532,43.5624883,43.6491983,43.6123158,43.5711014,43.6406514,43.6803871,43.6015064,43.599288,43.6157222,43.6018468,43.639151,43.5834967,43.647575,43.5707023,43.615799,43.552877,43.5689565,43.648724,43.633893,43.6183551,43.5926761,43.590282,43.586311,43.648962,43.6058354,43.5732588,43.5942341,43.6176437,43.635982,43.6129405,43.5734437,43.6194423,43.6023878,43.6122779,43.625927,43.620931,43.6173997,43.615751,43.6171003,43.5526915,43.6920387,-116.2135745,-116.2919211,-116.284887,-116.3456794,-116.2082807,-116.1799021,-116.2960007,-116.2145508,-116.1534075,-116.3544153,-116.2102005,-116.230735,-116.2466671,-116.2284526,-116.194785,-116.215855,-116.2234691,-116.3160828,-116.3243743,-116.268053,-116.1964928,-116.218515,-116.1940438,-116.2226005,-116.199126,-116.191985,-116.2201504,-116.2188586,-116.200583,-116.1898411,-116.208625,-116.2016517,-116.1729855,-116.203086,-116.2147125,-116.2123541,-116.1833698,-116.185561,-116.2149029,-116.321398,-116.337034,-116.2621912,-116.2387254,-116.1858868,-116.1633768,-116.2187273,-116.1777398,-116.184313,-116.198734,-116.2941272,-116.3312438,-116.248724,-116.1735301,-116.1571147,-116.2943564,-116.214027,-116.1910508,-116.2216564,-116.32195,-116.1540997,-116.2610448,-116.2078795,-116.171538,-116.202894,-116.1322349,-116.3140766,-116.2610432,-116.069723,-116.3020825,-116.2330146,-116.3063828,-116.1743447,-116.3007286,-116.305672,-116.27027,-116.2692501,-116.2830959,-116.3192311,-116.1680331,-116.1857617,-116.153317,-116.1786617,-116.2137274,-116.1943893,-116.1696052,-116.2841691,-116.2102647,-116.159217,-116.140329,-116.1827547,-116.207153,-116.1564325,-116.236936,-116.222081,-116.1406764,-116.125789,-116.2333794,-116.228565,-116.314295,-116.223728,-116.189305,-116.1780806,-116.2077292,-116.208244,-116.2443622,-116.2372639,-116.3219028,-116.2134882,-116.1425104,-116.274251,-116.284287,-116.2287023,-116.18477,-116.2741747,-116.180993,-116.205531,-116.132874,-116.172557,-116.2123044,-116.195633,-116.2285497,-116.2217642,-116.2633144,-116.238387,-116.3472997,-116.1629067,-116.3268437,-116.1704825,-116.1633,-116.2344009,-116.2684177,-116.2130446,-116.293971,-116.3050215,-116.245916,-116.2743595,-116.1573813,-116.203326,-116.1335834,-116.22412,-116.098622,-116.1210522,-116.222835,-116.326042,-116.2309316,-116.2504264,-116.2709188,-116.183356,-116.247889,-116.1931448,-116.193697,-116.213678,-116.2536306,-116.033712,-116.2297304,-116.192158,-116.3342868,-116.1884035,-116.2085864,-116.191698,-116.2142557,-116.1982766,-116.203924,-116.2036778,-116.0986275,-116.2376974
147,Boise,Idaho,151085,409,Pioneer myrtle parcel,Special use,Open,Developed,North River,Corridor,Private,0.05162734,GIS,Ãƒâ€šÃ‚Â  Ãƒâ€šÃ‚Â  Ãƒâ€šÃ‚Â  Ãƒâ€šÃ‚Â  Ãƒâ€šÃ‚Â  Ãƒâ€šÃ‚Â  Ãƒâ€šÃ‚Â  Ãƒâ€šÃ‚Â  Ãƒâ€šÃ‚Â  Ãƒâ€šÃ‚Â  Ãƒâ€šÃ‚Â  Ãƒâ€šÃ‚Â  Ãƒâ€šÃ‚Â  Ãƒâ€šÃ‚Â  Ãƒâ€šÃ‚Â  Ãƒâ€šÃ‚Â  Ãƒâ€šÃ‚Â  Ãƒâ€šÃ‚Â  Ãƒâ€šÃ‚Â  Ãƒâ€šÃ‚Â ,Not Classic,,0.0006696569999999999,2.32e-08,Ãƒâ€šÃ‚Â  Ãƒâ€šÃ‚Â  Ãƒâ€šÃ‚Â  Ãƒâ€šÃ‚Â  Ãƒâ€šÃ‚Â  Ãƒâ€šÃ‚Â  Ãƒâ€šÃ‚Â  Ãƒâ€šÃ‚Â  Ãƒâ€šÃ‚Â  Ãƒâ€šÃ‚Â  Ãƒâ€šÃ‚Â  Ãƒâ€šÃ‚Â  Ãƒâ€šÃ‚Â  Ãƒâ€šÃ‚Â  Ãƒâ€šÃ‚Â  Ãƒâ€šÃ‚Â  Ãƒâ€šÃ‚Â  Ãƒâ€šÃ‚Â  Ãƒâ€šÃ‚Â  Ãƒâ€šÃ‚Â ,Special Use,Pioneer Myrtle Parcel,43.6610652,43.6828866,43.679896,43.6605954,43.6104879,,43.6130114,43.6532929,43.6146316,43.5475988,43.6503693,43.617887,43.626294,43.6449789,43.6436012,43.638452,43.636504,43.6351477,43.6319851,43.6303104,43.626552,43.6248542,43.622819,43.6181311,43.6175837,43.616731,43.615077,43.616591,43.6144756,43.613066,43.6103798,43.610273,43.615726,43.6092033,43.614215,43.6151446,43.6144897,43.6052277,43.603333,43.6019085,43.604337,43.601044,43.5973645,43.5953347,43.6147002,43.5944027,43.5960863,43.5933122,43.590637,43.587635,43.5908829,43.5856801,43.5815,43.5883943,43.5783797,43.5774967,43.5772726,43.5880929,43.5734826,43.56389,43.5656557,43.6085474,43.6256985,43.61205,43.6338044,43.5600487,43.595756,43.6093837,43.468523,43.6899475,43.6574399,43.6554753,43.6019602,43.6521854,43.645009,43.6379565,43.6339837,43.6265791,43.6164788,43.6011568,43.5807801,43.563206,43.6147656,43.6187073,43.6112937,43.5824429,43.613342,43.6213324,43.573703,43.5751881,43.6116233,43.611803,43.5290362,43.6519645,43.615314,43.5732785,43.557425,43.6046661,43.610827,43.6153342,43.618824,43.613564,43.6236296,43.6265626,43.6329444,43.5898161,43.6384932,43.6483863,43.681303,43.5992087,43.568633,43.544704,43.626365,43.594577,43.5903778,43.632641,43.5931564,43.551804,43.585974,43.60454,43.620747,43.5947431,43.6688466,43.6555526,43.645532,43.5624883,43.6491983,43.6123158,43.5711014,43.6406514,43.6803871,43.6015064,43.599288,43.6157222,43.6018468,43.639151,43.5834967,43.647575,43.5707023,43.615799,43.552877,43.5689565,43.648724,43.633893,43.6183551,43.5926761,43.590282,43.586311,43.648962,43.6058354,43.5732588,43.5942341,43.6176437,43.635982,43.6129405,43.5734437,43.6194423,43.6023878,43.6122779,43.625927,43.620931,43.6173997,43.615751,43.6171003,43.5526915,43.6920387,-116.2135745,-116.2919211,-116.284887,-116.3456794,-116.2082807,-116.1799021,-116.2960007,-116.2145508,-116.1534075,-116.3544153,-116.2102005,-116.230735,-116.2466671,-116.2284526,-116.194785,-116.215855,-116.2234691,-116.3160828,-116.3243743,-116.268053,-116.1964928,-116.218515,-116.1940438,-116.2226005,-116.199126,-116.191985,-116.2201504,-116.2188586,-116.200583,-116.1898411,-116.208625,-116.2016517,-116.1729855,-116.203086,-116.2147125,-116.2123541,-116.1833698,-116.185561,-116.2149029,-116.321398,-116.337034,-116.2621912,-116.2387254,-116.1858868,-116.1633768,-116.2187273,-116.1777398,-116.184313,-116.198734,-116.2941272,-116.3312438,-116.248724,-116.1735301,-116.1571147,-116.2943564,-116.214027,-116.1910508,-116.2216564,-116.32195,-116.1540997,-116.2610448,-116.2078795,-116.171538,-116.202894,-116.1322349,-116.3140766,-116.2610432,-116.069723,-116.3020825,-116.2330146,-116.3063828,-116.1743447,-116.3007286,-116.305672,-116.27027,-116.2692501,-116.2830959,-116.3192311,-116.1680331,-116.1857617,-116.153317,-116.1786617,-116.2137274,-116.1943893,-116.1696052,-116.2841691,-116.2102647,-116.159217,-116.140329,-116.1827547,-116.207153,-116.1564325,-116.236936,-116.222081,-116.1406764,-116.125789,-116.2333794,-116.228565,-116.314295,-116.223728,-116.189305,-116.1780806,-116.2077292,-116.208244,-116.2443622,-116.2372639,-116.3219028,-116.2134882,-116.1425104,-116.274251,-116.284287,-116.2287023,-116.18477,-116.2741747,-116.180993,-116.205531,-116.132874,-116.172557,-116.2123044,-116.195633,-116.2285497,-116.2217642,-116.2633144,-116.238387,-116.3472997,-116.1629067,-116.3268437,-116.1704825,-116.1633,-116.2344009,-116.2684177,-116.2130446,-116.293971,-116.3050215,-116.245916,-116.2743595,-116.1573813,-116.203326,-116.1335834,-116.22412,-116.098622,-116.1210522,-116.222835,-116.326042,-116.2309316,-116.2504264,-116.2709188,-116.183356,-116.247889,-116.1931448,-116.193697,-116.213678,-116.2536306,-116.033712,-116.2297304,-116.192158,-116.3342868,-116.1884035,-116.2085864,-116.191698,-116.2142557,-116.1982766,-116.203924,-116.2036778,-116.0986275,-116.2376974
148,Boise,Idaho,151086,908,Pierce park site,Neighborhood,Planned,Undeveloped,North River,Active Park,CITY OF BOISE Ãƒâ€šÃ‚Â  Ãƒâ€šÃ‚Â  Ãƒâ€šÃ‚Â  Ãƒâ€šÃ‚Â  Ãƒâ€šÃ‚Â  Ãƒâ€šÃ‚Â  Ãƒâ€šÃ‚Â  Ãƒâ€šÃ‚Â  Ãƒâ€šÃ‚Â  Ãƒâ€šÃ‚Â  Ãƒâ€šÃ‚Â  Ãƒâ€šÃ‚Â  Ãƒâ€šÃ‚Â  Ãƒâ€šÃ‚Â  Ãƒâ€šÃ‚Â  Ãƒâ€šÃ‚Â  Ãƒâ€šÃ‚Â  Ãƒâ€šÃ‚Â  Ãƒâ€šÃ‚Â  Ãƒâ€šÃ‚Â  Ãƒâ€šÃ‚Â ,2.07833767,GIS,7018 N Pierce Park Ln,Not Classic,,0.00453048,9.39e-07,7018 N PIERCE PARK LN,Neighborhood,Pierce Park Site,43.6610652,43.6828866,43.679896,43.6605954,43.6104879,,43.6130114,43.6532929,43.6146316,43.5475988,43.6503693,43.617887,43.626294,43.6449789,43.6436012,43.638452,43.636504,43.6351477,43.6319851,43.6303104,43.626552,43.6248542,43.622819,43.6181311,43.6175837,43.616731,43.615077,43.616591,43.6144756,43.613066,43.6103798,43.610273,43.615726,43.6092033,43.614215,43.6151446,43.6144897,43.6052277,43.603333,43.6019085,43.604337,43.601044,43.5973645,43.5953347,43.6147002,43.5944027,43.5960863,43.5933122,43.590637,43.587635,43.5908829,43.5856801,43.5815,43.5883943,43.5783797,43.5774967,43.5772726,43.5880929,43.5734826,43.56389,43.5656557,43.6085474,43.6256985,43.61205,43.6338044,43.5600487,43.595756,43.6093837,43.468523,43.6899475,43.6574399,43.6554753,43.6019602,43.6521854,43.645009,43.6379565,43.6339837,43.6265791,43.6164788,43.6011568,43.5807801,43.563206,43.6147656,43.6187073,43.6112937,43.5824429,43.613342,43.6213324,43.573703,43.5751881,43.6116233,43.611803,43.5290362,43.6519645,43.615314,43.5732785,43.557425,43.6046661,43.610827,43.6153342,43.618824,43.613564,43.6236296,43.6265626,43.6329444,43.5898161,43.6384932,43.6483863,43.681303,43.5992087,43.568633,43.544704,43.626365,43.594577,43.5903778,43.632641,43.5931564,43.551804,43.585974,43.60454,43.620747,43.5947431,43.6688466,43.6555526,43.645532,43.5624883,43.6491983,43.6123158,43.5711014,43.6406514,43.6803871,43.6015064,43.599288,43.6157222,43.6018468,43.639151,43.5834967,43.647575,43.5707023,43.615799,43.552877,43.5689565,43.648724,43.633893,43.6183551,43.5926761,43.590282,43.586311,43.648962,43.6058354,43.5732588,43.5942341,43.6176437,43.635982,43.6129405,43.5734437,43.6194423,43.6023878,43.6122779,43.625927,43.620931,43.6173997,43.615751,43.6171003,43.5526915,43.6920387,-116.2135745,-116.2919211,-116.284887,-116.3456794,-116.2082807,-116.1799021,-116.2960007,-116.2145508,-116.1534075,-116.3544153,-116.2102005,-116.230735,-116.2466671,-116.2284526,-116.194785,-116.215855,-116.2234691,-116.3160828,-116.3243743,-116.268053,-116.1964928,-116.218515,-116.1940438,-116.2226005,-116.199126,-116.191985,-116.2201504,-116.2188586,-116.200583,-116.1898411,-116.208625,-116.2016517,-116.1729855,-116.203086,-116.2147125,-116.2123541,-116.1833698,-116.185561,-116.2149029,-116.321398,-116.337034,-116.2621912,-116.2387254,-116.1858868,-116.1633768,-116.2187273,-116.1777398,-116.184313,-116.198734,-116.2941272,-116.3312438,-116.248724,-116.1735301,-116.1571147,-116.2943564,-116.214027,-116.1910508,-116.2216564,-116.32195,-116.1540997,-116.2610448,-116.2078795,-116.171538,-116.202894,-116.1322349,-116.3140766,-116.2610432,-116.069723,-116.3020825,-116.2330146,-116.3063828,-116.1743447,-116.3007286,-116.305672,-116.27027,-116.2692501,-116.2830959,-116.3192311,-116.1680331,-116.1857617,-116.153317,-116.1786617,-116.2137274,-116.1943893,-116.1696052,-116.2841691,-116.2102647,-116.159217,-116.140329,-116.1827547,-116.207153,-116.1564325,-116.236936,-116.222081,-116.1406764,-116.125789,-116.2333794,-116.228565,-116.314295,-116.223728,-116.189305,-116.1780806,-116.2077292,-116.208244,-116.2443622,-116.2372639,-116.3219028,-116.2134882,-116.1425104,-116.274251,-116.284287,-116.2287023,-116.18477,-116.2741747,-116.180993,-116.205531,-116.132874,-116.172557,-116.2123044,-116.195633,-116.2285497,-116.2217642,-116.2633144,-116.238387,-116.3472997,-116.1629067,-116.3268437,-116.1704825,-116.1633,-116.2344009,-116.2684177,-116.2130446,-116.293971,-116.3050215,-116.245916,-116.2743595,-116.1573813,-116.203326,-116.1335834,-116.22412,-116.098622,-116.1210522,-116.222835,-116.326042,-116.2309316,-116.2504264,-116.2709188,-116.183356,-116.247889,-116.1931448,-116.193697,-116.213678,-116.2536306,-116.033712,-116.2297304,-116.192158,-116.3342868,-116.1884035,-116.2085864,-116.191698,-116.2142557,-116.1982766,-116.203924,-116.2036778,-116.0986275,-116.2376974
149,Boise,Idaho,151087,153,Platt gardens,Special use,Open,Developed,Central Bench,Active Park,BOISE CITY (BOISE PARKS & RECREATION),4.0237554,GIS,2602 W Eastover Terrace,Classic,Platt-Gardens,0.011067996,1.81e-06,2602 W EASTOVER TERRACE,Special Use,Platt Gardens,43.6610652,43.6828866,43.679896,43.6605954,43.6104879,,43.6130114,43.6532929,43.6146316,43.5475988,43.6503693,43.617887,43.626294,43.6449789,43.6436012,43.638452,43.636504,43.6351477,43.6319851,43.6303104,43.626552,43.6248542,43.622819,43.6181311,43.6175837,43.616731,43.615077,43.616591,43.6144756,43.613066,43.6103798,43.610273,43.615726,43.6092033,43.614215,43.6151446,43.6144897,43.6052277,43.603333,43.6019085,43.604337,43.601044,43.5973645,43.5953347,43.6147002,43.5944027,43.5960863,43.5933122,43.590637,43.587635,43.5908829,43.5856801,43.5815,43.5883943,43.5783797,43.5774967,43.5772726,43.5880929,43.5734826,43.56389,43.5656557,43.6085474,43.6256985,43.61205,43.6338044,43.5600487,43.595756,43.6093837,43.468523,43.6899475,43.6574399,43.6554753,43.6019602,43.6521854,43.645009,43.6379565,43.6339837,43.6265791,43.6164788,43.6011568,43.5807801,43.563206,43.6147656,43.6187073,43.6112937,43.5824429,43.613342,43.6213324,43.573703,43.5751881,43.6116233,43.611803,43.5290362,43.6519645,43.615314,43.5732785,43.557425,43.6046661,43.610827,43.6153342,43.618824,43.613564,43.6236296,43.6265626,43.6329444,43.5898161,43.6384932,43.6483863,43.681303,43.5992087,43.568633,43.544704,43.626365,43.594577,43.5903778,43.632641,43.5931564,43.551804,43.585974,43.60454,43.620747,43.5947431,43.6688466,43.6555526,43.645532,43.5624883,43.6491983,43.6123158,43.5711014,43.6406514,43.6803871,43.6015064,43.599288,43.6157222,43.6018468,43.639151,43.5834967,43.647575,43.5707023,43.615799,43.552877,43.5689565,43.648724,43.633893,43.6183551,43.5926761,43.590282,43.586311,43.648962,43.6058354,43.5732588,43.5942341,43.6176437,43.635982,43.6129405,43.5734437,43.6194423,43.6023878,43.6122779,43.625927,43.620931,43.6173997,43.615751,43.6171003,43.5526915,43.6920387,-116.2135745,-116.2919211,-116.284887,-116.3456794,-116.2082807,-116.1799021,-116.2960007,-116.2145508,-116.1534075,-116.3544153,-116.2102005,-116.230735,-116.2466671,-116.2284526,-116.194785,-116.215855,-116.2234691,-116.3160828,-116.3243743,-116.268053,-116.1964928,-116.218515,-116.1940438,-116.2226005,-116.199126,-116.191985,-116.2201504,-116.2188586,-116.200583,-116.1898411,-116.208625,-116.2016517,-116.1729855,-116.203086,-116.2147125,-116.2123541,-116.1833698,-116.185561,-116.2149029,-116.321398,-116.337034,-116.2621912,-116.2387254,-116.1858868,-116.1633768,-116.2187273,-116.1777398,-116.184313,-116.198734,-116.2941272,-116.3312438,-116.248724,-116.1735301,-116.1571147,-116.2943564,-116.214027,-116.1910508,-116.2216564,-116.32195,-116.1540997,-116.2610448,-116.2078795,-116.171538,-116.202894,-116.1322349,-116.3140766,-116.2610432,-116.069723,-116.3020825,-116.2330146,-116.3063828,-116.1743447,-116.3007286,-116.305672,-116.27027,-116.2692501,-116.2830959,-116.3192311,-116.1680331,-116.1857617,-116.153317,-116.1786617,-116.2137274,-116.1943893,-116.1696052,-116.2841691,-116.2102647,-116.159217,-116.140329,-116.1827547,-116.207153,-116.1564325,-116.236936,-116.222081,-116.1406764,-116.125789,-116.2333794,-116.228565,-116.314295,-116.223728,-116.189305,-116.1780806,-116.2077292,-116.208244,-116.2443622,-116.2372639,-116.3219028,-116.2134882,-116.1425104,-116.274251,-116.284287,-116.2287023,-116.18477,-116.2741747,-116.180993,-116.205531,-116.132874,-116.172557,-116.2123044,-116.195633,-116.2285497,-116.2217642,-116.2633144,-116.238387,-116.3472997,-116.1629067,-116.3268437,-116.1704825,-116.1633,-116.2344009,-116.2684177,-116.2130446,-116.293971,-116.3050215,-116.245916,-116.2743595,-116.1573813,-116.203326,-116.1335834,-116.22412,-116.098622,-116.1210522,-116.222835,-116.326042,-116.2309316,-116.2504264,-116.2709188,-116.183356,-116.247889,-116.1931448,-116.193697,-116.213678,-116.2536306,-116.033712,-116.2297304,-116.192158,-116.3342868,-116.1884035,-116.2085864,-116.191698,-116.2142557,-116.1982766,-116.203924,-116.2036778,-116.0986275,-116.2376974
150,Boise,Idaho,151088,357,Surprise valley row (trees only),Row,Open,ROW,Southeast,Corridor,ACHD,2.55076731,GIS,S Surprise Way,,,0.094188668,1.15e-06,S SURPRISE WAY,ROW,Surprise Valley ROW (Trees Only),43.6610652,43.6828866,43.679896,43.6605954,43.6104879,,43.6130114,43.6532929,43.6146316,43.5475988,43.6503693,43.617887,43.626294,43.6449789,43.6436012,43.638452,43.636504,43.6351477,43.6319851,43.6303104,43.626552,43.6248542,43.622819,43.6181311,43.6175837,43.616731,43.615077,43.616591,43.6144756,43.613066,43.6103798,43.610273,43.615726,43.6092033,43.614215,43.6151446,43.6144897,43.6052277,43.603333,43.6019085,43.604337,43.601044,43.5973645,43.5953347,43.6147002,43.5944027,43.5960863,43.5933122,43.590637,43.587635,43.5908829,43.5856801,43.5815,43.5883943,43.5783797,43.5774967,43.5772726,43.5880929,43.5734826,43.56389,43.5656557,43.6085474,43.6256985,43.61205,43.6338044,43.5600487,43.595756,43.6093837,43.468523,43.6899475,43.6574399,43.6554753,43.6019602,43.6521854,43.645009,43.6379565,43.6339837,43.6265791,43.6164788,43.6011568,43.5807801,43.563206,43.6147656,43.6187073,43.6112937,43.5824429,43.613342,43.6213324,43.573703,43.5751881,43.6116233,43.611803,43.5290362,43.6519645,43.615314,43.5732785,43.557425,43.6046661,43.610827,43.6153342,43.618824,43.613564,43.6236296,43.6265626,43.6329444,43.5898161,43.6384932,43.6483863,43.681303,43.5992087,43.568633,43.544704,43.626365,43.594577,43.5903778,43.632641,43.5931564,43.551804,43.585974,43.60454,43.620747,43.5947431,43.6688466,43.6555526,43.645532,43.5624883,43.6491983,43.6123158,43.5711014,43.6406514,43.6803871,43.6015064,43.599288,43.6157222,43.6018468,43.639151,43.5834967,43.647575,43.5707023,43.615799,43.552877,43.5689565,43.648724,43.633893,43.6183551,43.5926761,43.590282,43.586311,43.648962,43.6058354,43.5732588,43.5942341,43.6176437,43.635982,43.6129405,43.5734437,43.6194423,43.6023878,43.6122779,43.625927,43.620931,43.6173997,43.615751,43.6171003,43.5526915,43.6920387,-116.2135745,-116.2919211,-116.284887,-116.3456794,-116.2082807,-116.1799021,-116.2960007,-116.2145508,-116.1534075,-116.3544153,-116.2102005,-116.230735,-116.2466671,-116.2284526,-116.194785,-116.215855,-116.2234691,-116.3160828,-116.3243743,-116.268053,-116.1964928,-116.218515,-116.1940438,-116.2226005,-116.199126,-116.191985,-116.2201504,-116.2188586,-116.200583,-116.1898411,-116.208625,-116.2016517,-116.1729855,-116.203086,-116.2147125,-116.2123541,-116.1833698,-116.185561,-116.2149029,-116.321398,-116.337034,-116.2621912,-116.2387254,-116.1858868,-116.1633768,-116.2187273,-116.1777398,-116.184313,-116.198734,-116.2941272,-116.3312438,-116.248724,-116.1735301,-116.1571147,-116.2943564,-116.214027,-116.1910508,-116.2216564,-116.32195,-116.1540997,-116.2610448,-116.2078795,-116.171538,-116.202894,-116.1322349,-116.3140766,-116.2610432,-116.069723,-116.3020825,-116.2330146,-116.3063828,-116.1743447,-116.3007286,-116.305672,-116.27027,-116.2692501,-116.2830959,-116.3192311,-116.1680331,-116.1857617,-116.153317,-116.1786617,-116.2137274,-116.1943893,-116.1696052,-116.2841691,-116.2102647,-116.159217,-116.140329,-116.1827547,-116.207153,-116.1564325,-116.236936,-116.222081,-116.1406764,-116.125789,-116.2333794,-116.228565,-116.314295,-116.223728,-116.189305,-116.1780806,-116.2077292,-116.208244,-116.2443622,-116.2372639,-116.3219028,-116.2134882,-116.1425104,-116.274251,-116.284287,-116.2287023,-116.18477,-116.2741747,-116.180993,-116.205531,-116.132874,-116.172557,-116.2123044,-116.195633,-116.2285497,-116.2217642,-116.2633144,-116.238387,-116.3472997,-116.1629067,-116.3268437,-116.1704825,-116.1633,-116.2344009,-116.2684177,-116.2130446,-116.293971,-116.3050215,-116.245916,-116.2743595,-116.1573813,-116.203326,-116.1335834,-116.22412,-116.098622,-116.1210522,-116.222835,-116.326042,-116.2309316,-116.2504264,-116.2709188,-116.183356,-116.247889,-116.1931448,-116.193697,-116.213678,-116.2536306,-116.033712,-116.2297304,-116.192158,-116.3342868,-116.1884035,-116.2085864,-116.191698,-116.2142557,-116.1982766,-116.203924,-116.2036778,-116.0986275,-116.2376974
151,Boise,Idaho,151089,311,Capitol blvd row,Row,Open,ROW,Central Bench,Corridor,ACHD,3.0584124,GIS,S Capitol Blvd,Not Classic,,0.037230346,1.38e-06,S CAPITOL BLVD,ROW,Capitol Blvd ROW,43.6610652,43.6828866,43.679896,43.6605954,43.6104879,,43.6130114,43.6532929,43.6146316,43.5475988,43.6503693,43.617887,43.626294,43.6449789,43.6436012,43.638452,43.636504,43.6351477,43.6319851,43.6303104,43.626552,43.6248542,43.622819,43.6181311,43.6175837,43.616731,43.615077,43.616591,43.6144756,43.613066,43.6103798,43.610273,43.615726,43.6092033,43.614215,43.6151446,43.6144897,43.6052277,43.603333,43.6019085,43.604337,43.601044,43.5973645,43.5953347,43.6147002,43.5944027,43.5960863,43.5933122,43.590637,43.587635,43.5908829,43.5856801,43.5815,43.5883943,43.5783797,43.5774967,43.5772726,43.5880929,43.5734826,43.56389,43.5656557,43.6085474,43.6256985,43.61205,43.6338044,43.5600487,43.595756,43.6093837,43.468523,43.6899475,43.6574399,43.6554753,43.6019602,43.6521854,43.645009,43.6379565,43.6339837,43.6265791,43.6164788,43.6011568,43.5807801,43.563206,43.6147656,43.6187073,43.6112937,43.5824429,43.613342,43.6213324,43.573703,43.5751881,43.6116233,43.611803,43.5290362,43.6519645,43.615314,43.5732785,43.557425,43.6046661,43.610827,43.6153342,43.618824,43.613564,43.6236296,43.6265626,43.6329444,43.5898161,43.6384932,43.6483863,43.681303,43.5992087,43.568633,43.544704,43.626365,43.594577,43.5903778,43.632641,43.5931564,43.551804,43.585974,43.60454,43.620747,43.5947431,43.6688466,43.6555526,43.645532,43.5624883,43.6491983,43.6123158,43.5711014,43.6406514,43.6803871,43.6015064,43.599288,43.6157222,43.6018468,43.639151,43.5834967,43.647575,43.5707023,43.615799,43.552877,43.5689565,43.648724,43.633893,43.6183551,43.5926761,43.590282,43.586311,43.648962,43.6058354,43.5732588,43.5942341,43.6176437,43.635982,43.6129405,43.5734437,43.6194423,43.6023878,43.6122779,43.625927,43.620931,43.6173997,43.615751,43.6171003,43.5526915,43.6920387,-116.2135745,-116.2919211,-116.284887,-116.3456794,-116.2082807,-116.1799021,-116.2960007,-116.2145508,-116.1534075,-116.3544153,-116.2102005,-116.230735,-116.2466671,-116.2284526,-116.194785,-116.215855,-116.2234691,-116.3160828,-116.3243743,-116.268053,-116.1964928,-116.218515,-116.1940438,-116.2226005,-116.199126,-116.191985,-116.2201504,-116.2188586,-116.200583,-116.1898411,-116.208625,-116.2016517,-116.1729855,-116.203086,-116.2147125,-116.2123541,-116.1833698,-116.185561,-116.2149029,-116.321398,-116.337034,-116.2621912,-116.2387254,-116.1858868,-116.1633768,-116.2187273,-116.1777398,-116.184313,-116.198734,-116.2941272,-116.3312438,-116.248724,-116.1735301,-116.1571147,-116.2943564,-116.214027,-116.1910508,-116.2216564,-116.32195,-116.1540997,-116.2610448,-116.2078795,-116.171538,-116.202894,-116.1322349,-116.3140766,-116.2610432,-116.069723,-116.3020825,-116.2330146,-116.3063828,-116.1743447,-116.3007286,-116.305672,-116.27027,-116.2692501,-116.2830959,-116.3192311,-116.1680331,-116.1857617,-116.153317,-116.1786617,-116.2137274,-116.1943893,-116.1696052,-116.2841691,-116.2102647,-116.159217,-116.140329,-116.1827547,-116.207153,-116.1564325,-116.236936,-116.222081,-116.1406764,-116.125789,-116.2333794,-116.228565,-116.314295,-116.223728,-116.189305,-116.1780806,-116.2077292,-116.208244,-116.2443622,-116.2372639,-116.3219028,-116.2134882,-116.1425104,-116.274251,-116.284287,-116.2287023,-116.18477,-116.2741747,-116.180993,-116.205531,-116.132874,-116.172557,-116.2123044,-116.195633,-116.2285497,-116.2217642,-116.2633144,-116.238387,-116.3472997,-116.1629067,-116.3268437,-116.1704825,-116.1633,-116.2344009,-116.2684177,-116.2130446,-116.293971,-116.3050215,-116.245916,-116.2743595,-116.1573813,-116.203326,-116.1335834,-116.22412,-116.098622,-116.1210522,-116.222835,-116.326042,-116.2309316,-116.2504264,-116.2709188,-116.183356,-116.247889,-116.1931448,-116.193697,-116.213678,-116.2536306,-116.033712,-116.2297304,-116.192158,-116.3342868,-116.1884035,-116.2085864,-116.191698,-116.2142557,-116.1982766,-116.203924,-116.2036778,-116.0986275,-116.2376974
152,Boise,Idaho,151090,216,Pine grove park,Neighborhood,Open,Partially Developed,West Bench,Active Park,BOISE CITY (BOISE PARKS & RECREATION),4.31,Ada County Database,8995 W Shoup Dr,Classic,Pine-Grove-Park,0.007261505,2.03e-06,8995 W SHOUP DR,Neighborhood,Pine Grove Park,43.6610652,43.6828866,43.679896,43.6605954,43.6104879,,43.6130114,43.6532929,43.6146316,43.5475988,43.6503693,43.617887,43.626294,43.6449789,43.6436012,43.638452,43.636504,43.6351477,43.6319851,43.6303104,43.626552,43.6248542,43.622819,43.6181311,43.6175837,43.616731,43.615077,43.616591,43.6144756,43.613066,43.6103798,43.610273,43.615726,43.6092033,43.614215,43.6151446,43.6144897,43.6052277,43.603333,43.6019085,43.604337,43.601044,43.5973645,43.5953347,43.6147002,43.5944027,43.5960863,43.5933122,43.590637,43.587635,43.5908829,43.5856801,43.5815,43.5883943,43.5783797,43.5774967,43.5772726,43.5880929,43.5734826,43.56389,43.5656557,43.6085474,43.6256985,43.61205,43.6338044,43.5600487,43.595756,43.6093837,43.468523,43.6899475,43.6574399,43.6554753,43.6019602,43.6521854,43.645009,43.6379565,43.6339837,43.6265791,43.6164788,43.6011568,43.5807801,43.563206,43.6147656,43.6187073,43.6112937,43.5824429,43.613342,43.6213324,43.573703,43.5751881,43.6116233,43.611803,43.5290362,43.6519645,43.615314,43.5732785,43.557425,43.6046661,43.610827,43.6153342,43.618824,43.613564,43.6236296,43.6265626,43.6329444,43.5898161,43.6384932,43.6483863,43.681303,43.5992087,43.568633,43.544704,43.626365,43.594577,43.5903778,43.632641,43.5931564,43.551804,43.585974,43.60454,43.620747,43.5947431,43.6688466,43.6555526,43.645532,43.5624883,43.6491983,43.6123158,43.5711014,43.6406514,43.6803871,43.6015064,43.599288,43.6157222,43.6018468,43.639151,43.5834967,43.647575,43.5707023,43.615799,43.552877,43.5689565,43.648724,43.633893,43.6183551,43.5926761,43.590282,43.586311,43.648962,43.6058354,43.5732588,43.5942341,43.6176437,43.635982,43.6129405,43.5734437,43.6194423,43.6023878,43.6122779,43.625927,43.620931,43.6173997,43.615751,43.6171003,43.5526915,43.6920387,-116.2135745,-116.2919211,-116.284887,-116.3456794,-116.2082807,-116.1799021,-116.2960007,-116.2145508,-116.1534075,-116.3544153,-116.2102005,-116.230735,-116.2466671,-116.2284526,-116.194785,-116.215855,-116.2234691,-116.3160828,-116.3243743,-116.268053,-116.1964928,-116.218515,-116.1940438,-116.2226005,-116.199126,-116.191985,-116.2201504,-116.2188586,-116.200583,-116.1898411,-116.208625,-116.2016517,-116.1729855,-116.203086,-116.2147125,-116.2123541,-116.1833698,-116.185561,-116.2149029,-116.321398,-116.337034,-116.2621912,-116.2387254,-116.1858868,-116.1633768,-116.2187273,-116.1777398,-116.184313,-116.198734,-116.2941272,-116.3312438,-116.248724,-116.1735301,-116.1571147,-116.2943564,-116.214027,-116.1910508,-116.2216564,-116.32195,-116.1540997,-116.2610448,-116.2078795,-116.171538,-116.202894,-116.1322349,-116.3140766,-116.2610432,-116.069723,-116.3020825,-116.2330146,-116.3063828,-116.1743447,-116.3007286,-116.305672,-116.27027,-116.2692501,-116.2830959,-116.3192311,-116.1680331,-116.1857617,-116.153317,-116.1786617,-116.2137274,-116.1943893,-116.1696052,-116.2841691,-116.2102647,-116.159217,-116.140329,-116.1827547,-116.207153,-116.1564325,-116.236936,-116.222081,-116.1406764,-116.125789,-116.2333794,-116.228565,-116.314295,-116.223728,-116.189305,-116.1780806,-116.2077292,-116.208244,-116.2443622,-116.2372639,-116.3219028,-116.2134882,-116.1425104,-116.274251,-116.284287,-116.2287023,-116.18477,-116.2741747,-116.180993,-116.205531,-116.132874,-116.172557,-116.2123044,-116.195633,-116.2285497,-116.2217642,-116.2633144,-116.238387,-116.3472997,-116.1629067,-116.3268437,-116.1704825,-116.1633,-116.2344009,-116.2684177,-116.2130446,-116.293971,-116.3050215,-116.245916,-116.2743595,-116.1573813,-116.203326,-116.1335834,-116.22412,-116.098622,-116.1210522,-116.222835,-116.326042,-116.2309316,-116.2504264,-116.2709188,-116.183356,-116.247889,-116.1931448,-116.193697,-116.213678,-116.2536306,-116.033712,-116.2297304,-116.192158,-116.3342868,-116.1884035,-116.2085864,-116.191698,-116.2142557,-116.1982766,-116.203924,-116.2036778,-116.0986275,-116.2376974
153,Boise,Idaho,151092,222,Mariposa park,Neighborhood,Open,Partially Developed,West Bench,Active Park,BOISE CITY (BOISE PARKS & RECREATION),8.08,Ada County Database,9851 W Irving St,Classic,Mariposa-Park,0.008483181,3.64e-06,9851 W IRVING ST,Neighborhood,Mariposa Park,43.6610652,43.6828866,43.679896,43.6605954,43.6104879,,43.6130114,43.6532929,43.6146316,43.5475988,43.6503693,43.617887,43.626294,43.6449789,43.6436012,43.638452,43.636504,43.6351477,43.6319851,43.6303104,43.626552,43.6248542,43.622819,43.6181311,43.6175837,43.616731,43.615077,43.616591,43.6144756,43.613066,43.6103798,43.610273,43.615726,43.6092033,43.614215,43.6151446,43.6144897,43.6052277,43.603333,43.6019085,43.604337,43.601044,43.5973645,43.5953347,43.6147002,43.5944027,43.5960863,43.5933122,43.590637,43.587635,43.5908829,43.5856801,43.5815,43.5883943,43.5783797,43.5774967,43.5772726,43.5880929,43.5734826,43.56389,43.5656557,43.6085474,43.6256985,43.61205,43.6338044,43.5600487,43.595756,43.6093837,43.468523,43.6899475,43.6574399,43.6554753,43.6019602,43.6521854,43.645009,43.6379565,43.6339837,43.6265791,43.6164788,43.6011568,43.5807801,43.563206,43.6147656,43.6187073,43.6112937,43.5824429,43.613342,43.6213324,43.573703,43.5751881,43.6116233,43.611803,43.5290362,43.6519645,43.615314,43.5732785,43.557425,43.6046661,43.610827,43.6153342,43.618824,43.613564,43.6236296,43.6265626,43.6329444,43.5898161,43.6384932,43.6483863,43.681303,43.5992087,43.568633,43.544704,43.626365,43.594577,43.5903778,43.632641,43.5931564,43.551804,43.585974,43.60454,43.620747,43.5947431,43.6688466,43.6555526,43.645532,43.5624883,43.6491983,43.6123158,43.5711014,43.6406514,43.6803871,43.6015064,43.599288,43.6157222,43.6018468,43.639151,43.5834967,43.647575,43.5707023,43.615799,43.552877,43.5689565,43.648724,43.633893,43.6183551,43.5926761,43.590282,43.586311,43.648962,43.6058354,43.5732588,43.5942341,43.6176437,43.635982,43.6129405,43.5734437,43.6194423,43.6023878,43.6122779,43.625927,43.620931,43.6173997,43.615751,43.6171003,43.5526915,43.6920387,-116.2135745,-116.2919211,-116.284887,-116.3456794,-116.2082807,-116.1799021,-116.2960007,-116.2145508,-116.1534075,-116.3544153,-116.2102005,-116.230735,-116.2466671,-116.2284526,-116.194785,-116.215855,-116.2234691,-116.3160828,-116.3243743,-116.268053,-116.1964928,-116.218515,-116.1940438,-116.2226005,-116.199126,-116.191985,-116.2201504,-116.2188586,-116.200583,-116.1898411,-116.208625,-116.2016517,-116.1729855,-116.203086,-116.2147125,-116.2123541,-116.1833698,-116.185561,-116.2149029,-116.321398,-116.337034,-116.2621912,-116.2387254,-116.1858868,-116.1633768,-116.2187273,-116.1777398,-116.184313,-116.198734,-116.2941272,-116.3312438,-116.248724,-116.1735301,-116.1571147,-116.2943564,-116.214027,-116.1910508,-116.2216564,-116.32195,-116.1540997,-116.2610448,-116.2078795,-116.171538,-116.202894,-116.1322349,-116.3140766,-116.2610432,-116.069723,-116.3020825,-116.2330146,-116.3063828,-116.1743447,-116.3007286,-116.305672,-116.27027,-116.2692501,-116.2830959,-116.3192311,-116.1680331,-116.1857617,-116.153317,-116.1786617,-116.2137274,-116.1943893,-116.1696052,-116.2841691,-116.2102647,-116.159217,-116.140329,-116.1827547,-116.207153,-116.1564325,-116.236936,-116.222081,-116.1406764,-116.125789,-116.2333794,-116.228565,-116.314295,-116.223728,-116.189305,-116.1780806,-116.2077292,-116.208244,-116.2443622,-116.2372639,-116.3219028,-116.2134882,-116.1425104,-116.274251,-116.284287,-116.2287023,-116.18477,-116.2741747,-116.180993,-116.205531,-116.132874,-116.172557,-116.2123044,-116.195633,-116.2285497,-116.2217642,-116.2633144,-116.238387,-116.3472997,-116.1629067,-116.3268437,-116.1704825,-116.1633,-116.2344009,-116.2684177,-116.2130446,-116.293971,-116.3050215,-116.245916,-116.2743595,-116.1573813,-116.203326,-116.1335834,-116.22412,-116.098622,-116.1210522,-116.222835,-116.326042,-116.2309316,-116.2504264,-116.2709188,-116.183356,-116.247889,-116.1931448,-116.193697,-116.213678,-116.2536306,-116.033712,-116.2297304,-116.192158,-116.3342868,-116.1884035,-116.2085864,-116.191698,-116.2142557,-116.1982766,-116.203924,-116.2036778,-116.0986275,-116.2376974
154,Boise,Idaho,151093,168,Warm springs park,Special use,Open,Partially Developed,North River,Mixed-use Park,BOISE CITY (BOISE PARKS & RECREATION),20.22803359,GIS,1811 E Warm Springs Ave,Classic,Warm-Springs-Park,0.034797515,9.12e-06,1811 E WARM SPRINGS AVE,Special Use,Warm Springs Park,43.6610652,43.6828866,43.679896,43.6605954,43.6104879,,43.6130114,43.6532929,43.6146316,43.5475988,43.6503693,43.617887,43.626294,43.6449789,43.6436012,43.638452,43.636504,43.6351477,43.6319851,43.6303104,43.626552,43.6248542,43.622819,43.6181311,43.6175837,43.616731,43.615077,43.616591,43.6144756,43.613066,43.6103798,43.610273,43.615726,43.6092033,43.614215,43.6151446,43.6144897,43.6052277,43.603333,43.6019085,43.604337,43.601044,43.5973645,43.5953347,43.6147002,43.5944027,43.5960863,43.5933122,43.590637,43.587635,43.5908829,43.5856801,43.5815,43.5883943,43.5783797,43.5774967,43.5772726,43.5880929,43.5734826,43.56389,43.5656557,43.6085474,43.6256985,43.61205,43.6338044,43.5600487,43.595756,43.6093837,43.468523,43.6899475,43.6574399,43.6554753,43.6019602,43.6521854,43.645009,43.6379565,43.6339837,43.6265791,43.6164788,43.6011568,43.5807801,43.563206,43.6147656,43.6187073,43.6112937,43.5824429,43.613342,43.6213324,43.573703,43.5751881,43.6116233,43.611803,43.5290362,43.6519645,43.615314,43.5732785,43.557425,43.6046661,43.610827,43.6153342,43.618824,43.613564,43.6236296,43.6265626,43.6329444,43.5898161,43.6384932,43.6483863,43.681303,43.5992087,43.568633,43.544704,43.626365,43.594577,43.5903778,43.632641,43.5931564,43.551804,43.585974,43.60454,43.620747,43.5947431,43.6688466,43.6555526,43.645532,43.5624883,43.6491983,43.6123158,43.5711014,43.6406514,43.6803871,43.6015064,43.599288,43.6157222,43.6018468,43.639151,43.5834967,43.647575,43.5707023,43.615799,43.552877,43.5689565,43.648724,43.633893,43.6183551,43.5926761,43.590282,43.586311,43.648962,43.6058354,43.5732588,43.5942341,43.6176437,43.635982,43.6129405,43.5734437,43.6194423,43.6023878,43.6122779,43.625927,43.620931,43.6173997,43.615751,43.6171003,43.5526915,43.6920387,-116.2135745,-116.2919211,-116.284887,-116.3456794,-116.2082807,-116.1799021,-116.2960007,-116.2145508,-116.1534075,-116.3544153,-116.2102005,-116.230735,-116.2466671,-116.2284526,-116.194785,-116.215855,-116.2234691,-116.3160828,-116.3243743,-116.268053,-116.1964928,-116.218515,-116.1940438,-116.2226005,-116.199126,-116.191985,-116.2201504,-116.2188586,-116.200583,-116.1898411,-116.208625,-116.2016517,-116.1729855,-116.203086,-116.2147125,-116.2123541,-116.1833698,-116.185561,-116.2149029,-116.321398,-116.337034,-116.2621912,-116.2387254,-116.1858868,-116.1633768,-116.2187273,-116.1777398,-116.184313,-116.198734,-116.2941272,-116.3312438,-116.248724,-116.1735301,-116.1571147,-116.2943564,-116.214027,-116.1910508,-116.2216564,-116.32195,-116.1540997,-116.2610448,-116.2078795,-116.171538,-116.202894,-116.1322349,-116.3140766,-116.2610432,-116.069723,-116.3020825,-116.2330146,-116.3063828,-116.1743447,-116.3007286,-116.305672,-116.27027,-116.2692501,-116.2830959,-116.3192311,-116.1680331,-116.1857617,-116.153317,-116.1786617,-116.2137274,-116.1943893,-116.1696052,-116.2841691,-116.2102647,-116.159217,-116.140329,-116.1827547,-116.207153,-116.1564325,-116.236936,-116.222081,-116.1406764,-116.125789,-116.2333794,-116.228565,-116.314295,-116.223728,-116.189305,-116.1780806,-116.2077292,-116.208244,-116.2443622,-116.2372639,-116.3219028,-116.2134882,-116.1425104,-116.274251,-116.284287,-116.2287023,-116.18477,-116.2741747,-116.180993,-116.205531,-116.132874,-116.172557,-116.2123044,-116.195633,-116.2285497,-116.2217642,-116.2633144,-116.238387,-116.3472997,-116.1629067,-116.3268437,-116.1704825,-116.1633,-116.2344009,-116.2684177,-116.2130446,-116.293971,-116.3050215,-116.245916,-116.2743595,-116.1573813,-116.203326,-116.1335834,-116.22412,-116.098622,-116.1210522,-116.222835,-116.326042,-116.2309316,-116.2504264,-116.2709188,-116.183356,-116.247889,-116.1931448,-116.193697,-116.213678,-116.2536306,-116.033712,-116.2297304,-116.192158,-116.3342868,-116.1884035,-116.2085864,-116.191698,-116.2142557,-116.1982766,-116.203924,-116.2036778,-116.0986275,-116.2376974
155,Boise,Idaho,151095,226,Franklin park,Neighborhood,Open,Developed,Central Bench,Active Park,CITY OF BOISE,3.0380000000000003,Ada County Database,310 S Hilton St,Not Classic,,0.004833028,1.31e-06,310 S HILTON ST,Neighborhood,Franklin Park,43.6610652,43.6828866,43.679896,43.6605954,43.6104879,,43.6130114,43.6532929,43.6146316,43.5475988,43.6503693,43.617887,43.626294,43.6449789,43.6436012,43.638452,43.636504,43.6351477,43.6319851,43.6303104,43.626552,43.6248542,43.622819,43.6181311,43.6175837,43.616731,43.615077,43.616591,43.6144756,43.613066,43.6103798,43.610273,43.615726,43.6092033,43.614215,43.6151446,43.6144897,43.6052277,43.603333,43.6019085,43.604337,43.601044,43.5973645,43.5953347,43.6147002,43.5944027,43.5960863,43.5933122,43.590637,43.587635,43.5908829,43.5856801,43.5815,43.5883943,43.5783797,43.5774967,43.5772726,43.5880929,43.5734826,43.56389,43.5656557,43.6085474,43.6256985,43.61205,43.6338044,43.5600487,43.595756,43.6093837,43.468523,43.6899475,43.6574399,43.6554753,43.6019602,43.6521854,43.645009,43.6379565,43.6339837,43.6265791,43.6164788,43.6011568,43.5807801,43.563206,43.6147656,43.6187073,43.6112937,43.5824429,43.613342,43.6213324,43.573703,43.5751881,43.6116233,43.611803,43.5290362,43.6519645,43.615314,43.5732785,43.557425,43.6046661,43.610827,43.6153342,43.618824,43.613564,43.6236296,43.6265626,43.6329444,43.5898161,43.6384932,43.6483863,43.681303,43.5992087,43.568633,43.544704,43.626365,43.594577,43.5903778,43.632641,43.5931564,43.551804,43.585974,43.60454,43.620747,43.5947431,43.6688466,43.6555526,43.645532,43.5624883,43.6491983,43.6123158,43.5711014,43.6406514,43.6803871,43.6015064,43.599288,43.6157222,43.6018468,43.639151,43.5834967,43.647575,43.5707023,43.615799,43.552877,43.5689565,43.648724,43.633893,43.6183551,43.5926761,43.590282,43.586311,43.648962,43.6058354,43.5732588,43.5942341,43.6176437,43.635982,43.6129405,43.5734437,43.6194423,43.6023878,43.6122779,43.625927,43.620931,43.6173997,43.615751,43.6171003,43.5526915,43.6920387,-116.2135745,-116.2919211,-116.284887,-116.3456794,-116.2082807,-116.1799021,-116.2960007,-116.2145508,-116.1534075,-116.3544153,-116.2102005,-116.230735,-116.2466671,-116.2284526,-116.194785,-116.215855,-116.2234691,-116.3160828,-116.3243743,-116.268053,-116.1964928,-116.218515,-116.1940438,-116.2226005,-116.199126,-116.191985,-116.2201504,-116.2188586,-116.200583,-116.1898411,-116.208625,-116.2016517,-116.1729855,-116.203086,-116.2147125,-116.2123541,-116.1833698,-116.185561,-116.2149029,-116.321398,-116.337034,-116.2621912,-116.2387254,-116.1858868,-116.1633768,-116.2187273,-116.1777398,-116.184313,-116.198734,-116.2941272,-116.3312438,-116.248724,-116.1735301,-116.1571147,-116.2943564,-116.214027,-116.1910508,-116.2216564,-116.32195,-116.1540997,-116.2610448,-116.2078795,-116.171538,-116.202894,-116.1322349,-116.3140766,-116.2610432,-116.069723,-116.3020825,-116.2330146,-116.3063828,-116.1743447,-116.3007286,-116.305672,-116.27027,-116.2692501,-116.2830959,-116.3192311,-116.1680331,-116.1857617,-116.153317,-116.1786617,-116.2137274,-116.1943893,-116.1696052,-116.2841691,-116.2102647,-116.159217,-116.140329,-116.1827547,-116.207153,-116.1564325,-116.236936,-116.222081,-116.1406764,-116.125789,-116.2333794,-116.228565,-116.314295,-116.223728,-116.189305,-116.1780806,-116.2077292,-116.208244,-116.2443622,-116.2372639,-116.3219028,-116.2134882,-116.1425104,-116.274251,-116.284287,-116.2287023,-116.18477,-116.2741747,-116.180993,-116.205531,-116.132874,-116.172557,-116.2123044,-116.195633,-116.2285497,-116.2217642,-116.2633144,-116.238387,-116.3472997,-116.1629067,-116.3268437,-116.1704825,-116.1633,-116.2344009,-116.2684177,-116.2130446,-116.293971,-116.3050215,-116.245916,-116.2743595,-116.1573813,-116.203326,-116.1335834,-116.22412,-116.098622,-116.1210522,-116.222835,-116.326042,-116.2309316,-116.2504264,-116.2709188,-116.183356,-116.247889,-116.1931448,-116.193697,-116.213678,-116.2536306,-116.033712,-116.2297304,-116.192158,-116.3342868,-116.1884035,-116.2085864,-116.191698,-116.2142557,-116.1982766,-116.203924,-116.2036778,-116.0986275,-116.2376974
156,Boise,Idaho,151096,227,Spaulding ranch,Special use,Planned,Undeveloped,West Bench,Special Use Area,BOISE CITY (Boise Parks and Recreation),20.45612176,GIS,3805 N Cole Rd,Not Classic,,0.014094331000000002,9.23e-06,3805 N COLE RD,Special Use,Spaulding Ranch,43.6610652,43.6828866,43.679896,43.6605954,43.6104879,,43.6130114,43.6532929,43.6146316,43.5475988,43.6503693,43.617887,43.626294,43.6449789,43.6436012,43.638452,43.636504,43.6351477,43.6319851,43.6303104,43.626552,43.6248542,43.622819,43.6181311,43.6175837,43.616731,43.615077,43.616591,43.6144756,43.613066,43.6103798,43.610273,43.615726,43.6092033,43.614215,43.6151446,43.6144897,43.6052277,43.603333,43.6019085,43.604337,43.601044,43.5973645,43.5953347,43.6147002,43.5944027,43.5960863,43.5933122,43.590637,43.587635,43.5908829,43.5856801,43.5815,43.5883943,43.5783797,43.5774967,43.5772726,43.5880929,43.5734826,43.56389,43.5656557,43.6085474,43.6256985,43.61205,43.6338044,43.5600487,43.595756,43.6093837,43.468523,43.6899475,43.6574399,43.6554753,43.6019602,43.6521854,43.645009,43.6379565,43.6339837,43.6265791,43.6164788,43.6011568,43.5807801,43.563206,43.6147656,43.6187073,43.6112937,43.5824429,43.613342,43.6213324,43.573703,43.5751881,43.6116233,43.611803,43.5290362,43.6519645,43.615314,43.5732785,43.557425,43.6046661,43.610827,43.6153342,43.618824,43.613564,43.6236296,43.6265626,43.6329444,43.5898161,43.6384932,43.6483863,43.681303,43.5992087,43.568633,43.544704,43.626365,43.594577,43.5903778,43.632641,43.5931564,43.551804,43.585974,43.60454,43.620747,43.5947431,43.6688466,43.6555526,43.645532,43.5624883,43.6491983,43.6123158,43.5711014,43.6406514,43.6803871,43.6015064,43.599288,43.6157222,43.6018468,43.639151,43.5834967,43.647575,43.5707023,43.615799,43.552877,43.5689565,43.648724,43.633893,43.6183551,43.5926761,43.590282,43.586311,43.648962,43.6058354,43.5732588,43.5942341,43.6176437,43.635982,43.6129405,43.5734437,43.6194423,43.6023878,43.6122779,43.625927,43.620931,43.6173997,43.615751,43.6171003,43.5526915,43.6920387,-116.2135745,-116.2919211,-116.284887,-116.3456794,-116.2082807,-116.1799021,-116.2960007,-116.2145508,-116.1534075,-116.3544153,-116.2102005,-116.230735,-116.2466671,-116.2284526,-116.194785,-116.215855,-116.2234691,-116.3160828,-116.3243743,-116.268053,-116.1964928,-116.218515,-116.1940438,-116.2226005,-116.199126,-116.191985,-116.2201504,-116.2188586,-116.200583,-116.1898411,-116.208625,-116.2016517,-116.1729855,-116.203086,-116.2147125,-116.2123541,-116.1833698,-116.185561,-116.2149029,-116.321398,-116.337034,-116.2621912,-116.2387254,-116.1858868,-116.1633768,-116.2187273,-116.1777398,-116.184313,-116.198734,-116.2941272,-116.3312438,-116.248724,-116.1735301,-116.1571147,-116.2943564,-116.214027,-116.1910508,-116.2216564,-116.32195,-116.1540997,-116.2610448,-116.2078795,-116.171538,-116.202894,-116.1322349,-116.3140766,-116.2610432,-116.069723,-116.3020825,-116.2330146,-116.3063828,-116.1743447,-116.3007286,-116.305672,-116.27027,-116.2692501,-116.2830959,-116.3192311,-116.1680331,-116.1857617,-116.153317,-116.1786617,-116.2137274,-116.1943893,-116.1696052,-116.2841691,-116.2102647,-116.159217,-116.140329,-116.1827547,-116.207153,-116.1564325,-116.236936,-116.222081,-116.1406764,-116.125789,-116.2333794,-116.228565,-116.314295,-116.223728,-116.189305,-116.1780806,-116.2077292,-116.208244,-116.2443622,-116.2372639,-116.3219028,-116.2134882,-116.1425104,-116.274251,-116.284287,-116.2287023,-116.18477,-116.2741747,-116.180993,-116.205531,-116.132874,-116.172557,-116.2123044,-116.195633,-116.2285497,-116.2217642,-116.2633144,-116.238387,-116.3472997,-116.1629067,-116.3268437,-116.1704825,-116.1633,-116.2344009,-116.2684177,-116.2130446,-116.293971,-116.3050215,-116.245916,-116.2743595,-116.1573813,-116.203326,-116.1335834,-116.22412,-116.098622,-116.1210522,-116.222835,-116.326042,-116.2309316,-116.2504264,-116.2709188,-116.183356,-116.247889,-116.1931448,-116.193697,-116.213678,-116.2536306,-116.033712,-116.2297304,-116.192158,-116.3342868,-116.1884035,-116.2085864,-116.191698,-116.2142557,-116.1982766,-116.203924,-116.2036778,-116.0986275,-116.2376974
157,Boise,Idaho,151097,714,Golda harris reserve,Open space,Planned,Undeveloped,Southeast,Natural Area,BOISE CITY (Boise Parks and Recreation),3.51292045,GIS,2851 E Warm Springs Ave,Not Classic,,0.0065227819999999995,1.58e-06,2851 E WARM SPRINGS AVE,Open Space,Golda Harris Reserve,43.6610652,43.6828866,43.679896,43.6605954,43.6104879,,43.6130114,43.6532929,43.6146316,43.5475988,43.6503693,43.617887,43.626294,43.6449789,43.6436012,43.638452,43.636504,43.6351477,43.6319851,43.6303104,43.626552,43.6248542,43.622819,43.6181311,43.6175837,43.616731,43.615077,43.616591,43.6144756,43.613066,43.6103798,43.610273,43.615726,43.6092033,43.614215,43.6151446,43.6144897,43.6052277,43.603333,43.6019085,43.604337,43.601044,43.5973645,43.5953347,43.6147002,43.5944027,43.5960863,43.5933122,43.590637,43.587635,43.5908829,43.5856801,43.5815,43.5883943,43.5783797,43.5774967,43.5772726,43.5880929,43.5734826,43.56389,43.5656557,43.6085474,43.6256985,43.61205,43.6338044,43.5600487,43.595756,43.6093837,43.468523,43.6899475,43.6574399,43.6554753,43.6019602,43.6521854,43.645009,43.6379565,43.6339837,43.6265791,43.6164788,43.6011568,43.5807801,43.563206,43.6147656,43.6187073,43.6112937,43.5824429,43.613342,43.6213324,43.573703,43.5751881,43.6116233,43.611803,43.5290362,43.6519645,43.615314,43.5732785,43.557425,43.6046661,43.610827,43.6153342,43.618824,43.613564,43.6236296,43.6265626,43.6329444,43.5898161,43.6384932,43.6483863,43.681303,43.5992087,43.568633,43.544704,43.626365,43.594577,43.5903778,43.632641,43.5931564,43.551804,43.585974,43.60454,43.620747,43.5947431,43.6688466,43.6555526,43.645532,43.5624883,43.6491983,43.6123158,43.5711014,43.6406514,43.6803871,43.6015064,43.599288,43.6157222,43.6018468,43.639151,43.5834967,43.647575,43.5707023,43.615799,43.552877,43.5689565,43.648724,43.633893,43.6183551,43.5926761,43.590282,43.586311,43.648962,43.6058354,43.5732588,43.5942341,43.6176437,43.635982,43.6129405,43.5734437,43.6194423,43.6023878,43.6122779,43.625927,43.620931,43.6173997,43.615751,43.6171003,43.5526915,43.6920387,-116.2135745,-116.2919211,-116.284887,-116.3456794,-116.2082807,-116.1799021,-116.2960007,-116.2145508,-116.1534075,-116.3544153,-116.2102005,-116.230735,-116.2466671,-116.2284526,-116.194785,-116.215855,-116.2234691,-116.3160828,-116.3243743,-116.268053,-116.1964928,-116.218515,-116.1940438,-116.2226005,-116.199126,-116.191985,-116.2201504,-116.2188586,-116.200583,-116.1898411,-116.208625,-116.2016517,-116.1729855,-116.203086,-116.2147125,-116.2123541,-116.1833698,-116.185561,-116.2149029,-116.321398,-116.337034,-116.2621912,-116.2387254,-116.1858868,-116.1633768,-116.2187273,-116.1777398,-116.184313,-116.198734,-116.2941272,-116.3312438,-116.248724,-116.1735301,-116.1571147,-116.2943564,-116.214027,-116.1910508,-116.2216564,-116.32195,-116.1540997,-116.2610448,-116.2078795,-116.171538,-116.202894,-116.1322349,-116.3140766,-116.2610432,-116.069723,-116.3020825,-116.2330146,-116.3063828,-116.1743447,-116.3007286,-116.305672,-116.27027,-116.2692501,-116.2830959,-116.3192311,-116.1680331,-116.1857617,-116.153317,-116.1786617,-116.2137274,-116.1943893,-116.1696052,-116.2841691,-116.2102647,-116.159217,-116.140329,-116.1827547,-116.207153,-116.1564325,-116.236936,-116.222081,-116.1406764,-116.125789,-116.2333794,-116.228565,-116.314295,-116.223728,-116.189305,-116.1780806,-116.2077292,-116.208244,-116.2443622,-116.2372639,-116.3219028,-116.2134882,-116.1425104,-116.274251,-116.284287,-116.2287023,-116.18477,-116.2741747,-116.180993,-116.205531,-116.132874,-116.172557,-116.2123044,-116.195633,-116.2285497,-116.2217642,-116.2633144,-116.238387,-116.3472997,-116.1629067,-116.3268437,-116.1704825,-116.1633,-116.2344009,-116.2684177,-116.2130446,-116.293971,-116.3050215,-116.245916,-116.2743595,-116.1573813,-116.203326,-116.1335834,-116.22412,-116.098622,-116.1210522,-116.222835,-116.326042,-116.2309316,-116.2504264,-116.2709188,-116.183356,-116.247889,-116.1931448,-116.193697,-116.213678,-116.2536306,-116.033712,-116.2297304,-116.192158,-116.3342868,-116.1884035,-116.2085864,-116.191698,-116.2142557,-116.1982766,-116.203924,-116.2036778,-116.0986275,-116.2376974
158,Boise,Idaho,151099,715,Hawkins reserve,Open space,Open,Reserve,North River,Natural Area,BOISE CITY (BOISE PARKS & RECREATION),393.2827821,GIS,N Bogus Basin Rd,Not Classic,,0.066437489,0.000177674,N Bogus Basin Rd,Open Space,Hawkins Reserve,43.6610652,43.6828866,43.679896,43.6605954,43.6104879,,43.6130114,43.6532929,43.6146316,43.5475988,43.6503693,43.617887,43.626294,43.6449789,43.6436012,43.638452,43.636504,43.6351477,43.6319851,43.6303104,43.626552,43.6248542,43.622819,43.6181311,43.6175837,43.616731,43.615077,43.616591,43.6144756,43.613066,43.6103798,43.610273,43.615726,43.6092033,43.614215,43.6151446,43.6144897,43.6052277,43.603333,43.6019085,43.604337,43.601044,43.5973645,43.5953347,43.6147002,43.5944027,43.5960863,43.5933122,43.590637,43.587635,43.5908829,43.5856801,43.5815,43.5883943,43.5783797,43.5774967,43.5772726,43.5880929,43.5734826,43.56389,43.5656557,43.6085474,43.6256985,43.61205,43.6338044,43.5600487,43.595756,43.6093837,43.468523,43.6899475,43.6574399,43.6554753,43.6019602,43.6521854,43.645009,43.6379565,43.6339837,43.6265791,43.6164788,43.6011568,43.5807801,43.563206,43.6147656,43.6187073,43.6112937,43.5824429,43.613342,43.6213324,43.573703,43.5751881,43.6116233,43.611803,43.5290362,43.6519645,43.615314,43.5732785,43.557425,43.6046661,43.610827,43.6153342,43.618824,43.613564,43.6236296,43.6265626,43.6329444,43.5898161,43.6384932,43.6483863,43.681303,43.5992087,43.568633,43.544704,43.626365,43.594577,43.5903778,43.632641,43.5931564,43.551804,43.585974,43.60454,43.620747,43.5947431,43.6688466,43.6555526,43.645532,43.5624883,43.6491983,43.6123158,43.5711014,43.6406514,43.6803871,43.6015064,43.599288,43.6157222,43.6018468,43.639151,43.5834967,43.647575,43.5707023,43.615799,43.552877,43.5689565,43.648724,43.633893,43.6183551,43.5926761,43.590282,43.586311,43.648962,43.6058354,43.5732588,43.5942341,43.6176437,43.635982,43.6129405,43.5734437,43.6194423,43.6023878,43.6122779,43.625927,43.620931,43.6173997,43.615751,43.6171003,43.5526915,43.6920387,-116.2135745,-116.2919211,-116.284887,-116.3456794,-116.2082807,-116.1799021,-116.2960007,-116.2145508,-116.1534075,-116.3544153,-116.2102005,-116.230735,-116.2466671,-116.2284526,-116.194785,-116.215855,-116.2234691,-116.3160828,-116.3243743,-116.268053,-116.1964928,-116.218515,-116.1940438,-116.2226005,-116.199126,-116.191985,-116.2201504,-116.2188586,-116.200583,-116.1898411,-116.208625,-116.2016517,-116.1729855,-116.203086,-116.2147125,-116.2123541,-116.1833698,-116.185561,-116.2149029,-116.321398,-116.337034,-116.2621912,-116.2387254,-116.1858868,-116.1633768,-116.2187273,-116.1777398,-116.184313,-116.198734,-116.2941272,-116.3312438,-116.248724,-116.1735301,-116.1571147,-116.2943564,-116.214027,-116.1910508,-116.2216564,-116.32195,-116.1540997,-116.2610448,-116.2078795,-116.171538,-116.202894,-116.1322349,-116.3140766,-116.2610432,-116.069723,-116.3020825,-116.2330146,-116.3063828,-116.1743447,-116.3007286,-116.305672,-116.27027,-116.2692501,-116.2830959,-116.3192311,-116.1680331,-116.1857617,-116.153317,-116.1786617,-116.2137274,-116.1943893,-116.1696052,-116.2841691,-116.2102647,-116.159217,-116.140329,-116.1827547,-116.207153,-116.1564325,-116.236936,-116.222081,-116.1406764,-116.125789,-116.2333794,-116.228565,-116.314295,-116.223728,-116.189305,-116.1780806,-116.2077292,-116.208244,-116.2443622,-116.2372639,-116.3219028,-116.2134882,-116.1425104,-116.274251,-116.284287,-116.2287023,-116.18477,-116.2741747,-116.180993,-116.205531,-116.132874,-116.172557,-116.2123044,-116.195633,-116.2285497,-116.2217642,-116.2633144,-116.238387,-116.3472997,-116.1629067,-116.3268437,-116.1704825,-116.1633,-116.2344009,-116.2684177,-116.2130446,-116.293971,-116.3050215,-116.245916,-116.2743595,-116.1573813,-116.203326,-116.1335834,-116.22412,-116.098622,-116.1210522,-116.222835,-116.326042,-116.2309316,-116.2504264,-116.2709188,-116.183356,-116.247889,-116.1931448,-116.193697,-116.213678,-116.2536306,-116.033712,-116.2297304,-116.192158,-116.3342868,-116.1884035,-116.2085864,-116.191698,-116.2142557,-116.1982766,-116.203924,-116.2036778,-116.0986275,-116.2376974
159,Boise,Idaho,151100,716,Peace valley overlook reserve,Open space,Open,Reserve,Southeast,Natural Area,BOISE CITY,25.340898899999996,GIS,6312 E Warm Springs Ave,Reserve,,0.01519133,1.1400000000000001e-05,6312 E WARM SPRINGS AVE,Open Space,Peace Valley Overlook Reserve,43.6610652,43.6828866,43.679896,43.6605954,43.6104879,,43.6130114,43.6532929,43.6146316,43.5475988,43.6503693,43.617887,43.626294,43.6449789,43.6436012,43.638452,43.636504,43.6351477,43.6319851,43.6303104,43.626552,43.6248542,43.622819,43.6181311,43.6175837,43.616731,43.615077,43.616591,43.6144756,43.613066,43.6103798,43.610273,43.615726,43.6092033,43.614215,43.6151446,43.6144897,43.6052277,43.603333,43.6019085,43.604337,43.601044,43.5973645,43.5953347,43.6147002,43.5944027,43.5960863,43.5933122,43.590637,43.587635,43.5908829,43.5856801,43.5815,43.5883943,43.5783797,43.5774967,43.5772726,43.5880929,43.5734826,43.56389,43.5656557,43.6085474,43.6256985,43.61205,43.6338044,43.5600487,43.595756,43.6093837,43.468523,43.6899475,43.6574399,43.6554753,43.6019602,43.6521854,43.645009,43.6379565,43.6339837,43.6265791,43.6164788,43.6011568,43.5807801,43.563206,43.6147656,43.6187073,43.6112937,43.5824429,43.613342,43.6213324,43.573703,43.5751881,43.6116233,43.611803,43.5290362,43.6519645,43.615314,43.5732785,43.557425,43.6046661,43.610827,43.6153342,43.618824,43.613564,43.6236296,43.6265626,43.6329444,43.5898161,43.6384932,43.6483863,43.681303,43.5992087,43.568633,43.544704,43.626365,43.594577,43.5903778,43.632641,43.5931564,43.551804,43.585974,43.60454,43.620747,43.5947431,43.6688466,43.6555526,43.645532,43.5624883,43.6491983,43.6123158,43.5711014,43.6406514,43.6803871,43.6015064,43.599288,43.6157222,43.6018468,43.639151,43.5834967,43.647575,43.5707023,43.615799,43.552877,43.5689565,43.648724,43.633893,43.6183551,43.5926761,43.590282,43.586311,43.648962,43.6058354,43.5732588,43.5942341,43.6176437,43.635982,43.6129405,43.5734437,43.6194423,43.6023878,43.6122779,43.625927,43.620931,43.6173997,43.615751,43.6171003,43.5526915,43.6920387,-116.2135745,-116.2919211,-116.284887,-116.3456794,-116.2082807,-116.1799021,-116.2960007,-116.2145508,-116.1534075,-116.3544153,-116.2102005,-116.230735,-116.2466671,-116.2284526,-116.194785,-116.215855,-116.2234691,-116.3160828,-116.3243743,-116.268053,-116.1964928,-116.218515,-116.1940438,-116.2226005,-116.199126,-116.191985,-116.2201504,-116.2188586,-116.200583,-116.1898411,-116.208625,-116.2016517,-116.1729855,-116.203086,-116.2147125,-116.2123541,-116.1833698,-116.185561,-116.2149029,-116.321398,-116.337034,-116.2621912,-116.2387254,-116.1858868,-116.1633768,-116.2187273,-116.1777398,-116.184313,-116.198734,-116.2941272,-116.3312438,-116.248724,-116.1735301,-116.1571147,-116.2943564,-116.214027,-116.1910508,-116.2216564,-116.32195,-116.1540997,-116.2610448,-116.2078795,-116.171538,-116.202894,-116.1322349,-116.3140766,-116.2610432,-116.069723,-116.3020825,-116.2330146,-116.3063828,-116.1743447,-116.3007286,-116.305672,-116.27027,-116.2692501,-116.2830959,-116.3192311,-116.1680331,-116.1857617,-116.153317,-116.1786617,-116.2137274,-116.1943893,-116.1696052,-116.2841691,-116.2102647,-116.159217,-116.140329,-116.1827547,-116.207153,-116.1564325,-116.236936,-116.222081,-116.1406764,-116.125789,-116.2333794,-116.228565,-116.314295,-116.223728,-116.189305,-116.1780806,-116.2077292,-116.208244,-116.2443622,-116.2372639,-116.3219028,-116.2134882,-116.1425104,-116.274251,-116.284287,-116.2287023,-116.18477,-116.2741747,-116.180993,-116.205531,-116.132874,-116.172557,-116.2123044,-116.195633,-116.2285497,-116.2217642,-116.2633144,-116.238387,-116.3472997,-116.1629067,-116.3268437,-116.1704825,-116.1633,-116.2344009,-116.2684177,-116.2130446,-116.293971,-116.3050215,-116.245916,-116.2743595,-116.1573813,-116.203326,-116.1335834,-116.22412,-116.098622,-116.1210522,-116.222835,-116.326042,-116.2309316,-116.2504264,-116.2709188,-116.183356,-116.247889,-116.1931448,-116.193697,-116.213678,-116.2536306,-116.033712,-116.2297304,-116.192158,-116.3342868,-116.1884035,-116.2085864,-116.191698,-116.2142557,-116.1982766,-116.203924,-116.2036778,-116.0986275,-116.2376974
160,Boise,Idaho,151101,505,Greenbelt americana,Linear,Open,Developed,Downtown,Corridor,BOISE CITY (BOISE PARKS & RECREATION),0.02063028,GIS,W Americana Ter,,,0.000462669,9.309999999999999e-09,W AMERICANA TER,Linear,Greenbelt Americana,43.6610652,43.6828866,43.679896,43.6605954,43.6104879,,43.6130114,43.6532929,43.6146316,43.5475988,43.6503693,43.617887,43.626294,43.6449789,43.6436012,43.638452,43.636504,43.6351477,43.6319851,43.6303104,43.626552,43.6248542,43.622819,43.6181311,43.6175837,43.616731,43.615077,43.616591,43.6144756,43.613066,43.6103798,43.610273,43.615726,43.6092033,43.614215,43.6151446,43.6144897,43.6052277,43.603333,43.6019085,43.604337,43.601044,43.5973645,43.5953347,43.6147002,43.5944027,43.5960863,43.5933122,43.590637,43.587635,43.5908829,43.5856801,43.5815,43.5883943,43.5783797,43.5774967,43.5772726,43.5880929,43.5734826,43.56389,43.5656557,43.6085474,43.6256985,43.61205,43.6338044,43.5600487,43.595756,43.6093837,43.468523,43.6899475,43.6574399,43.6554753,43.6019602,43.6521854,43.645009,43.6379565,43.6339837,43.6265791,43.6164788,43.6011568,43.5807801,43.563206,43.6147656,43.6187073,43.6112937,43.5824429,43.613342,43.6213324,43.573703,43.5751881,43.6116233,43.611803,43.5290362,43.6519645,43.615314,43.5732785,43.557425,43.6046661,43.610827,43.6153342,43.618824,43.613564,43.6236296,43.6265626,43.6329444,43.5898161,43.6384932,43.6483863,43.681303,43.5992087,43.568633,43.544704,43.626365,43.594577,43.5903778,43.632641,43.5931564,43.551804,43.585974,43.60454,43.620747,43.5947431,43.6688466,43.6555526,43.645532,43.5624883,43.6491983,43.6123158,43.5711014,43.6406514,43.6803871,43.6015064,43.599288,43.6157222,43.6018468,43.639151,43.5834967,43.647575,43.5707023,43.615799,43.552877,43.5689565,43.648724,43.633893,43.6183551,43.5926761,43.590282,43.586311,43.648962,43.6058354,43.5732588,43.5942341,43.6176437,43.635982,43.6129405,43.5734437,43.6194423,43.6023878,43.6122779,43.625927,43.620931,43.6173997,43.615751,43.6171003,43.5526915,43.6920387,-116.2135745,-116.2919211,-116.284887,-116.3456794,-116.2082807,-116.1799021,-116.2960007,-116.2145508,-116.1534075,-116.3544153,-116.2102005,-116.230735,-116.2466671,-116.2284526,-116.194785,-116.215855,-116.2234691,-116.3160828,-116.3243743,-116.268053,-116.1964928,-116.218515,-116.1940438,-116.2226005,-116.199126,-116.191985,-116.2201504,-116.2188586,-116.200583,-116.1898411,-116.208625,-116.2016517,-116.1729855,-116.203086,-116.2147125,-116.2123541,-116.1833698,-116.185561,-116.2149029,-116.321398,-116.337034,-116.2621912,-116.2387254,-116.1858868,-116.1633768,-116.2187273,-116.1777398,-116.184313,-116.198734,-116.2941272,-116.3312438,-116.248724,-116.1735301,-116.1571147,-116.2943564,-116.214027,-116.1910508,-116.2216564,-116.32195,-116.1540997,-116.2610448,-116.2078795,-116.171538,-116.202894,-116.1322349,-116.3140766,-116.2610432,-116.069723,-116.3020825,-116.2330146,-116.3063828,-116.1743447,-116.3007286,-116.305672,-116.27027,-116.2692501,-116.2830959,-116.3192311,-116.1680331,-116.1857617,-116.153317,-116.1786617,-116.2137274,-116.1943893,-116.1696052,-116.2841691,-116.2102647,-116.159217,-116.140329,-116.1827547,-116.207153,-116.1564325,-116.236936,-116.222081,-116.1406764,-116.125789,-116.2333794,-116.228565,-116.314295,-116.223728,-116.189305,-116.1780806,-116.2077292,-116.208244,-116.2443622,-116.2372639,-116.3219028,-116.2134882,-116.1425104,-116.274251,-116.284287,-116.2287023,-116.18477,-116.2741747,-116.180993,-116.205531,-116.132874,-116.172557,-116.2123044,-116.195633,-116.2285497,-116.2217642,-116.2633144,-116.238387,-116.3472997,-116.1629067,-116.3268437,-116.1704825,-116.1633,-116.2344009,-116.2684177,-116.2130446,-116.293971,-116.3050215,-116.245916,-116.2743595,-116.1573813,-116.203326,-116.1335834,-116.22412,-116.098622,-116.1210522,-116.222835,-116.326042,-116.2309316,-116.2504264,-116.2709188,-116.183356,-116.247889,-116.1931448,-116.193697,-116.213678,-116.2536306,-116.033712,-116.2297304,-116.192158,-116.3342868,-116.1884035,-116.2085864,-116.191698,-116.2142557,-116.1982766,-116.203924,-116.2036778,-116.0986275,-116.2376974
161,Boise,Idaho,151102,228,Sue howell park,Neighborhood,Planned,Undeveloped,Southeast,Active Park,BOISE CITY (BOISE PARKS & RECREATION),7.02508726,GIS,6899 E Warm Springs Ave,,,0.014701816000000001,3.17e-06,6899 E WARM SPRINGS AVE,Neighborhood,Sue Howell Park,43.6610652,43.6828866,43.679896,43.6605954,43.6104879,,43.6130114,43.6532929,43.6146316,43.5475988,43.6503693,43.617887,43.626294,43.6449789,43.6436012,43.638452,43.636504,43.6351477,43.6319851,43.6303104,43.626552,43.6248542,43.622819,43.6181311,43.6175837,43.616731,43.615077,43.616591,43.6144756,43.613066,43.6103798,43.610273,43.615726,43.6092033,43.614215,43.6151446,43.6144897,43.6052277,43.603333,43.6019085,43.604337,43.601044,43.5973645,43.5953347,43.6147002,43.5944027,43.5960863,43.5933122,43.590637,43.587635,43.5908829,43.5856801,43.5815,43.5883943,43.5783797,43.5774967,43.5772726,43.5880929,43.5734826,43.56389,43.5656557,43.6085474,43.6256985,43.61205,43.6338044,43.5600487,43.595756,43.6093837,43.468523,43.6899475,43.6574399,43.6554753,43.6019602,43.6521854,43.645009,43.6379565,43.6339837,43.6265791,43.6164788,43.6011568,43.5807801,43.563206,43.6147656,43.6187073,43.6112937,43.5824429,43.613342,43.6213324,43.573703,43.5751881,43.6116233,43.611803,43.5290362,43.6519645,43.615314,43.5732785,43.557425,43.6046661,43.610827,43.6153342,43.618824,43.613564,43.6236296,43.6265626,43.6329444,43.5898161,43.6384932,43.6483863,43.681303,43.5992087,43.568633,43.544704,43.626365,43.594577,43.5903778,43.632641,43.5931564,43.551804,43.585974,43.60454,43.620747,43.5947431,43.6688466,43.6555526,43.645532,43.5624883,43.6491983,43.6123158,43.5711014,43.6406514,43.6803871,43.6015064,43.599288,43.6157222,43.6018468,43.639151,43.5834967,43.647575,43.5707023,43.615799,43.552877,43.5689565,43.648724,43.633893,43.6183551,43.5926761,43.590282,43.586311,43.648962,43.6058354,43.5732588,43.5942341,43.6176437,43.635982,43.6129405,43.5734437,43.6194423,43.6023878,43.6122779,43.625927,43.620931,43.6173997,43.615751,43.6171003,43.5526915,43.6920387,-116.2135745,-116.2919211,-116.284887,-116.3456794,-116.2082807,-116.1799021,-116.2960007,-116.2145508,-116.1534075,-116.3544153,-116.2102005,-116.230735,-116.2466671,-116.2284526,-116.194785,-116.215855,-116.2234691,-116.3160828,-116.3243743,-116.268053,-116.1964928,-116.218515,-116.1940438,-116.2226005,-116.199126,-116.191985,-116.2201504,-116.2188586,-116.200583,-116.1898411,-116.208625,-116.2016517,-116.1729855,-116.203086,-116.2147125,-116.2123541,-116.1833698,-116.185561,-116.2149029,-116.321398,-116.337034,-116.2621912,-116.2387254,-116.1858868,-116.1633768,-116.2187273,-116.1777398,-116.184313,-116.198734,-116.2941272,-116.3312438,-116.248724,-116.1735301,-116.1571147,-116.2943564,-116.214027,-116.1910508,-116.2216564,-116.32195,-116.1540997,-116.2610448,-116.2078795,-116.171538,-116.202894,-116.1322349,-116.3140766,-116.2610432,-116.069723,-116.3020825,-116.2330146,-116.3063828,-116.1743447,-116.3007286,-116.305672,-116.27027,-116.2692501,-116.2830959,-116.3192311,-116.1680331,-116.1857617,-116.153317,-116.1786617,-116.2137274,-116.1943893,-116.1696052,-116.2841691,-116.2102647,-116.159217,-116.140329,-116.1827547,-116.207153,-116.1564325,-116.236936,-116.222081,-116.1406764,-116.125789,-116.2333794,-116.228565,-116.314295,-116.223728,-116.189305,-116.1780806,-116.2077292,-116.208244,-116.2443622,-116.2372639,-116.3219028,-116.2134882,-116.1425104,-116.274251,-116.284287,-116.2287023,-116.18477,-116.2741747,-116.180993,-116.205531,-116.132874,-116.172557,-116.2123044,-116.195633,-116.2285497,-116.2217642,-116.2633144,-116.238387,-116.3472997,-116.1629067,-116.3268437,-116.1704825,-116.1633,-116.2344009,-116.2684177,-116.2130446,-116.293971,-116.3050215,-116.245916,-116.2743595,-116.1573813,-116.203326,-116.1335834,-116.22412,-116.098622,-116.1210522,-116.222835,-116.326042,-116.2309316,-116.2504264,-116.2709188,-116.183356,-116.247889,-116.1931448,-116.193697,-116.213678,-116.2536306,-116.033712,-116.2297304,-116.192158,-116.3342868,-116.1884035,-116.2085864,-116.191698,-116.2142557,-116.1982766,-116.203924,-116.2036778,-116.0986275,-116.2376974
162,Boise,Idaho,151103,101,Alta harris,Community,Planned,Undeveloped,Southwest,Active Park,Private,36.09659599,GIS,3910 S Eckert Rd,Not Classic,Alta-Harris,0.016269918,1.63e-05,3910 S Eckert Rd,Community,Alta Harris,43.6610652,43.6828866,43.679896,43.6605954,43.6104879,,43.6130114,43.6532929,43.6146316,43.5475988,43.6503693,43.617887,43.626294,43.6449789,43.6436012,43.638452,43.636504,43.6351477,43.6319851,43.6303104,43.626552,43.6248542,43.622819,43.6181311,43.6175837,43.616731,43.615077,43.616591,43.6144756,43.613066,43.6103798,43.610273,43.615726,43.6092033,43.614215,43.6151446,43.6144897,43.6052277,43.603333,43.6019085,43.604337,43.601044,43.5973645,43.5953347,43.6147002,43.5944027,43.5960863,43.5933122,43.590637,43.587635,43.5908829,43.5856801,43.5815,43.5883943,43.5783797,43.5774967,43.5772726,43.5880929,43.5734826,43.56389,43.5656557,43.6085474,43.6256985,43.61205,43.6338044,43.5600487,43.595756,43.6093837,43.468523,43.6899475,43.6574399,43.6554753,43.6019602,43.6521854,43.645009,43.6379565,43.6339837,43.6265791,43.6164788,43.6011568,43.5807801,43.563206,43.6147656,43.6187073,43.6112937,43.5824429,43.613342,43.6213324,43.573703,43.5751881,43.6116233,43.611803,43.5290362,43.6519645,43.615314,43.5732785,43.557425,43.6046661,43.610827,43.6153342,43.618824,43.613564,43.6236296,43.6265626,43.6329444,43.5898161,43.6384932,43.6483863,43.681303,43.5992087,43.568633,43.544704,43.626365,43.594577,43.5903778,43.632641,43.5931564,43.551804,43.585974,43.60454,43.620747,43.5947431,43.6688466,43.6555526,43.645532,43.5624883,43.6491983,43.6123158,43.5711014,43.6406514,43.6803871,43.6015064,43.599288,43.6157222,43.6018468,43.639151,43.5834967,43.647575,43.5707023,43.615799,43.552877,43.5689565,43.648724,43.633893,43.6183551,43.5926761,43.590282,43.586311,43.648962,43.6058354,43.5732588,43.5942341,43.6176437,43.635982,43.6129405,43.5734437,43.6194423,43.6023878,43.6122779,43.625927,43.620931,43.6173997,43.615751,43.6171003,43.5526915,43.6920387,-116.2135745,-116.2919211,-116.284887,-116.3456794,-116.2082807,-116.1799021,-116.2960007,-116.2145508,-116.1534075,-116.3544153,-116.2102005,-116.230735,-116.2466671,-116.2284526,-116.194785,-116.215855,-116.2234691,-116.3160828,-116.3243743,-116.268053,-116.1964928,-116.218515,-116.1940438,-116.2226005,-116.199126,-116.191985,-116.2201504,-116.2188586,-116.200583,-116.1898411,-116.208625,-116.2016517,-116.1729855,-116.203086,-116.2147125,-116.2123541,-116.1833698,-116.185561,-116.2149029,-116.321398,-116.337034,-116.2621912,-116.2387254,-116.1858868,-116.1633768,-116.2187273,-116.1777398,-116.184313,-116.198734,-116.2941272,-116.3312438,-116.248724,-116.1735301,-116.1571147,-116.2943564,-116.214027,-116.1910508,-116.2216564,-116.32195,-116.1540997,-116.2610448,-116.2078795,-116.171538,-116.202894,-116.1322349,-116.3140766,-116.2610432,-116.069723,-116.3020825,-116.2330146,-116.3063828,-116.1743447,-116.3007286,-116.305672,-116.27027,-116.2692501,-116.2830959,-116.3192311,-116.1680331,-116.1857617,-116.153317,-116.1786617,-116.2137274,-116.1943893,-116.1696052,-116.2841691,-116.2102647,-116.159217,-116.140329,-116.1827547,-116.207153,-116.1564325,-116.236936,-116.222081,-116.1406764,-116.125789,-116.2333794,-116.228565,-116.314295,-116.223728,-116.189305,-116.1780806,-116.2077292,-116.208244,-116.2443622,-116.2372639,-116.3219028,-116.2134882,-116.1425104,-116.274251,-116.284287,-116.2287023,-116.18477,-116.2741747,-116.180993,-116.205531,-116.132874,-116.172557,-116.2123044,-116.195633,-116.2285497,-116.2217642,-116.2633144,-116.238387,-116.3472997,-116.1629067,-116.3268437,-116.1704825,-116.1633,-116.2344009,-116.2684177,-116.2130446,-116.293971,-116.3050215,-116.245916,-116.2743595,-116.1573813,-116.203326,-116.1335834,-116.22412,-116.098622,-116.1210522,-116.222835,-116.326042,-116.2309316,-116.2504264,-116.2709188,-116.183356,-116.247889,-116.1931448,-116.193697,-116.213678,-116.2536306,-116.033712,-116.2297304,-116.192158,-116.3342868,-116.1884035,-116.2085864,-116.191698,-116.2142557,-116.1982766,-116.203924,-116.2036778,-116.0986275,-116.2376974
163,Boise,Idaho,151105,713,Hillside to hollow reserve,Open space,Open,Reserve,North River,Natural Area,BOISE CITY (BOISE PARKS & RECREATION),269.30851,GIS,2700 W Hill Rd,Reserve,Hillside-to-Hollow-Reserve,0.077430604,0.00012155899999999999,2700 W HILL RD,Open Space,Hillside to Hollow Reserve,43.6610652,43.6828866,43.679896,43.6605954,43.6104879,,43.6130114,43.6532929,43.6146316,43.5475988,43.6503693,43.617887,43.626294,43.6449789,43.6436012,43.638452,43.636504,43.6351477,43.6319851,43.6303104,43.626552,43.6248542,43.622819,43.6181311,43.6175837,43.616731,43.615077,43.616591,43.6144756,43.613066,43.6103798,43.610273,43.615726,43.6092033,43.614215,43.6151446,43.6144897,43.6052277,43.603333,43.6019085,43.604337,43.601044,43.5973645,43.5953347,43.6147002,43.5944027,43.5960863,43.5933122,43.590637,43.587635,43.5908829,43.5856801,43.5815,43.5883943,43.5783797,43.5774967,43.5772726,43.5880929,43.5734826,43.56389,43.5656557,43.6085474,43.6256985,43.61205,43.6338044,43.5600487,43.595756,43.6093837,43.468523,43.6899475,43.6574399,43.6554753,43.6019602,43.6521854,43.645009,43.6379565,43.6339837,43.6265791,43.6164788,43.6011568,43.5807801,43.563206,43.6147656,43.6187073,43.6112937,43.5824429,43.613342,43.6213324,43.573703,43.5751881,43.6116233,43.611803,43.5290362,43.6519645,43.615314,43.5732785,43.557425,43.6046661,43.610827,43.6153342,43.618824,43.613564,43.6236296,43.6265626,43.6329444,43.5898161,43.6384932,43.6483863,43.681303,43.5992087,43.568633,43.544704,43.626365,43.594577,43.5903778,43.632641,43.5931564,43.551804,43.585974,43.60454,43.620747,43.5947431,43.6688466,43.6555526,43.645532,43.5624883,43.6491983,43.6123158,43.5711014,43.6406514,43.6803871,43.6015064,43.599288,43.6157222,43.6018468,43.639151,43.5834967,43.647575,43.5707023,43.615799,43.552877,43.5689565,43.648724,43.633893,43.6183551,43.5926761,43.590282,43.586311,43.648962,43.6058354,43.5732588,43.5942341,43.6176437,43.635982,43.6129405,43.5734437,43.6194423,43.6023878,43.6122779,43.625927,43.620931,43.6173997,43.615751,43.6171003,43.5526915,43.6920387,-116.2135745,-116.2919211,-116.284887,-116.3456794,-116.2082807,-116.1799021,-116.2960007,-116.2145508,-116.1534075,-116.3544153,-116.2102005,-116.230735,-116.2466671,-116.2284526,-116.194785,-116.215855,-116.2234691,-116.3160828,-116.3243743,-116.268053,-116.1964928,-116.218515,-116.1940438,-116.2226005,-116.199126,-116.191985,-116.2201504,-116.2188586,-116.200583,-116.1898411,-116.208625,-116.2016517,-116.1729855,-116.203086,-116.2147125,-116.2123541,-116.1833698,-116.185561,-116.2149029,-116.321398,-116.337034,-116.2621912,-116.2387254,-116.1858868,-116.1633768,-116.2187273,-116.1777398,-116.184313,-116.198734,-116.2941272,-116.3312438,-116.248724,-116.1735301,-116.1571147,-116.2943564,-116.214027,-116.1910508,-116.2216564,-116.32195,-116.1540997,-116.2610448,-116.2078795,-116.171538,-116.202894,-116.1322349,-116.3140766,-116.2610432,-116.069723,-116.3020825,-116.2330146,-116.3063828,-116.1743447,-116.3007286,-116.305672,-116.27027,-116.2692501,-116.2830959,-116.3192311,-116.1680331,-116.1857617,-116.153317,-116.1786617,-116.2137274,-116.1943893,-116.1696052,-116.2841691,-116.2102647,-116.159217,-116.140329,-116.1827547,-116.207153,-116.1564325,-116.236936,-116.222081,-116.1406764,-116.125789,-116.2333794,-116.228565,-116.314295,-116.223728,-116.189305,-116.1780806,-116.2077292,-116.208244,-116.2443622,-116.2372639,-116.3219028,-116.2134882,-116.1425104,-116.274251,-116.284287,-116.2287023,-116.18477,-116.2741747,-116.180993,-116.205531,-116.132874,-116.172557,-116.2123044,-116.195633,-116.2285497,-116.2217642,-116.2633144,-116.238387,-116.3472997,-116.1629067,-116.3268437,-116.1704825,-116.1633,-116.2344009,-116.2684177,-116.2130446,-116.293971,-116.3050215,-116.245916,-116.2743595,-116.1573813,-116.203326,-116.1335834,-116.22412,-116.098622,-116.1210522,-116.222835,-116.326042,-116.2309316,-116.2504264,-116.2709188,-116.183356,-116.247889,-116.1931448,-116.193697,-116.213678,-116.2536306,-116.033712,-116.2297304,-116.192158,-116.3342868,-116.1884035,-116.2085864,-116.191698,-116.2142557,-116.1982766,-116.203924,-116.2036778,-116.0986275,-116.2376974
164,Boise,Idaho,151106,356,Ustick rd row,Row,Open,ROW,North River,Corridor,ACHD,0.41547681,GIS,W Ustick Rd,Not Classic,,0.021624906,1.87e-07,W USTICK RD,ROW,Ustick Rd ROW,43.6610652,43.6828866,43.679896,43.6605954,43.6104879,,43.6130114,43.6532929,43.6146316,43.5475988,43.6503693,43.617887,43.626294,43.6449789,43.6436012,43.638452,43.636504,43.6351477,43.6319851,43.6303104,43.626552,43.6248542,43.622819,43.6181311,43.6175837,43.616731,43.615077,43.616591,43.6144756,43.613066,43.6103798,43.610273,43.615726,43.6092033,43.614215,43.6151446,43.6144897,43.6052277,43.603333,43.6019085,43.604337,43.601044,43.5973645,43.5953347,43.6147002,43.5944027,43.5960863,43.5933122,43.590637,43.587635,43.5908829,43.5856801,43.5815,43.5883943,43.5783797,43.5774967,43.5772726,43.5880929,43.5734826,43.56389,43.5656557,43.6085474,43.6256985,43.61205,43.6338044,43.5600487,43.595756,43.6093837,43.468523,43.6899475,43.6574399,43.6554753,43.6019602,43.6521854,43.645009,43.6379565,43.6339837,43.6265791,43.6164788,43.6011568,43.5807801,43.563206,43.6147656,43.6187073,43.6112937,43.5824429,43.613342,43.6213324,43.573703,43.5751881,43.6116233,43.611803,43.5290362,43.6519645,43.615314,43.5732785,43.557425,43.6046661,43.610827,43.6153342,43.618824,43.613564,43.6236296,43.6265626,43.6329444,43.5898161,43.6384932,43.6483863,43.681303,43.5992087,43.568633,43.544704,43.626365,43.594577,43.5903778,43.632641,43.5931564,43.551804,43.585974,43.60454,43.620747,43.5947431,43.6688466,43.6555526,43.645532,43.5624883,43.6491983,43.6123158,43.5711014,43.6406514,43.6803871,43.6015064,43.599288,43.6157222,43.6018468,43.639151,43.5834967,43.647575,43.5707023,43.615799,43.552877,43.5689565,43.648724,43.633893,43.6183551,43.5926761,43.590282,43.586311,43.648962,43.6058354,43.5732588,43.5942341,43.6176437,43.635982,43.6129405,43.5734437,43.6194423,43.6023878,43.6122779,43.625927,43.620931,43.6173997,43.615751,43.6171003,43.5526915,43.6920387,-116.2135745,-116.2919211,-116.284887,-116.3456794,-116.2082807,-116.1799021,-116.2960007,-116.2145508,-116.1534075,-116.3544153,-116.2102005,-116.230735,-116.2466671,-116.2284526,-116.194785,-116.215855,-116.2234691,-116.3160828,-116.3243743,-116.268053,-116.1964928,-116.218515,-116.1940438,-116.2226005,-116.199126,-116.191985,-116.2201504,-116.2188586,-116.200583,-116.1898411,-116.208625,-116.2016517,-116.1729855,-116.203086,-116.2147125,-116.2123541,-116.1833698,-116.185561,-116.2149029,-116.321398,-116.337034,-116.2621912,-116.2387254,-116.1858868,-116.1633768,-116.2187273,-116.1777398,-116.184313,-116.198734,-116.2941272,-116.3312438,-116.248724,-116.1735301,-116.1571147,-116.2943564,-116.214027,-116.1910508,-116.2216564,-116.32195,-116.1540997,-116.2610448,-116.2078795,-116.171538,-116.202894,-116.1322349,-116.3140766,-116.2610432,-116.069723,-116.3020825,-116.2330146,-116.3063828,-116.1743447,-116.3007286,-116.305672,-116.27027,-116.2692501,-116.2830959,-116.3192311,-116.1680331,-116.1857617,-116.153317,-116.1786617,-116.2137274,-116.1943893,-116.1696052,-116.2841691,-116.2102647,-116.159217,-116.140329,-116.1827547,-116.207153,-116.1564325,-116.236936,-116.222081,-116.1406764,-116.125789,-116.2333794,-116.228565,-116.314295,-116.223728,-116.189305,-116.1780806,-116.2077292,-116.208244,-116.2443622,-116.2372639,-116.3219028,-116.2134882,-116.1425104,-116.274251,-116.284287,-116.2287023,-116.18477,-116.2741747,-116.180993,-116.205531,-116.132874,-116.172557,-116.2123044,-116.195633,-116.2285497,-116.2217642,-116.2633144,-116.238387,-116.3472997,-116.1629067,-116.3268437,-116.1704825,-116.1633,-116.2344009,-116.2684177,-116.2130446,-116.293971,-116.3050215,-116.245916,-116.2743595,-116.1573813,-116.203326,-116.1335834,-116.22412,-116.098622,-116.1210522,-116.222835,-116.326042,-116.2309316,-116.2504264,-116.2709188,-116.183356,-116.247889,-116.1931448,-116.193697,-116.213678,-116.2536306,-116.033712,-116.2297304,-116.192158,-116.3342868,-116.1884035,-116.2085864,-116.191698,-116.2142557,-116.1982766,-116.203924,-116.2036778,-116.0986275,-116.2376974
165,Boise,Idaho,151107,328,I-184 connector row,Row,Open,ROW,Central Bench,Corridor,STATE OF IDAHO,40.86996453,GIS,I-184,Not Classic,,0.22704281,1.85e-05,I-184,ROW,I-184 Connector ROW,43.6610652,43.6828866,43.679896,43.6605954,43.6104879,,43.6130114,43.6532929,43.6146316,43.5475988,43.6503693,43.617887,43.626294,43.6449789,43.6436012,43.638452,43.636504,43.6351477,43.6319851,43.6303104,43.626552,43.6248542,43.622819,43.6181311,43.6175837,43.616731,43.615077,43.616591,43.6144756,43.613066,43.6103798,43.610273,43.615726,43.6092033,43.614215,43.6151446,43.6144897,43.6052277,43.603333,43.6019085,43.604337,43.601044,43.5973645,43.5953347,43.6147002,43.5944027,43.5960863,43.5933122,43.590637,43.587635,43.5908829,43.5856801,43.5815,43.5883943,43.5783797,43.5774967,43.5772726,43.5880929,43.5734826,43.56389,43.5656557,43.6085474,43.6256985,43.61205,43.6338044,43.5600487,43.595756,43.6093837,43.468523,43.6899475,43.6574399,43.6554753,43.6019602,43.6521854,43.645009,43.6379565,43.6339837,43.6265791,43.6164788,43.6011568,43.5807801,43.563206,43.6147656,43.6187073,43.6112937,43.5824429,43.613342,43.6213324,43.573703,43.5751881,43.6116233,43.611803,43.5290362,43.6519645,43.615314,43.5732785,43.557425,43.6046661,43.610827,43.6153342,43.618824,43.613564,43.6236296,43.6265626,43.6329444,43.5898161,43.6384932,43.6483863,43.681303,43.5992087,43.568633,43.544704,43.626365,43.594577,43.5903778,43.632641,43.5931564,43.551804,43.585974,43.60454,43.620747,43.5947431,43.6688466,43.6555526,43.645532,43.5624883,43.6491983,43.6123158,43.5711014,43.6406514,43.6803871,43.6015064,43.599288,43.6157222,43.6018468,43.639151,43.5834967,43.647575,43.5707023,43.615799,43.552877,43.5689565,43.648724,43.633893,43.6183551,43.5926761,43.590282,43.586311,43.648962,43.6058354,43.5732588,43.5942341,43.6176437,43.635982,43.6129405,43.5734437,43.6194423,43.6023878,43.6122779,43.625927,43.620931,43.6173997,43.615751,43.6171003,43.5526915,43.6920387,-116.2135745,-116.2919211,-116.284887,-116.3456794,-116.2082807,-116.1799021,-116.2960007,-116.2145508,-116.1534075,-116.3544153,-116.2102005,-116.230735,-116.2466671,-116.2284526,-116.194785,-116.215855,-116.2234691,-116.3160828,-116.3243743,-116.268053,-116.1964928,-116.218515,-116.1940438,-116.2226005,-116.199126,-116.191985,-116.2201504,-116.2188586,-116.200583,-116.1898411,-116.208625,-116.2016517,-116.1729855,-116.203086,-116.2147125,-116.2123541,-116.1833698,-116.185561,-116.2149029,-116.321398,-116.337034,-116.2621912,-116.2387254,-116.1858868,-116.1633768,-116.2187273,-116.1777398,-116.184313,-116.198734,-116.2941272,-116.3312438,-116.248724,-116.1735301,-116.1571147,-116.2943564,-116.214027,-116.1910508,-116.2216564,-116.32195,-116.1540997,-116.2610448,-116.2078795,-116.171538,-116.202894,-116.1322349,-116.3140766,-116.2610432,-116.069723,-116.3020825,-116.2330146,-116.3063828,-116.1743447,-116.3007286,-116.305672,-116.27027,-116.2692501,-116.2830959,-116.3192311,-116.1680331,-116.1857617,-116.153317,-116.1786617,-116.2137274,-116.1943893,-116.1696052,-116.2841691,-116.2102647,-116.159217,-116.140329,-116.1827547,-116.207153,-116.1564325,-116.236936,-116.222081,-116.1406764,-116.125789,-116.2333794,-116.228565,-116.314295,-116.223728,-116.189305,-116.1780806,-116.2077292,-116.208244,-116.2443622,-116.2372639,-116.3219028,-116.2134882,-116.1425104,-116.274251,-116.284287,-116.2287023,-116.18477,-116.2741747,-116.180993,-116.205531,-116.132874,-116.172557,-116.2123044,-116.195633,-116.2285497,-116.2217642,-116.2633144,-116.238387,-116.3472997,-116.1629067,-116.3268437,-116.1704825,-116.1633,-116.2344009,-116.2684177,-116.2130446,-116.293971,-116.3050215,-116.245916,-116.2743595,-116.1573813,-116.203326,-116.1335834,-116.22412,-116.098622,-116.1210522,-116.222835,-116.326042,-116.2309316,-116.2504264,-116.2709188,-116.183356,-116.247889,-116.1931448,-116.193697,-116.213678,-116.2536306,-116.033712,-116.2297304,-116.192158,-116.3342868,-116.1884035,-116.2085864,-116.191698,-116.2142557,-116.1982766,-116.203924,-116.2036778,-116.0986275,-116.2376974
166,Boise,Idaho,151108,316,Currier circle,Row,Open,ROW,Central Bench,Passive Park,ACHD,0.08724727,GIS,5512 W Sites Dr,Not Classic,,0.000895619,3.93e-08,5512 W SITES DR,ROW,Currier Circle,43.6610652,43.6828866,43.679896,43.6605954,43.6104879,,43.6130114,43.6532929,43.6146316,43.5475988,43.6503693,43.617887,43.626294,43.6449789,43.6436012,43.638452,43.636504,43.6351477,43.6319851,43.6303104,43.626552,43.6248542,43.622819,43.6181311,43.6175837,43.616731,43.615077,43.616591,43.6144756,43.613066,43.6103798,43.610273,43.615726,43.6092033,43.614215,43.6151446,43.6144897,43.6052277,43.603333,43.6019085,43.604337,43.601044,43.5973645,43.5953347,43.6147002,43.5944027,43.5960863,43.5933122,43.590637,43.587635,43.5908829,43.5856801,43.5815,43.5883943,43.5783797,43.5774967,43.5772726,43.5880929,43.5734826,43.56389,43.5656557,43.6085474,43.6256985,43.61205,43.6338044,43.5600487,43.595756,43.6093837,43.468523,43.6899475,43.6574399,43.6554753,43.6019602,43.6521854,43.645009,43.6379565,43.6339837,43.6265791,43.6164788,43.6011568,43.5807801,43.563206,43.6147656,43.6187073,43.6112937,43.5824429,43.613342,43.6213324,43.573703,43.5751881,43.6116233,43.611803,43.5290362,43.6519645,43.615314,43.5732785,43.557425,43.6046661,43.610827,43.6153342,43.618824,43.613564,43.6236296,43.6265626,43.6329444,43.5898161,43.6384932,43.6483863,43.681303,43.5992087,43.568633,43.544704,43.626365,43.594577,43.5903778,43.632641,43.5931564,43.551804,43.585974,43.60454,43.620747,43.5947431,43.6688466,43.6555526,43.645532,43.5624883,43.6491983,43.6123158,43.5711014,43.6406514,43.6803871,43.6015064,43.599288,43.6157222,43.6018468,43.639151,43.5834967,43.647575,43.5707023,43.615799,43.552877,43.5689565,43.648724,43.633893,43.6183551,43.5926761,43.590282,43.586311,43.648962,43.6058354,43.5732588,43.5942341,43.6176437,43.635982,43.6129405,43.5734437,43.6194423,43.6023878,43.6122779,43.625927,43.620931,43.6173997,43.615751,43.6171003,43.5526915,43.6920387,-116.2135745,-116.2919211,-116.284887,-116.3456794,-116.2082807,-116.1799021,-116.2960007,-116.2145508,-116.1534075,-116.3544153,-116.2102005,-116.230735,-116.2466671,-116.2284526,-116.194785,-116.215855,-116.2234691,-116.3160828,-116.3243743,-116.268053,-116.1964928,-116.218515,-116.1940438,-116.2226005,-116.199126,-116.191985,-116.2201504,-116.2188586,-116.200583,-116.1898411,-116.208625,-116.2016517,-116.1729855,-116.203086,-116.2147125,-116.2123541,-116.1833698,-116.185561,-116.2149029,-116.321398,-116.337034,-116.2621912,-116.2387254,-116.1858868,-116.1633768,-116.2187273,-116.1777398,-116.184313,-116.198734,-116.2941272,-116.3312438,-116.248724,-116.1735301,-116.1571147,-116.2943564,-116.214027,-116.1910508,-116.2216564,-116.32195,-116.1540997,-116.2610448,-116.2078795,-116.171538,-116.202894,-116.1322349,-116.3140766,-116.2610432,-116.069723,-116.3020825,-116.2330146,-116.3063828,-116.1743447,-116.3007286,-116.305672,-116.27027,-116.2692501,-116.2830959,-116.3192311,-116.1680331,-116.1857617,-116.153317,-116.1786617,-116.2137274,-116.1943893,-116.1696052,-116.2841691,-116.2102647,-116.159217,-116.140329,-116.1827547,-116.207153,-116.1564325,-116.236936,-116.222081,-116.1406764,-116.125789,-116.2333794,-116.228565,-116.314295,-116.223728,-116.189305,-116.1780806,-116.2077292,-116.208244,-116.2443622,-116.2372639,-116.3219028,-116.2134882,-116.1425104,-116.274251,-116.284287,-116.2287023,-116.18477,-116.2741747,-116.180993,-116.205531,-116.132874,-116.172557,-116.2123044,-116.195633,-116.2285497,-116.2217642,-116.2633144,-116.238387,-116.3472997,-116.1629067,-116.3268437,-116.1704825,-116.1633,-116.2344009,-116.2684177,-116.2130446,-116.293971,-116.3050215,-116.245916,-116.2743595,-116.1573813,-116.203326,-116.1335834,-116.22412,-116.098622,-116.1210522,-116.222835,-116.326042,-116.2309316,-116.2504264,-116.2709188,-116.183356,-116.247889,-116.1931448,-116.193697,-116.213678,-116.2536306,-116.033712,-116.2297304,-116.192158,-116.3342868,-116.1884035,-116.2085864,-116.191698,-116.2142557,-116.1982766,-116.203924,-116.2036778,-116.0986275,-116.2376974
167,Boise,Idaho,151109,315,Cole/overland row,Row,Open,ROW,Central Bench,Corridor,STATE OF IDAHO,19.39324175,GIS,7315 W Cedarwood Dr,Not Classic,,0.037638485,8.74e-06,7315 W CEDARWOOD DR,ROW,Cole/Overland ROW,43.6610652,43.6828866,43.679896,43.6605954,43.6104879,,43.6130114,43.6532929,43.6146316,43.5475988,43.6503693,43.617887,43.626294,43.6449789,43.6436012,43.638452,43.636504,43.6351477,43.6319851,43.6303104,43.626552,43.6248542,43.622819,43.6181311,43.6175837,43.616731,43.615077,43.616591,43.6144756,43.613066,43.6103798,43.610273,43.615726,43.6092033,43.614215,43.6151446,43.6144897,43.6052277,43.603333,43.6019085,43.604337,43.601044,43.5973645,43.5953347,43.6147002,43.5944027,43.5960863,43.5933122,43.590637,43.587635,43.5908829,43.5856801,43.5815,43.5883943,43.5783797,43.5774967,43.5772726,43.5880929,43.5734826,43.56389,43.5656557,43.6085474,43.6256985,43.61205,43.6338044,43.5600487,43.595756,43.6093837,43.468523,43.6899475,43.6574399,43.6554753,43.6019602,43.6521854,43.645009,43.6379565,43.6339837,43.6265791,43.6164788,43.6011568,43.5807801,43.563206,43.6147656,43.6187073,43.6112937,43.5824429,43.613342,43.6213324,43.573703,43.5751881,43.6116233,43.611803,43.5290362,43.6519645,43.615314,43.5732785,43.557425,43.6046661,43.610827,43.6153342,43.618824,43.613564,43.6236296,43.6265626,43.6329444,43.5898161,43.6384932,43.6483863,43.681303,43.5992087,43.568633,43.544704,43.626365,43.594577,43.5903778,43.632641,43.5931564,43.551804,43.585974,43.60454,43.620747,43.5947431,43.6688466,43.6555526,43.645532,43.5624883,43.6491983,43.6123158,43.5711014,43.6406514,43.6803871,43.6015064,43.599288,43.6157222,43.6018468,43.639151,43.5834967,43.647575,43.5707023,43.615799,43.552877,43.5689565,43.648724,43.633893,43.6183551,43.5926761,43.590282,43.586311,43.648962,43.6058354,43.5732588,43.5942341,43.6176437,43.635982,43.6129405,43.5734437,43.6194423,43.6023878,43.6122779,43.625927,43.620931,43.6173997,43.615751,43.6171003,43.5526915,43.6920387,-116.2135745,-116.2919211,-116.284887,-116.3456794,-116.2082807,-116.1799021,-116.2960007,-116.2145508,-116.1534075,-116.3544153,-116.2102005,-116.230735,-116.2466671,-116.2284526,-116.194785,-116.215855,-116.2234691,-116.3160828,-116.3243743,-116.268053,-116.1964928,-116.218515,-116.1940438,-116.2226005,-116.199126,-116.191985,-116.2201504,-116.2188586,-116.200583,-116.1898411,-116.208625,-116.2016517,-116.1729855,-116.203086,-116.2147125,-116.2123541,-116.1833698,-116.185561,-116.2149029,-116.321398,-116.337034,-116.2621912,-116.2387254,-116.1858868,-116.1633768,-116.2187273,-116.1777398,-116.184313,-116.198734,-116.2941272,-116.3312438,-116.248724,-116.1735301,-116.1571147,-116.2943564,-116.214027,-116.1910508,-116.2216564,-116.32195,-116.1540997,-116.2610448,-116.2078795,-116.171538,-116.202894,-116.1322349,-116.3140766,-116.2610432,-116.069723,-116.3020825,-116.2330146,-116.3063828,-116.1743447,-116.3007286,-116.305672,-116.27027,-116.2692501,-116.2830959,-116.3192311,-116.1680331,-116.1857617,-116.153317,-116.1786617,-116.2137274,-116.1943893,-116.1696052,-116.2841691,-116.2102647,-116.159217,-116.140329,-116.1827547,-116.207153,-116.1564325,-116.236936,-116.222081,-116.1406764,-116.125789,-116.2333794,-116.228565,-116.314295,-116.223728,-116.189305,-116.1780806,-116.2077292,-116.208244,-116.2443622,-116.2372639,-116.3219028,-116.2134882,-116.1425104,-116.274251,-116.284287,-116.2287023,-116.18477,-116.2741747,-116.180993,-116.205531,-116.132874,-116.172557,-116.2123044,-116.195633,-116.2285497,-116.2217642,-116.2633144,-116.238387,-116.3472997,-116.1629067,-116.3268437,-116.1704825,-116.1633,-116.2344009,-116.2684177,-116.2130446,-116.293971,-116.3050215,-116.245916,-116.2743595,-116.1573813,-116.203326,-116.1335834,-116.22412,-116.098622,-116.1210522,-116.222835,-116.326042,-116.2309316,-116.2504264,-116.2709188,-116.183356,-116.247889,-116.1931448,-116.193697,-116.213678,-116.2536306,-116.033712,-116.2297304,-116.192158,-116.3342868,-116.1884035,-116.2085864,-116.191698,-116.2142557,-116.1982766,-116.203924,-116.2036778,-116.0986275,-116.2376974
168,Boise,Idaho,151110,326,Hopffgarten,Row,Open,ROW,Southeast,Special Use Area,BOISE CITY (BOISE PARKS & RECREATION),0.23020255,GIS,159 WÃƒâ€šÃ‚Â  Boise Ave,Not Classic,,0.001589381,1.04e-07,159 WÃƒâ€šÃ‚Â  BOISE AVE,ROW,Hopffgarten,43.6610652,43.6828866,43.679896,43.6605954,43.6104879,,43.6130114,43.6532929,43.6146316,43.5475988,43.6503693,43.617887,43.626294,43.6449789,43.6436012,43.638452,43.636504,43.6351477,43.6319851,43.6303104,43.626552,43.6248542,43.622819,43.6181311,43.6175837,43.616731,43.615077,43.616591,43.6144756,43.613066,43.6103798,43.610273,43.615726,43.6092033,43.614215,43.6151446,43.6144897,43.6052277,43.603333,43.6019085,43.604337,43.601044,43.5973645,43.5953347,43.6147002,43.5944027,43.5960863,43.5933122,43.590637,43.587635,43.5908829,43.5856801,43.5815,43.5883943,43.5783797,43.5774967,43.5772726,43.5880929,43.5734826,43.56389,43.5656557,43.6085474,43.6256985,43.61205,43.6338044,43.5600487,43.595756,43.6093837,43.468523,43.6899475,43.6574399,43.6554753,43.6019602,43.6521854,43.645009,43.6379565,43.6339837,43.6265791,43.6164788,43.6011568,43.5807801,43.563206,43.6147656,43.6187073,43.6112937,43.5824429,43.613342,43.6213324,43.573703,43.5751881,43.6116233,43.611803,43.5290362,43.6519645,43.615314,43.5732785,43.557425,43.6046661,43.610827,43.6153342,43.618824,43.613564,43.6236296,43.6265626,43.6329444,43.5898161,43.6384932,43.6483863,43.681303,43.5992087,43.568633,43.544704,43.626365,43.594577,43.5903778,43.632641,43.5931564,43.551804,43.585974,43.60454,43.620747,43.5947431,43.6688466,43.6555526,43.645532,43.5624883,43.6491983,43.6123158,43.5711014,43.6406514,43.6803871,43.6015064,43.599288,43.6157222,43.6018468,43.639151,43.5834967,43.647575,43.5707023,43.615799,43.552877,43.5689565,43.648724,43.633893,43.6183551,43.5926761,43.590282,43.586311,43.648962,43.6058354,43.5732588,43.5942341,43.6176437,43.635982,43.6129405,43.5734437,43.6194423,43.6023878,43.6122779,43.625927,43.620931,43.6173997,43.615751,43.6171003,43.5526915,43.6920387,-116.2135745,-116.2919211,-116.284887,-116.3456794,-116.2082807,-116.1799021,-116.2960007,-116.2145508,-116.1534075,-116.3544153,-116.2102005,-116.230735,-116.2466671,-116.2284526,-116.194785,-116.215855,-116.2234691,-116.3160828,-116.3243743,-116.268053,-116.1964928,-116.218515,-116.1940438,-116.2226005,-116.199126,-116.191985,-116.2201504,-116.2188586,-116.200583,-116.1898411,-116.208625,-116.2016517,-116.1729855,-116.203086,-116.2147125,-116.2123541,-116.1833698,-116.185561,-116.2149029,-116.321398,-116.337034,-116.2621912,-116.2387254,-116.1858868,-116.1633768,-116.2187273,-116.1777398,-116.184313,-116.198734,-116.2941272,-116.3312438,-116.248724,-116.1735301,-116.1571147,-116.2943564,-116.214027,-116.1910508,-116.2216564,-116.32195,-116.1540997,-116.2610448,-116.2078795,-116.171538,-116.202894,-116.1322349,-116.3140766,-116.2610432,-116.069723,-116.3020825,-116.2330146,-116.3063828,-116.1743447,-116.3007286,-116.305672,-116.27027,-116.2692501,-116.2830959,-116.3192311,-116.1680331,-116.1857617,-116.153317,-116.1786617,-116.2137274,-116.1943893,-116.1696052,-116.2841691,-116.2102647,-116.159217,-116.140329,-116.1827547,-116.207153,-116.1564325,-116.236936,-116.222081,-116.1406764,-116.125789,-116.2333794,-116.228565,-116.314295,-116.223728,-116.189305,-116.1780806,-116.2077292,-116.208244,-116.2443622,-116.2372639,-116.3219028,-116.2134882,-116.1425104,-116.274251,-116.284287,-116.2287023,-116.18477,-116.2741747,-116.180993,-116.205531,-116.132874,-116.172557,-116.2123044,-116.195633,-116.2285497,-116.2217642,-116.2633144,-116.238387,-116.3472997,-116.1629067,-116.3268437,-116.1704825,-116.1633,-116.2344009,-116.2684177,-116.2130446,-116.293971,-116.3050215,-116.245916,-116.2743595,-116.1573813,-116.203326,-116.1335834,-116.22412,-116.098622,-116.1210522,-116.222835,-116.326042,-116.2309316,-116.2504264,-116.2709188,-116.183356,-116.247889,-116.1931448,-116.193697,-116.213678,-116.2536306,-116.033712,-116.2297304,-116.192158,-116.3342868,-116.1884035,-116.2085864,-116.191698,-116.2142557,-116.1982766,-116.203924,-116.2036778,-116.0986275,-116.2376974
169,Boise,Idaho,151111,343,State street row,Row,Open,ROW,North River,Corridor,ACHD,0.33143073,GIS,2230 W State St,Not Classic,,0.007384216,1.5e-07,2230 W STATE ST,ROW,State Street ROW,43.6610652,43.6828866,43.679896,43.6605954,43.6104879,,43.6130114,43.6532929,43.6146316,43.5475988,43.6503693,43.617887,43.626294,43.6449789,43.6436012,43.638452,43.636504,43.6351477,43.6319851,43.6303104,43.626552,43.6248542,43.622819,43.6181311,43.6175837,43.616731,43.615077,43.616591,43.6144756,43.613066,43.6103798,43.610273,43.615726,43.6092033,43.614215,43.6151446,43.6144897,43.6052277,43.603333,43.6019085,43.604337,43.601044,43.5973645,43.5953347,43.6147002,43.5944027,43.5960863,43.5933122,43.590637,43.587635,43.5908829,43.5856801,43.5815,43.5883943,43.5783797,43.5774967,43.5772726,43.5880929,43.5734826,43.56389,43.5656557,43.6085474,43.6256985,43.61205,43.6338044,43.5600487,43.595756,43.6093837,43.468523,43.6899475,43.6574399,43.6554753,43.6019602,43.6521854,43.645009,43.6379565,43.6339837,43.6265791,43.6164788,43.6011568,43.5807801,43.563206,43.6147656,43.6187073,43.6112937,43.5824429,43.613342,43.6213324,43.573703,43.5751881,43.6116233,43.611803,43.5290362,43.6519645,43.615314,43.5732785,43.557425,43.6046661,43.610827,43.6153342,43.618824,43.613564,43.6236296,43.6265626,43.6329444,43.5898161,43.6384932,43.6483863,43.681303,43.5992087,43.568633,43.544704,43.626365,43.594577,43.5903778,43.632641,43.5931564,43.551804,43.585974,43.60454,43.620747,43.5947431,43.6688466,43.6555526,43.645532,43.5624883,43.6491983,43.6123158,43.5711014,43.6406514,43.6803871,43.6015064,43.599288,43.6157222,43.6018468,43.639151,43.5834967,43.647575,43.5707023,43.615799,43.552877,43.5689565,43.648724,43.633893,43.6183551,43.5926761,43.590282,43.586311,43.648962,43.6058354,43.5732588,43.5942341,43.6176437,43.635982,43.6129405,43.5734437,43.6194423,43.6023878,43.6122779,43.625927,43.620931,43.6173997,43.615751,43.6171003,43.5526915,43.6920387,-116.2135745,-116.2919211,-116.284887,-116.3456794,-116.2082807,-116.1799021,-116.2960007,-116.2145508,-116.1534075,-116.3544153,-116.2102005,-116.230735,-116.2466671,-116.2284526,-116.194785,-116.215855,-116.2234691,-116.3160828,-116.3243743,-116.268053,-116.1964928,-116.218515,-116.1940438,-116.2226005,-116.199126,-116.191985,-116.2201504,-116.2188586,-116.200583,-116.1898411,-116.208625,-116.2016517,-116.1729855,-116.203086,-116.2147125,-116.2123541,-116.1833698,-116.185561,-116.2149029,-116.321398,-116.337034,-116.2621912,-116.2387254,-116.1858868,-116.1633768,-116.2187273,-116.1777398,-116.184313,-116.198734,-116.2941272,-116.3312438,-116.248724,-116.1735301,-116.1571147,-116.2943564,-116.214027,-116.1910508,-116.2216564,-116.32195,-116.1540997,-116.2610448,-116.2078795,-116.171538,-116.202894,-116.1322349,-116.3140766,-116.2610432,-116.069723,-116.3020825,-116.2330146,-116.3063828,-116.1743447,-116.3007286,-116.305672,-116.27027,-116.2692501,-116.2830959,-116.3192311,-116.1680331,-116.1857617,-116.153317,-116.1786617,-116.2137274,-116.1943893,-116.1696052,-116.2841691,-116.2102647,-116.159217,-116.140329,-116.1827547,-116.207153,-116.1564325,-116.236936,-116.222081,-116.1406764,-116.125789,-116.2333794,-116.228565,-116.314295,-116.223728,-116.189305,-116.1780806,-116.2077292,-116.208244,-116.2443622,-116.2372639,-116.3219028,-116.2134882,-116.1425104,-116.274251,-116.284287,-116.2287023,-116.18477,-116.2741747,-116.180993,-116.205531,-116.132874,-116.172557,-116.2123044,-116.195633,-116.2285497,-116.2217642,-116.2633144,-116.238387,-116.3472997,-116.1629067,-116.3268437,-116.1704825,-116.1633,-116.2344009,-116.2684177,-116.2130446,-116.293971,-116.3050215,-116.245916,-116.2743595,-116.1573813,-116.203326,-116.1335834,-116.22412,-116.098622,-116.1210522,-116.222835,-116.326042,-116.2309316,-116.2504264,-116.2709188,-116.183356,-116.247889,-116.1931448,-116.193697,-116.213678,-116.2536306,-116.033712,-116.2297304,-116.192158,-116.3342868,-116.1884035,-116.2085864,-116.191698,-116.2142557,-116.1982766,-116.203924,-116.2036778,-116.0986275,-116.2376974
170,Boise,Idaho,151112,355,Front st row,Row,Open,ROW,North River,Corridor,ACHD,3.21444013,GIS,924 E Park Blvd,Not Classic,,0.024771219,1.45e-06,924 E PARK BLVD,ROW,Front St ROW,43.6610652,43.6828866,43.679896,43.6605954,43.6104879,,43.6130114,43.6532929,43.6146316,43.5475988,43.6503693,43.617887,43.626294,43.6449789,43.6436012,43.638452,43.636504,43.6351477,43.6319851,43.6303104,43.626552,43.6248542,43.622819,43.6181311,43.6175837,43.616731,43.615077,43.616591,43.6144756,43.613066,43.6103798,43.610273,43.615726,43.6092033,43.614215,43.6151446,43.6144897,43.6052277,43.603333,43.6019085,43.604337,43.601044,43.5973645,43.5953347,43.6147002,43.5944027,43.5960863,43.5933122,43.590637,43.587635,43.5908829,43.5856801,43.5815,43.5883943,43.5783797,43.5774967,43.5772726,43.5880929,43.5734826,43.56389,43.5656557,43.6085474,43.6256985,43.61205,43.6338044,43.5600487,43.595756,43.6093837,43.468523,43.6899475,43.6574399,43.6554753,43.6019602,43.6521854,43.645009,43.6379565,43.6339837,43.6265791,43.6164788,43.6011568,43.5807801,43.563206,43.6147656,43.6187073,43.6112937,43.5824429,43.613342,43.6213324,43.573703,43.5751881,43.6116233,43.611803,43.5290362,43.6519645,43.615314,43.5732785,43.557425,43.6046661,43.610827,43.6153342,43.618824,43.613564,43.6236296,43.6265626,43.6329444,43.5898161,43.6384932,43.6483863,43.681303,43.5992087,43.568633,43.544704,43.626365,43.594577,43.5903778,43.632641,43.5931564,43.551804,43.585974,43.60454,43.620747,43.5947431,43.6688466,43.6555526,43.645532,43.5624883,43.6491983,43.6123158,43.5711014,43.6406514,43.6803871,43.6015064,43.599288,43.6157222,43.6018468,43.639151,43.5834967,43.647575,43.5707023,43.615799,43.552877,43.5689565,43.648724,43.633893,43.6183551,43.5926761,43.590282,43.586311,43.648962,43.6058354,43.5732588,43.5942341,43.6176437,43.635982,43.6129405,43.5734437,43.6194423,43.6023878,43.6122779,43.625927,43.620931,43.6173997,43.615751,43.6171003,43.5526915,43.6920387,-116.2135745,-116.2919211,-116.284887,-116.3456794,-116.2082807,-116.1799021,-116.2960007,-116.2145508,-116.1534075,-116.3544153,-116.2102005,-116.230735,-116.2466671,-116.2284526,-116.194785,-116.215855,-116.2234691,-116.3160828,-116.3243743,-116.268053,-116.1964928,-116.218515,-116.1940438,-116.2226005,-116.199126,-116.191985,-116.2201504,-116.2188586,-116.200583,-116.1898411,-116.208625,-116.2016517,-116.1729855,-116.203086,-116.2147125,-116.2123541,-116.1833698,-116.185561,-116.2149029,-116.321398,-116.337034,-116.2621912,-116.2387254,-116.1858868,-116.1633768,-116.2187273,-116.1777398,-116.184313,-116.198734,-116.2941272,-116.3312438,-116.248724,-116.1735301,-116.1571147,-116.2943564,-116.214027,-116.1910508,-116.2216564,-116.32195,-116.1540997,-116.2610448,-116.2078795,-116.171538,-116.202894,-116.1322349,-116.3140766,-116.2610432,-116.069723,-116.3020825,-116.2330146,-116.3063828,-116.1743447,-116.3007286,-116.305672,-116.27027,-116.2692501,-116.2830959,-116.3192311,-116.1680331,-116.1857617,-116.153317,-116.1786617,-116.2137274,-116.1943893,-116.1696052,-116.2841691,-116.2102647,-116.159217,-116.140329,-116.1827547,-116.207153,-116.1564325,-116.236936,-116.222081,-116.1406764,-116.125789,-116.2333794,-116.228565,-116.314295,-116.223728,-116.189305,-116.1780806,-116.2077292,-116.208244,-116.2443622,-116.2372639,-116.3219028,-116.2134882,-116.1425104,-116.274251,-116.284287,-116.2287023,-116.18477,-116.2741747,-116.180993,-116.205531,-116.132874,-116.172557,-116.2123044,-116.195633,-116.2285497,-116.2217642,-116.2633144,-116.238387,-116.3472997,-116.1629067,-116.3268437,-116.1704825,-116.1633,-116.2344009,-116.2684177,-116.2130446,-116.293971,-116.3050215,-116.245916,-116.2743595,-116.1573813,-116.203326,-116.1335834,-116.22412,-116.098622,-116.1210522,-116.222835,-116.326042,-116.2309316,-116.2504264,-116.2709188,-116.183356,-116.247889,-116.1931448,-116.193697,-116.213678,-116.2536306,-116.033712,-116.2297304,-116.192158,-116.3342868,-116.1884035,-116.2085864,-116.191698,-116.2142557,-116.1982766,-116.203924,-116.2036778,-116.0986275,-116.2376974
171,Boise,Idaho,151114,310,Broadway row,Row,Open,ROW,Southeast,Corridor,ACHD,1.1152312,GIS,2198 S Broadway Ave,Not Classic,,0.020639945,5.03e-07,2198 S BROADWAY AVE,ROW,Broadway ROW,43.6610652,43.6828866,43.679896,43.6605954,43.6104879,,43.6130114,43.6532929,43.6146316,43.5475988,43.6503693,43.617887,43.626294,43.6449789,43.6436012,43.638452,43.636504,43.6351477,43.6319851,43.6303104,43.626552,43.6248542,43.622819,43.6181311,43.6175837,43.616731,43.615077,43.616591,43.6144756,43.613066,43.6103798,43.610273,43.615726,43.6092033,43.614215,43.6151446,43.6144897,43.6052277,43.603333,43.6019085,43.604337,43.601044,43.5973645,43.5953347,43.6147002,43.5944027,43.5960863,43.5933122,43.590637,43.587635,43.5908829,43.5856801,43.5815,43.5883943,43.5783797,43.5774967,43.5772726,43.5880929,43.5734826,43.56389,43.5656557,43.6085474,43.6256985,43.61205,43.6338044,43.5600487,43.595756,43.6093837,43.468523,43.6899475,43.6574399,43.6554753,43.6019602,43.6521854,43.645009,43.6379565,43.6339837,43.6265791,43.6164788,43.6011568,43.5807801,43.563206,43.6147656,43.6187073,43.6112937,43.5824429,43.613342,43.6213324,43.573703,43.5751881,43.6116233,43.611803,43.5290362,43.6519645,43.615314,43.5732785,43.557425,43.6046661,43.610827,43.6153342,43.618824,43.613564,43.6236296,43.6265626,43.6329444,43.5898161,43.6384932,43.6483863,43.681303,43.5992087,43.568633,43.544704,43.626365,43.594577,43.5903778,43.632641,43.5931564,43.551804,43.585974,43.60454,43.620747,43.5947431,43.6688466,43.6555526,43.645532,43.5624883,43.6491983,43.6123158,43.5711014,43.6406514,43.6803871,43.6015064,43.599288,43.6157222,43.6018468,43.639151,43.5834967,43.647575,43.5707023,43.615799,43.552877,43.5689565,43.648724,43.633893,43.6183551,43.5926761,43.590282,43.586311,43.648962,43.6058354,43.5732588,43.5942341,43.6176437,43.635982,43.6129405,43.5734437,43.6194423,43.6023878,43.6122779,43.625927,43.620931,43.6173997,43.615751,43.6171003,43.5526915,43.6920387,-116.2135745,-116.2919211,-116.284887,-116.3456794,-116.2082807,-116.1799021,-116.2960007,-116.2145508,-116.1534075,-116.3544153,-116.2102005,-116.230735,-116.2466671,-116.2284526,-116.194785,-116.215855,-116.2234691,-116.3160828,-116.3243743,-116.268053,-116.1964928,-116.218515,-116.1940438,-116.2226005,-116.199126,-116.191985,-116.2201504,-116.2188586,-116.200583,-116.1898411,-116.208625,-116.2016517,-116.1729855,-116.203086,-116.2147125,-116.2123541,-116.1833698,-116.185561,-116.2149029,-116.321398,-116.337034,-116.2621912,-116.2387254,-116.1858868,-116.1633768,-116.2187273,-116.1777398,-116.184313,-116.198734,-116.2941272,-116.3312438,-116.248724,-116.1735301,-116.1571147,-116.2943564,-116.214027,-116.1910508,-116.2216564,-116.32195,-116.1540997,-116.2610448,-116.2078795,-116.171538,-116.202894,-116.1322349,-116.3140766,-116.2610432,-116.069723,-116.3020825,-116.2330146,-116.3063828,-116.1743447,-116.3007286,-116.305672,-116.27027,-116.2692501,-116.2830959,-116.3192311,-116.1680331,-116.1857617,-116.153317,-116.1786617,-116.2137274,-116.1943893,-116.1696052,-116.2841691,-116.2102647,-116.159217,-116.140329,-116.1827547,-116.207153,-116.1564325,-116.236936,-116.222081,-116.1406764,-116.125789,-116.2333794,-116.228565,-116.314295,-116.223728,-116.189305,-116.1780806,-116.2077292,-116.208244,-116.2443622,-116.2372639,-116.3219028,-116.2134882,-116.1425104,-116.274251,-116.284287,-116.2287023,-116.18477,-116.2741747,-116.180993,-116.205531,-116.132874,-116.172557,-116.2123044,-116.195633,-116.2285497,-116.2217642,-116.2633144,-116.238387,-116.3472997,-116.1629067,-116.3268437,-116.1704825,-116.1633,-116.2344009,-116.2684177,-116.2130446,-116.293971,-116.3050215,-116.245916,-116.2743595,-116.1573813,-116.203326,-116.1335834,-116.22412,-116.098622,-116.1210522,-116.222835,-116.326042,-116.2309316,-116.2504264,-116.2709188,-116.183356,-116.247889,-116.1931448,-116.193697,-116.213678,-116.2536306,-116.033712,-116.2297304,-116.192158,-116.3342868,-116.1884035,-116.2085864,-116.191698,-116.2142557,-116.1982766,-116.203924,-116.2036778,-116.0986275,-116.2376974
172,Boise,Idaho,151116,348,Vista row,Row,Open,ROW,Central Bench,Corridor,ACHD,0.40564563,GIS,S Vista Ave,Not Classic,,0.010445388,1.83e-07,S VISTA AVE,ROW,Vista ROW,43.6610652,43.6828866,43.679896,43.6605954,43.6104879,,43.6130114,43.6532929,43.6146316,43.5475988,43.6503693,43.617887,43.626294,43.6449789,43.6436012,43.638452,43.636504,43.6351477,43.6319851,43.6303104,43.626552,43.6248542,43.622819,43.6181311,43.6175837,43.616731,43.615077,43.616591,43.6144756,43.613066,43.6103798,43.610273,43.615726,43.6092033,43.614215,43.6151446,43.6144897,43.6052277,43.603333,43.6019085,43.604337,43.601044,43.5973645,43.5953347,43.6147002,43.5944027,43.5960863,43.5933122,43.590637,43.587635,43.5908829,43.5856801,43.5815,43.5883943,43.5783797,43.5774967,43.5772726,43.5880929,43.5734826,43.56389,43.5656557,43.6085474,43.6256985,43.61205,43.6338044,43.5600487,43.595756,43.6093837,43.468523,43.6899475,43.6574399,43.6554753,43.6019602,43.6521854,43.645009,43.6379565,43.6339837,43.6265791,43.6164788,43.6011568,43.5807801,43.563206,43.6147656,43.6187073,43.6112937,43.5824429,43.613342,43.6213324,43.573703,43.5751881,43.6116233,43.611803,43.5290362,43.6519645,43.615314,43.5732785,43.557425,43.6046661,43.610827,43.6153342,43.618824,43.613564,43.6236296,43.6265626,43.6329444,43.5898161,43.6384932,43.6483863,43.681303,43.5992087,43.568633,43.544704,43.626365,43.594577,43.5903778,43.632641,43.5931564,43.551804,43.585974,43.60454,43.620747,43.5947431,43.6688466,43.6555526,43.645532,43.5624883,43.6491983,43.6123158,43.5711014,43.6406514,43.6803871,43.6015064,43.599288,43.6157222,43.6018468,43.639151,43.5834967,43.647575,43.5707023,43.615799,43.552877,43.5689565,43.648724,43.633893,43.6183551,43.5926761,43.590282,43.586311,43.648962,43.6058354,43.5732588,43.5942341,43.6176437,43.635982,43.6129405,43.5734437,43.6194423,43.6023878,43.6122779,43.625927,43.620931,43.6173997,43.615751,43.6171003,43.5526915,43.6920387,-116.2135745,-116.2919211,-116.284887,-116.3456794,-116.2082807,-116.1799021,-116.2960007,-116.2145508,-116.1534075,-116.3544153,-116.2102005,-116.230735,-116.2466671,-116.2284526,-116.194785,-116.215855,-116.2234691,-116.3160828,-116.3243743,-116.268053,-116.1964928,-116.218515,-116.1940438,-116.2226005,-116.199126,-116.191985,-116.2201504,-116.2188586,-116.200583,-116.1898411,-116.208625,-116.2016517,-116.1729855,-116.203086,-116.2147125,-116.2123541,-116.1833698,-116.185561,-116.2149029,-116.321398,-116.337034,-116.2621912,-116.2387254,-116.1858868,-116.1633768,-116.2187273,-116.1777398,-116.184313,-116.198734,-116.2941272,-116.3312438,-116.248724,-116.1735301,-116.1571147,-116.2943564,-116.214027,-116.1910508,-116.2216564,-116.32195,-116.1540997,-116.2610448,-116.2078795,-116.171538,-116.202894,-116.1322349,-116.3140766,-116.2610432,-116.069723,-116.3020825,-116.2330146,-116.3063828,-116.1743447,-116.3007286,-116.305672,-116.27027,-116.2692501,-116.2830959,-116.3192311,-116.1680331,-116.1857617,-116.153317,-116.1786617,-116.2137274,-116.1943893,-116.1696052,-116.2841691,-116.2102647,-116.159217,-116.140329,-116.1827547,-116.207153,-116.1564325,-116.236936,-116.222081,-116.1406764,-116.125789,-116.2333794,-116.228565,-116.314295,-116.223728,-116.189305,-116.1780806,-116.2077292,-116.208244,-116.2443622,-116.2372639,-116.3219028,-116.2134882,-116.1425104,-116.274251,-116.284287,-116.2287023,-116.18477,-116.2741747,-116.180993,-116.205531,-116.132874,-116.172557,-116.2123044,-116.195633,-116.2285497,-116.2217642,-116.2633144,-116.238387,-116.3472997,-116.1629067,-116.3268437,-116.1704825,-116.1633,-116.2344009,-116.2684177,-116.2130446,-116.293971,-116.3050215,-116.245916,-116.2743595,-116.1573813,-116.203326,-116.1335834,-116.22412,-116.098622,-116.1210522,-116.222835,-116.326042,-116.2309316,-116.2504264,-116.2709188,-116.183356,-116.247889,-116.1931448,-116.193697,-116.213678,-116.2536306,-116.033712,-116.2297304,-116.192158,-116.3342868,-116.1884035,-116.2085864,-116.191698,-116.2142557,-116.1982766,-116.203924,-116.2036778,-116.0986275,-116.2376974
173,Boise,Idaho,151117,317,Curtis row,Row,Open,ROW,West Bench,Corridor,ACHD,5.07418464,GIS,1920 N Curtis Rd,Not Classic,,0.046992516,2.29e-06,1920 N CURTIS RD,ROW,Curtis ROW,43.6610652,43.6828866,43.679896,43.6605954,43.6104879,,43.6130114,43.6532929,43.6146316,43.5475988,43.6503693,43.617887,43.626294,43.6449789,43.6436012,43.638452,43.636504,43.6351477,43.6319851,43.6303104,43.626552,43.6248542,43.622819,43.6181311,43.6175837,43.616731,43.615077,43.616591,43.6144756,43.613066,43.6103798,43.610273,43.615726,43.6092033,43.614215,43.6151446,43.6144897,43.6052277,43.603333,43.6019085,43.604337,43.601044,43.5973645,43.5953347,43.6147002,43.5944027,43.5960863,43.5933122,43.590637,43.587635,43.5908829,43.5856801,43.5815,43.5883943,43.5783797,43.5774967,43.5772726,43.5880929,43.5734826,43.56389,43.5656557,43.6085474,43.6256985,43.61205,43.6338044,43.5600487,43.595756,43.6093837,43.468523,43.6899475,43.6574399,43.6554753,43.6019602,43.6521854,43.645009,43.6379565,43.6339837,43.6265791,43.6164788,43.6011568,43.5807801,43.563206,43.6147656,43.6187073,43.6112937,43.5824429,43.613342,43.6213324,43.573703,43.5751881,43.6116233,43.611803,43.5290362,43.6519645,43.615314,43.5732785,43.557425,43.6046661,43.610827,43.6153342,43.618824,43.613564,43.6236296,43.6265626,43.6329444,43.5898161,43.6384932,43.6483863,43.681303,43.5992087,43.568633,43.544704,43.626365,43.594577,43.5903778,43.632641,43.5931564,43.551804,43.585974,43.60454,43.620747,43.5947431,43.6688466,43.6555526,43.645532,43.5624883,43.6491983,43.6123158,43.5711014,43.6406514,43.6803871,43.6015064,43.599288,43.6157222,43.6018468,43.639151,43.5834967,43.647575,43.5707023,43.615799,43.552877,43.5689565,43.648724,43.633893,43.6183551,43.5926761,43.590282,43.586311,43.648962,43.6058354,43.5732588,43.5942341,43.6176437,43.635982,43.6129405,43.5734437,43.6194423,43.6023878,43.6122779,43.625927,43.620931,43.6173997,43.615751,43.6171003,43.5526915,43.6920387,-116.2135745,-116.2919211,-116.284887,-116.3456794,-116.2082807,-116.1799021,-116.2960007,-116.2145508,-116.1534075,-116.3544153,-116.2102005,-116.230735,-116.2466671,-116.2284526,-116.194785,-116.215855,-116.2234691,-116.3160828,-116.3243743,-116.268053,-116.1964928,-116.218515,-116.1940438,-116.2226005,-116.199126,-116.191985,-116.2201504,-116.2188586,-116.200583,-116.1898411,-116.208625,-116.2016517,-116.1729855,-116.203086,-116.2147125,-116.2123541,-116.1833698,-116.185561,-116.2149029,-116.321398,-116.337034,-116.2621912,-116.2387254,-116.1858868,-116.1633768,-116.2187273,-116.1777398,-116.184313,-116.198734,-116.2941272,-116.3312438,-116.248724,-116.1735301,-116.1571147,-116.2943564,-116.214027,-116.1910508,-116.2216564,-116.32195,-116.1540997,-116.2610448,-116.2078795,-116.171538,-116.202894,-116.1322349,-116.3140766,-116.2610432,-116.069723,-116.3020825,-116.2330146,-116.3063828,-116.1743447,-116.3007286,-116.305672,-116.27027,-116.2692501,-116.2830959,-116.3192311,-116.1680331,-116.1857617,-116.153317,-116.1786617,-116.2137274,-116.1943893,-116.1696052,-116.2841691,-116.2102647,-116.159217,-116.140329,-116.1827547,-116.207153,-116.1564325,-116.236936,-116.222081,-116.1406764,-116.125789,-116.2333794,-116.228565,-116.314295,-116.223728,-116.189305,-116.1780806,-116.2077292,-116.208244,-116.2443622,-116.2372639,-116.3219028,-116.2134882,-116.1425104,-116.274251,-116.284287,-116.2287023,-116.18477,-116.2741747,-116.180993,-116.205531,-116.132874,-116.172557,-116.2123044,-116.195633,-116.2285497,-116.2217642,-116.2633144,-116.238387,-116.3472997,-116.1629067,-116.3268437,-116.1704825,-116.1633,-116.2344009,-116.2684177,-116.2130446,-116.293971,-116.3050215,-116.245916,-116.2743595,-116.1573813,-116.203326,-116.1335834,-116.22412,-116.098622,-116.1210522,-116.222835,-116.326042,-116.2309316,-116.2504264,-116.2709188,-116.183356,-116.247889,-116.1931448,-116.193697,-116.213678,-116.2536306,-116.033712,-116.2297304,-116.192158,-116.3342868,-116.1884035,-116.2085864,-116.191698,-116.2142557,-116.1982766,-116.203924,-116.2036778,-116.0986275,-116.2376974
174,Boise,Idaho,151118,351,Boise ave row,Row,Open,ROW,Southeast,Corridor,ACHD,0.36417896,GIS,WÃƒâ€šÃ‚Â  Boise Ave,Not Classic,,0.003483149,1.6399999999999999e-07,WÃƒâ€šÃ‚Â  BOISE AVE,ROW,Boise Ave ROW,43.6610652,43.6828866,43.679896,43.6605954,43.6104879,,43.6130114,43.6532929,43.6146316,43.5475988,43.6503693,43.617887,43.626294,43.6449789,43.6436012,43.638452,43.636504,43.6351477,43.6319851,43.6303104,43.626552,43.6248542,43.622819,43.6181311,43.6175837,43.616731,43.615077,43.616591,43.6144756,43.613066,43.6103798,43.610273,43.615726,43.6092033,43.614215,43.6151446,43.6144897,43.6052277,43.603333,43.6019085,43.604337,43.601044,43.5973645,43.5953347,43.6147002,43.5944027,43.5960863,43.5933122,43.590637,43.587635,43.5908829,43.5856801,43.5815,43.5883943,43.5783797,43.5774967,43.5772726,43.5880929,43.5734826,43.56389,43.5656557,43.6085474,43.6256985,43.61205,43.6338044,43.5600487,43.595756,43.6093837,43.468523,43.6899475,43.6574399,43.6554753,43.6019602,43.6521854,43.645009,43.6379565,43.6339837,43.6265791,43.6164788,43.6011568,43.5807801,43.563206,43.6147656,43.6187073,43.6112937,43.5824429,43.613342,43.6213324,43.573703,43.5751881,43.6116233,43.611803,43.5290362,43.6519645,43.615314,43.5732785,43.557425,43.6046661,43.610827,43.6153342,43.618824,43.613564,43.6236296,43.6265626,43.6329444,43.5898161,43.6384932,43.6483863,43.681303,43.5992087,43.568633,43.544704,43.626365,43.594577,43.5903778,43.632641,43.5931564,43.551804,43.585974,43.60454,43.620747,43.5947431,43.6688466,43.6555526,43.645532,43.5624883,43.6491983,43.6123158,43.5711014,43.6406514,43.6803871,43.6015064,43.599288,43.6157222,43.6018468,43.639151,43.5834967,43.647575,43.5707023,43.615799,43.552877,43.5689565,43.648724,43.633893,43.6183551,43.5926761,43.590282,43.586311,43.648962,43.6058354,43.5732588,43.5942341,43.6176437,43.635982,43.6129405,43.5734437,43.6194423,43.6023878,43.6122779,43.625927,43.620931,43.6173997,43.615751,43.6171003,43.5526915,43.6920387,-116.2135745,-116.2919211,-116.284887,-116.3456794,-116.2082807,-116.1799021,-116.2960007,-116.2145508,-116.1534075,-116.3544153,-116.2102005,-116.230735,-116.2466671,-116.2284526,-116.194785,-116.215855,-116.2234691,-116.3160828,-116.3243743,-116.268053,-116.1964928,-116.218515,-116.1940438,-116.2226005,-116.199126,-116.191985,-116.2201504,-116.2188586,-116.200583,-116.1898411,-116.208625,-116.2016517,-116.1729855,-116.203086,-116.2147125,-116.2123541,-116.1833698,-116.185561,-116.2149029,-116.321398,-116.337034,-116.2621912,-116.2387254,-116.1858868,-116.1633768,-116.2187273,-116.1777398,-116.184313,-116.198734,-116.2941272,-116.3312438,-116.248724,-116.1735301,-116.1571147,-116.2943564,-116.214027,-116.1910508,-116.2216564,-116.32195,-116.1540997,-116.2610448,-116.2078795,-116.171538,-116.202894,-116.1322349,-116.3140766,-116.2610432,-116.069723,-116.3020825,-116.2330146,-116.3063828,-116.1743447,-116.3007286,-116.305672,-116.27027,-116.2692501,-116.2830959,-116.3192311,-116.1680331,-116.1857617,-116.153317,-116.1786617,-116.2137274,-116.1943893,-116.1696052,-116.2841691,-116.2102647,-116.159217,-116.140329,-116.1827547,-116.207153,-116.1564325,-116.236936,-116.222081,-116.1406764,-116.125789,-116.2333794,-116.228565,-116.314295,-116.223728,-116.189305,-116.1780806,-116.2077292,-116.208244,-116.2443622,-116.2372639,-116.3219028,-116.2134882,-116.1425104,-116.274251,-116.284287,-116.2287023,-116.18477,-116.2741747,-116.180993,-116.205531,-116.132874,-116.172557,-116.2123044,-116.195633,-116.2285497,-116.2217642,-116.2633144,-116.238387,-116.3472997,-116.1629067,-116.3268437,-116.1704825,-116.1633,-116.2344009,-116.2684177,-116.2130446,-116.293971,-116.3050215,-116.245916,-116.2743595,-116.1573813,-116.203326,-116.1335834,-116.22412,-116.098622,-116.1210522,-116.222835,-116.326042,-116.2309316,-116.2504264,-116.2709188,-116.183356,-116.247889,-116.1931448,-116.193697,-116.213678,-116.2536306,-116.033712,-116.2297304,-116.192158,-116.3342868,-116.1884035,-116.2085864,-116.191698,-116.2142557,-116.1982766,-116.203924,-116.2036778,-116.0986275,-116.2376974
175,Boise,Idaho,151119,347,Truman joiner memorial triangle,Row,Open,ROW,Central Bench,Passive Park,ACHD,0.21345974,GIS,1013 N Houston Rd,Not Classic,,0.001409498,9.630000000000001e-08,1013 N HOUSTON RD,ROW,Truman Joiner Memorial Triangle,43.6610652,43.6828866,43.679896,43.6605954,43.6104879,,43.6130114,43.6532929,43.6146316,43.5475988,43.6503693,43.617887,43.626294,43.6449789,43.6436012,43.638452,43.636504,43.6351477,43.6319851,43.6303104,43.626552,43.6248542,43.622819,43.6181311,43.6175837,43.616731,43.615077,43.616591,43.6144756,43.613066,43.6103798,43.610273,43.615726,43.6092033,43.614215,43.6151446,43.6144897,43.6052277,43.603333,43.6019085,43.604337,43.601044,43.5973645,43.5953347,43.6147002,43.5944027,43.5960863,43.5933122,43.590637,43.587635,43.5908829,43.5856801,43.5815,43.5883943,43.5783797,43.5774967,43.5772726,43.5880929,43.5734826,43.56389,43.5656557,43.6085474,43.6256985,43.61205,43.6338044,43.5600487,43.595756,43.6093837,43.468523,43.6899475,43.6574399,43.6554753,43.6019602,43.6521854,43.645009,43.6379565,43.6339837,43.6265791,43.6164788,43.6011568,43.5807801,43.563206,43.6147656,43.6187073,43.6112937,43.5824429,43.613342,43.6213324,43.573703,43.5751881,43.6116233,43.611803,43.5290362,43.6519645,43.615314,43.5732785,43.557425,43.6046661,43.610827,43.6153342,43.618824,43.613564,43.6236296,43.6265626,43.6329444,43.5898161,43.6384932,43.6483863,43.681303,43.5992087,43.568633,43.544704,43.626365,43.594577,43.5903778,43.632641,43.5931564,43.551804,43.585974,43.60454,43.620747,43.5947431,43.6688466,43.6555526,43.645532,43.5624883,43.6491983,43.6123158,43.5711014,43.6406514,43.6803871,43.6015064,43.599288,43.6157222,43.6018468,43.639151,43.5834967,43.647575,43.5707023,43.615799,43.552877,43.5689565,43.648724,43.633893,43.6183551,43.5926761,43.590282,43.586311,43.648962,43.6058354,43.5732588,43.5942341,43.6176437,43.635982,43.6129405,43.5734437,43.6194423,43.6023878,43.6122779,43.625927,43.620931,43.6173997,43.615751,43.6171003,43.5526915,43.6920387,-116.2135745,-116.2919211,-116.284887,-116.3456794,-116.2082807,-116.1799021,-116.2960007,-116.2145508,-116.1534075,-116.3544153,-116.2102005,-116.230735,-116.2466671,-116.2284526,-116.194785,-116.215855,-116.2234691,-116.3160828,-116.3243743,-116.268053,-116.1964928,-116.218515,-116.1940438,-116.2226005,-116.199126,-116.191985,-116.2201504,-116.2188586,-116.200583,-116.1898411,-116.208625,-116.2016517,-116.1729855,-116.203086,-116.2147125,-116.2123541,-116.1833698,-116.185561,-116.2149029,-116.321398,-116.337034,-116.2621912,-116.2387254,-116.1858868,-116.1633768,-116.2187273,-116.1777398,-116.184313,-116.198734,-116.2941272,-116.3312438,-116.248724,-116.1735301,-116.1571147,-116.2943564,-116.214027,-116.1910508,-116.2216564,-116.32195,-116.1540997,-116.2610448,-116.2078795,-116.171538,-116.202894,-116.1322349,-116.3140766,-116.2610432,-116.069723,-116.3020825,-116.2330146,-116.3063828,-116.1743447,-116.3007286,-116.305672,-116.27027,-116.2692501,-116.2830959,-116.3192311,-116.1680331,-116.1857617,-116.153317,-116.1786617,-116.2137274,-116.1943893,-116.1696052,-116.2841691,-116.2102647,-116.159217,-116.140329,-116.1827547,-116.207153,-116.1564325,-116.236936,-116.222081,-116.1406764,-116.125789,-116.2333794,-116.228565,-116.314295,-116.223728,-116.189305,-116.1780806,-116.2077292,-116.208244,-116.2443622,-116.2372639,-116.3219028,-116.2134882,-116.1425104,-116.274251,-116.284287,-116.2287023,-116.18477,-116.2741747,-116.180993,-116.205531,-116.132874,-116.172557,-116.2123044,-116.195633,-116.2285497,-116.2217642,-116.2633144,-116.238387,-116.3472997,-116.1629067,-116.3268437,-116.1704825,-116.1633,-116.2344009,-116.2684177,-116.2130446,-116.293971,-116.3050215,-116.245916,-116.2743595,-116.1573813,-116.203326,-116.1335834,-116.22412,-116.098622,-116.1210522,-116.222835,-116.326042,-116.2309316,-116.2504264,-116.2709188,-116.183356,-116.247889,-116.1931448,-116.193697,-116.213678,-116.2536306,-116.033712,-116.2297304,-116.192158,-116.3342868,-116.1884035,-116.2085864,-116.191698,-116.2142557,-116.1982766,-116.203924,-116.2036778,-116.0986275,-116.2376974
176,Boise,Idaho,151120,322,Federal way row,Row,Open,ROW,Central Bench,Corridor,ACHD,2.58585568,GIS,S Federal Way,Not Classic,,0.13481891599999998,1.17e-06,S FEDERAL WAY,ROW,Federal Way ROW,43.6610652,43.6828866,43.679896,43.6605954,43.6104879,,43.6130114,43.6532929,43.6146316,43.5475988,43.6503693,43.617887,43.626294,43.6449789,43.6436012,43.638452,43.636504,43.6351477,43.6319851,43.6303104,43.626552,43.6248542,43.622819,43.6181311,43.6175837,43.616731,43.615077,43.616591,43.6144756,43.613066,43.6103798,43.610273,43.615726,43.6092033,43.614215,43.6151446,43.6144897,43.6052277,43.603333,43.6019085,43.604337,43.601044,43.5973645,43.5953347,43.6147002,43.5944027,43.5960863,43.5933122,43.590637,43.587635,43.5908829,43.5856801,43.5815,43.5883943,43.5783797,43.5774967,43.5772726,43.5880929,43.5734826,43.56389,43.5656557,43.6085474,43.6256985,43.61205,43.6338044,43.5600487,43.595756,43.6093837,43.468523,43.6899475,43.6574399,43.6554753,43.6019602,43.6521854,43.645009,43.6379565,43.6339837,43.6265791,43.6164788,43.6011568,43.5807801,43.563206,43.6147656,43.6187073,43.6112937,43.5824429,43.613342,43.6213324,43.573703,43.5751881,43.6116233,43.611803,43.5290362,43.6519645,43.615314,43.5732785,43.557425,43.6046661,43.610827,43.6153342,43.618824,43.613564,43.6236296,43.6265626,43.6329444,43.5898161,43.6384932,43.6483863,43.681303,43.5992087,43.568633,43.544704,43.626365,43.594577,43.5903778,43.632641,43.5931564,43.551804,43.585974,43.60454,43.620747,43.5947431,43.6688466,43.6555526,43.645532,43.5624883,43.6491983,43.6123158,43.5711014,43.6406514,43.6803871,43.6015064,43.599288,43.6157222,43.6018468,43.639151,43.5834967,43.647575,43.5707023,43.615799,43.552877,43.5689565,43.648724,43.633893,43.6183551,43.5926761,43.590282,43.586311,43.648962,43.6058354,43.5732588,43.5942341,43.6176437,43.635982,43.6129405,43.5734437,43.6194423,43.6023878,43.6122779,43.625927,43.620931,43.6173997,43.615751,43.6171003,43.5526915,43.6920387,-116.2135745,-116.2919211,-116.284887,-116.3456794,-116.2082807,-116.1799021,-116.2960007,-116.2145508,-116.1534075,-116.3544153,-116.2102005,-116.230735,-116.2466671,-116.2284526,-116.194785,-116.215855,-116.2234691,-116.3160828,-116.3243743,-116.268053,-116.1964928,-116.218515,-116.1940438,-116.2226005,-116.199126,-116.191985,-116.2201504,-116.2188586,-116.200583,-116.1898411,-116.208625,-116.2016517,-116.1729855,-116.203086,-116.2147125,-116.2123541,-116.1833698,-116.185561,-116.2149029,-116.321398,-116.337034,-116.2621912,-116.2387254,-116.1858868,-116.1633768,-116.2187273,-116.1777398,-116.184313,-116.198734,-116.2941272,-116.3312438,-116.248724,-116.1735301,-116.1571147,-116.2943564,-116.214027,-116.1910508,-116.2216564,-116.32195,-116.1540997,-116.2610448,-116.2078795,-116.171538,-116.202894,-116.1322349,-116.3140766,-116.2610432,-116.069723,-116.3020825,-116.2330146,-116.3063828,-116.1743447,-116.3007286,-116.305672,-116.27027,-116.2692501,-116.2830959,-116.3192311,-116.1680331,-116.1857617,-116.153317,-116.1786617,-116.2137274,-116.1943893,-116.1696052,-116.2841691,-116.2102647,-116.159217,-116.140329,-116.1827547,-116.207153,-116.1564325,-116.236936,-116.222081,-116.1406764,-116.125789,-116.2333794,-116.228565,-116.314295,-116.223728,-116.189305,-116.1780806,-116.2077292,-116.208244,-116.2443622,-116.2372639,-116.3219028,-116.2134882,-116.1425104,-116.274251,-116.284287,-116.2287023,-116.18477,-116.2741747,-116.180993,-116.205531,-116.132874,-116.172557,-116.2123044,-116.195633,-116.2285497,-116.2217642,-116.2633144,-116.238387,-116.3472997,-116.1629067,-116.3268437,-116.1704825,-116.1633,-116.2344009,-116.2684177,-116.2130446,-116.293971,-116.3050215,-116.245916,-116.2743595,-116.1573813,-116.203326,-116.1335834,-116.22412,-116.098622,-116.1210522,-116.222835,-116.326042,-116.2309316,-116.2504264,-116.2709188,-116.183356,-116.247889,-116.1931448,-116.193697,-116.213678,-116.2536306,-116.033712,-116.2297304,-116.192158,-116.3342868,-116.1884035,-116.2085864,-116.191698,-116.2142557,-116.1982766,-116.203924,-116.2036778,-116.0986275,-116.2376974
177,Boise,Idaho,151121,320,Fairview ave row,Row,Open,ROW,North River,Corridor,ACHD,0.64210145,GIS,2712 W Fairview Ave,Not Classic,,0.014238064,2.9e-07,2712 W FAIRVIEW AVE,ROW,Fairview Ave ROW,43.6610652,43.6828866,43.679896,43.6605954,43.6104879,,43.6130114,43.6532929,43.6146316,43.5475988,43.6503693,43.617887,43.626294,43.6449789,43.6436012,43.638452,43.636504,43.6351477,43.6319851,43.6303104,43.626552,43.6248542,43.622819,43.6181311,43.6175837,43.616731,43.615077,43.616591,43.6144756,43.613066,43.6103798,43.610273,43.615726,43.6092033,43.614215,43.6151446,43.6144897,43.6052277,43.603333,43.6019085,43.604337,43.601044,43.5973645,43.5953347,43.6147002,43.5944027,43.5960863,43.5933122,43.590637,43.587635,43.5908829,43.5856801,43.5815,43.5883943,43.5783797,43.5774967,43.5772726,43.5880929,43.5734826,43.56389,43.5656557,43.6085474,43.6256985,43.61205,43.6338044,43.5600487,43.595756,43.6093837,43.468523,43.6899475,43.6574399,43.6554753,43.6019602,43.6521854,43.645009,43.6379565,43.6339837,43.6265791,43.6164788,43.6011568,43.5807801,43.563206,43.6147656,43.6187073,43.6112937,43.5824429,43.613342,43.6213324,43.573703,43.5751881,43.6116233,43.611803,43.5290362,43.6519645,43.615314,43.5732785,43.557425,43.6046661,43.610827,43.6153342,43.618824,43.613564,43.6236296,43.6265626,43.6329444,43.5898161,43.6384932,43.6483863,43.681303,43.5992087,43.568633,43.544704,43.626365,43.594577,43.5903778,43.632641,43.5931564,43.551804,43.585974,43.60454,43.620747,43.5947431,43.6688466,43.6555526,43.645532,43.5624883,43.6491983,43.6123158,43.5711014,43.6406514,43.6803871,43.6015064,43.599288,43.6157222,43.6018468,43.639151,43.5834967,43.647575,43.5707023,43.615799,43.552877,43.5689565,43.648724,43.633893,43.6183551,43.5926761,43.590282,43.586311,43.648962,43.6058354,43.5732588,43.5942341,43.6176437,43.635982,43.6129405,43.5734437,43.6194423,43.6023878,43.6122779,43.625927,43.620931,43.6173997,43.615751,43.6171003,43.5526915,43.6920387,-116.2135745,-116.2919211,-116.284887,-116.3456794,-116.2082807,-116.1799021,-116.2960007,-116.2145508,-116.1534075,-116.3544153,-116.2102005,-116.230735,-116.2466671,-116.2284526,-116.194785,-116.215855,-116.2234691,-116.3160828,-116.3243743,-116.268053,-116.1964928,-116.218515,-116.1940438,-116.2226005,-116.199126,-116.191985,-116.2201504,-116.2188586,-116.200583,-116.1898411,-116.208625,-116.2016517,-116.1729855,-116.203086,-116.2147125,-116.2123541,-116.1833698,-116.185561,-116.2149029,-116.321398,-116.337034,-116.2621912,-116.2387254,-116.1858868,-116.1633768,-116.2187273,-116.1777398,-116.184313,-116.198734,-116.2941272,-116.3312438,-116.248724,-116.1735301,-116.1571147,-116.2943564,-116.214027,-116.1910508,-116.2216564,-116.32195,-116.1540997,-116.2610448,-116.2078795,-116.171538,-116.202894,-116.1322349,-116.3140766,-116.2610432,-116.069723,-116.3020825,-116.2330146,-116.3063828,-116.1743447,-116.3007286,-116.305672,-116.27027,-116.2692501,-116.2830959,-116.3192311,-116.1680331,-116.1857617,-116.153317,-116.1786617,-116.2137274,-116.1943893,-116.1696052,-116.2841691,-116.2102647,-116.159217,-116.140329,-116.1827547,-116.207153,-116.1564325,-116.236936,-116.222081,-116.1406764,-116.125789,-116.2333794,-116.228565,-116.314295,-116.223728,-116.189305,-116.1780806,-116.2077292,-116.208244,-116.2443622,-116.2372639,-116.3219028,-116.2134882,-116.1425104,-116.274251,-116.284287,-116.2287023,-116.18477,-116.2741747,-116.180993,-116.205531,-116.132874,-116.172557,-116.2123044,-116.195633,-116.2285497,-116.2217642,-116.2633144,-116.238387,-116.3472997,-116.1629067,-116.3268437,-116.1704825,-116.1633,-116.2344009,-116.2684177,-116.2130446,-116.293971,-116.3050215,-116.245916,-116.2743595,-116.1573813,-116.203326,-116.1335834,-116.22412,-116.098622,-116.1210522,-116.222835,-116.326042,-116.2309316,-116.2504264,-116.2709188,-116.183356,-116.247889,-116.1931448,-116.193697,-116.213678,-116.2536306,-116.033712,-116.2297304,-116.192158,-116.3342868,-116.1884035,-116.2085864,-116.191698,-116.2142557,-116.1982766,-116.203924,-116.2036778,-116.0986275,-116.2376974
178,Boise,Idaho,151122,336,Parkcenter blvd row,Row,Open,ROW,Southeast,Corridor,ACHD,2.03536552,GIS,W Parkcenter Blvd,Not Classic,,0.037900456,9.179999999999999e-07,W PARKCENTER BLVD,ROW,Parkcenter Blvd ROW,43.6610652,43.6828866,43.679896,43.6605954,43.6104879,,43.6130114,43.6532929,43.6146316,43.5475988,43.6503693,43.617887,43.626294,43.6449789,43.6436012,43.638452,43.636504,43.6351477,43.6319851,43.6303104,43.626552,43.6248542,43.622819,43.6181311,43.6175837,43.616731,43.615077,43.616591,43.6144756,43.613066,43.6103798,43.610273,43.615726,43.6092033,43.614215,43.6151446,43.6144897,43.6052277,43.603333,43.6019085,43.604337,43.601044,43.5973645,43.5953347,43.6147002,43.5944027,43.5960863,43.5933122,43.590637,43.587635,43.5908829,43.5856801,43.5815,43.5883943,43.5783797,43.5774967,43.5772726,43.5880929,43.5734826,43.56389,43.5656557,43.6085474,43.6256985,43.61205,43.6338044,43.5600487,43.595756,43.6093837,43.468523,43.6899475,43.6574399,43.6554753,43.6019602,43.6521854,43.645009,43.6379565,43.6339837,43.6265791,43.6164788,43.6011568,43.5807801,43.563206,43.6147656,43.6187073,43.6112937,43.5824429,43.613342,43.6213324,43.573703,43.5751881,43.6116233,43.611803,43.5290362,43.6519645,43.615314,43.5732785,43.557425,43.6046661,43.610827,43.6153342,43.618824,43.613564,43.6236296,43.6265626,43.6329444,43.5898161,43.6384932,43.6483863,43.681303,43.5992087,43.568633,43.544704,43.626365,43.594577,43.5903778,43.632641,43.5931564,43.551804,43.585974,43.60454,43.620747,43.5947431,43.6688466,43.6555526,43.645532,43.5624883,43.6491983,43.6123158,43.5711014,43.6406514,43.6803871,43.6015064,43.599288,43.6157222,43.6018468,43.639151,43.5834967,43.647575,43.5707023,43.615799,43.552877,43.5689565,43.648724,43.633893,43.6183551,43.5926761,43.590282,43.586311,43.648962,43.6058354,43.5732588,43.5942341,43.6176437,43.635982,43.6129405,43.5734437,43.6194423,43.6023878,43.6122779,43.625927,43.620931,43.6173997,43.615751,43.6171003,43.5526915,43.6920387,-116.2135745,-116.2919211,-116.284887,-116.3456794,-116.2082807,-116.1799021,-116.2960007,-116.2145508,-116.1534075,-116.3544153,-116.2102005,-116.230735,-116.2466671,-116.2284526,-116.194785,-116.215855,-116.2234691,-116.3160828,-116.3243743,-116.268053,-116.1964928,-116.218515,-116.1940438,-116.2226005,-116.199126,-116.191985,-116.2201504,-116.2188586,-116.200583,-116.1898411,-116.208625,-116.2016517,-116.1729855,-116.203086,-116.2147125,-116.2123541,-116.1833698,-116.185561,-116.2149029,-116.321398,-116.337034,-116.2621912,-116.2387254,-116.1858868,-116.1633768,-116.2187273,-116.1777398,-116.184313,-116.198734,-116.2941272,-116.3312438,-116.248724,-116.1735301,-116.1571147,-116.2943564,-116.214027,-116.1910508,-116.2216564,-116.32195,-116.1540997,-116.2610448,-116.2078795,-116.171538,-116.202894,-116.1322349,-116.3140766,-116.2610432,-116.069723,-116.3020825,-116.2330146,-116.3063828,-116.1743447,-116.3007286,-116.305672,-116.27027,-116.2692501,-116.2830959,-116.3192311,-116.1680331,-116.1857617,-116.153317,-116.1786617,-116.2137274,-116.1943893,-116.1696052,-116.2841691,-116.2102647,-116.159217,-116.140329,-116.1827547,-116.207153,-116.1564325,-116.236936,-116.222081,-116.1406764,-116.125789,-116.2333794,-116.228565,-116.314295,-116.223728,-116.189305,-116.1780806,-116.2077292,-116.208244,-116.2443622,-116.2372639,-116.3219028,-116.2134882,-116.1425104,-116.274251,-116.284287,-116.2287023,-116.18477,-116.2741747,-116.180993,-116.205531,-116.132874,-116.172557,-116.2123044,-116.195633,-116.2285497,-116.2217642,-116.2633144,-116.238387,-116.3472997,-116.1629067,-116.3268437,-116.1704825,-116.1633,-116.2344009,-116.2684177,-116.2130446,-116.293971,-116.3050215,-116.245916,-116.2743595,-116.1573813,-116.203326,-116.1335834,-116.22412,-116.098622,-116.1210522,-116.222835,-116.326042,-116.2309316,-116.2504264,-116.2709188,-116.183356,-116.247889,-116.1931448,-116.193697,-116.213678,-116.2536306,-116.033712,-116.2297304,-116.192158,-116.3342868,-116.1884035,-116.2085864,-116.191698,-116.2142557,-116.1982766,-116.203924,-116.2036778,-116.0986275,-116.2376974
179,Boise,Idaho,151123,303,9th street row,Row,Open,ROW,North River,Corridor,ACHD,0.08380257,GIS,625 S 9th St,Not Classic,,0.0014255939999999999,3.79e-08,625 S 9TH ST,ROW,9th Street ROW,43.6610652,43.6828866,43.679896,43.6605954,43.6104879,,43.6130114,43.6532929,43.6146316,43.5475988,43.6503693,43.617887,43.626294,43.6449789,43.6436012,43.638452,43.636504,43.6351477,43.6319851,43.6303104,43.626552,43.6248542,43.622819,43.6181311,43.6175837,43.616731,43.615077,43.616591,43.6144756,43.613066,43.6103798,43.610273,43.615726,43.6092033,43.614215,43.6151446,43.6144897,43.6052277,43.603333,43.6019085,43.604337,43.601044,43.5973645,43.5953347,43.6147002,43.5944027,43.5960863,43.5933122,43.590637,43.587635,43.5908829,43.5856801,43.5815,43.5883943,43.5783797,43.5774967,43.5772726,43.5880929,43.5734826,43.56389,43.5656557,43.6085474,43.6256985,43.61205,43.6338044,43.5600487,43.595756,43.6093837,43.468523,43.6899475,43.6574399,43.6554753,43.6019602,43.6521854,43.645009,43.6379565,43.6339837,43.6265791,43.6164788,43.6011568,43.5807801,43.563206,43.6147656,43.6187073,43.6112937,43.5824429,43.613342,43.6213324,43.573703,43.5751881,43.6116233,43.611803,43.5290362,43.6519645,43.615314,43.5732785,43.557425,43.6046661,43.610827,43.6153342,43.618824,43.613564,43.6236296,43.6265626,43.6329444,43.5898161,43.6384932,43.6483863,43.681303,43.5992087,43.568633,43.544704,43.626365,43.594577,43.5903778,43.632641,43.5931564,43.551804,43.585974,43.60454,43.620747,43.5947431,43.6688466,43.6555526,43.645532,43.5624883,43.6491983,43.6123158,43.5711014,43.6406514,43.6803871,43.6015064,43.599288,43.6157222,43.6018468,43.639151,43.5834967,43.647575,43.5707023,43.615799,43.552877,43.5689565,43.648724,43.633893,43.6183551,43.5926761,43.590282,43.586311,43.648962,43.6058354,43.5732588,43.5942341,43.6176437,43.635982,43.6129405,43.5734437,43.6194423,43.6023878,43.6122779,43.625927,43.620931,43.6173997,43.615751,43.6171003,43.5526915,43.6920387,-116.2135745,-116.2919211,-116.284887,-116.3456794,-116.2082807,-116.1799021,-116.2960007,-116.2145508,-116.1534075,-116.3544153,-116.2102005,-116.230735,-116.2466671,-116.2284526,-116.194785,-116.215855,-116.2234691,-116.3160828,-116.3243743,-116.268053,-116.1964928,-116.218515,-116.1940438,-116.2226005,-116.199126,-116.191985,-116.2201504,-116.2188586,-116.200583,-116.1898411,-116.208625,-116.2016517,-116.1729855,-116.203086,-116.2147125,-116.2123541,-116.1833698,-116.185561,-116.2149029,-116.321398,-116.337034,-116.2621912,-116.2387254,-116.1858868,-116.1633768,-116.2187273,-116.1777398,-116.184313,-116.198734,-116.2941272,-116.3312438,-116.248724,-116.1735301,-116.1571147,-116.2943564,-116.214027,-116.1910508,-116.2216564,-116.32195,-116.1540997,-116.2610448,-116.2078795,-116.171538,-116.202894,-116.1322349,-116.3140766,-116.2610432,-116.069723,-116.3020825,-116.2330146,-116.3063828,-116.1743447,-116.3007286,-116.305672,-116.27027,-116.2692501,-116.2830959,-116.3192311,-116.1680331,-116.1857617,-116.153317,-116.1786617,-116.2137274,-116.1943893,-116.1696052,-116.2841691,-116.2102647,-116.159217,-116.140329,-116.1827547,-116.207153,-116.1564325,-116.236936,-116.222081,-116.1406764,-116.125789,-116.2333794,-116.228565,-116.314295,-116.223728,-116.189305,-116.1780806,-116.2077292,-116.208244,-116.2443622,-116.2372639,-116.3219028,-116.2134882,-116.1425104,-116.274251,-116.284287,-116.2287023,-116.18477,-116.2741747,-116.180993,-116.205531,-116.132874,-116.172557,-116.2123044,-116.195633,-116.2285497,-116.2217642,-116.2633144,-116.238387,-116.3472997,-116.1629067,-116.3268437,-116.1704825,-116.1633,-116.2344009,-116.2684177,-116.2130446,-116.293971,-116.3050215,-116.245916,-116.2743595,-116.1573813,-116.203326,-116.1335834,-116.22412,-116.098622,-116.1210522,-116.222835,-116.326042,-116.2309316,-116.2504264,-116.2709188,-116.183356,-116.247889,-116.1931448,-116.193697,-116.213678,-116.2536306,-116.033712,-116.2297304,-116.192158,-116.3342868,-116.1884035,-116.2085864,-116.191698,-116.2142557,-116.1982766,-116.203924,-116.2036778,-116.0986275,-116.2376974
180,Boise,Idaho,151124,360,15th street row (15th & state),Row,Open,Developed,,,ACHD,0.04228665,GIS,,No,,0.001509145,1.91e-08,,ROW,15th Street ROW (15th & State),43.6610652,43.6828866,43.679896,43.6605954,43.6104879,,43.6130114,43.6532929,43.6146316,43.5475988,43.6503693,43.617887,43.626294,43.6449789,43.6436012,43.638452,43.636504,43.6351477,43.6319851,43.6303104,43.626552,43.6248542,43.622819,43.6181311,43.6175837,43.616731,43.615077,43.616591,43.6144756,43.613066,43.6103798,43.610273,43.615726,43.6092033,43.614215,43.6151446,43.6144897,43.6052277,43.603333,43.6019085,43.604337,43.601044,43.5973645,43.5953347,43.6147002,43.5944027,43.5960863,43.5933122,43.590637,43.587635,43.5908829,43.5856801,43.5815,43.5883943,43.5783797,43.5774967,43.5772726,43.5880929,43.5734826,43.56389,43.5656557,43.6085474,43.6256985,43.61205,43.6338044,43.5600487,43.595756,43.6093837,43.468523,43.6899475,43.6574399,43.6554753,43.6019602,43.6521854,43.645009,43.6379565,43.6339837,43.6265791,43.6164788,43.6011568,43.5807801,43.563206,43.6147656,43.6187073,43.6112937,43.5824429,43.613342,43.6213324,43.573703,43.5751881,43.6116233,43.611803,43.5290362,43.6519645,43.615314,43.5732785,43.557425,43.6046661,43.610827,43.6153342,43.618824,43.613564,43.6236296,43.6265626,43.6329444,43.5898161,43.6384932,43.6483863,43.681303,43.5992087,43.568633,43.544704,43.626365,43.594577,43.5903778,43.632641,43.5931564,43.551804,43.585974,43.60454,43.620747,43.5947431,43.6688466,43.6555526,43.645532,43.5624883,43.6491983,43.6123158,43.5711014,43.6406514,43.6803871,43.6015064,43.599288,43.6157222,43.6018468,43.639151,43.5834967,43.647575,43.5707023,43.615799,43.552877,43.5689565,43.648724,43.633893,43.6183551,43.5926761,43.590282,43.586311,43.648962,43.6058354,43.5732588,43.5942341,43.6176437,43.635982,43.6129405,43.5734437,43.6194423,43.6023878,43.6122779,43.625927,43.620931,43.6173997,43.615751,43.6171003,43.5526915,43.6920387,-116.2135745,-116.2919211,-116.284887,-116.3456794,-116.2082807,-116.1799021,-116.2960007,-116.2145508,-116.1534075,-116.3544153,-116.2102005,-116.230735,-116.2466671,-116.2284526,-116.194785,-116.215855,-116.2234691,-116.3160828,-116.3243743,-116.268053,-116.1964928,-116.218515,-116.1940438,-116.2226005,-116.199126,-116.191985,-116.2201504,-116.2188586,-116.200583,-116.1898411,-116.208625,-116.2016517,-116.1729855,-116.203086,-116.2147125,-116.2123541,-116.1833698,-116.185561,-116.2149029,-116.321398,-116.337034,-116.2621912,-116.2387254,-116.1858868,-116.1633768,-116.2187273,-116.1777398,-116.184313,-116.198734,-116.2941272,-116.3312438,-116.248724,-116.1735301,-116.1571147,-116.2943564,-116.214027,-116.1910508,-116.2216564,-116.32195,-116.1540997,-116.2610448,-116.2078795,-116.171538,-116.202894,-116.1322349,-116.3140766,-116.2610432,-116.069723,-116.3020825,-116.2330146,-116.3063828,-116.1743447,-116.3007286,-116.305672,-116.27027,-116.2692501,-116.2830959,-116.3192311,-116.1680331,-116.1857617,-116.153317,-116.1786617,-116.2137274,-116.1943893,-116.1696052,-116.2841691,-116.2102647,-116.159217,-116.140329,-116.1827547,-116.207153,-116.1564325,-116.236936,-116.222081,-116.1406764,-116.125789,-116.2333794,-116.228565,-116.314295,-116.223728,-116.189305,-116.1780806,-116.2077292,-116.208244,-116.2443622,-116.2372639,-116.3219028,-116.2134882,-116.1425104,-116.274251,-116.284287,-116.2287023,-116.18477,-116.2741747,-116.180993,-116.205531,-116.132874,-116.172557,-116.2123044,-116.195633,-116.2285497,-116.2217642,-116.2633144,-116.238387,-116.3472997,-116.1629067,-116.3268437,-116.1704825,-116.1633,-116.2344009,-116.2684177,-116.2130446,-116.293971,-116.3050215,-116.245916,-116.2743595,-116.1573813,-116.203326,-116.1335834,-116.22412,-116.098622,-116.1210522,-116.222835,-116.326042,-116.2309316,-116.2504264,-116.2709188,-116.183356,-116.247889,-116.1931448,-116.193697,-116.213678,-116.2536306,-116.033712,-116.2297304,-116.192158,-116.3342868,-116.1884035,-116.2085864,-116.191698,-116.2142557,-116.1982766,-116.203924,-116.2036778,-116.0986275,-116.2376974
181,Boise,Idaho,151127,361,Broadway interchange row,Row,Open,Developed,,,ACHD,1.14458402,GIS,,No,,0.007848606,5.16e-07,,ROW,Broadway Interchange ROW,43.6610652,43.6828866,43.679896,43.6605954,43.6104879,,43.6130114,43.6532929,43.6146316,43.5475988,43.6503693,43.617887,43.626294,43.6449789,43.6436012,43.638452,43.636504,43.6351477,43.6319851,43.6303104,43.626552,43.6248542,43.622819,43.6181311,43.6175837,43.616731,43.615077,43.616591,43.6144756,43.613066,43.6103798,43.610273,43.615726,43.6092033,43.614215,43.6151446,43.6144897,43.6052277,43.603333,43.6019085,43.604337,43.601044,43.5973645,43.5953347,43.6147002,43.5944027,43.5960863,43.5933122,43.590637,43.587635,43.5908829,43.5856801,43.5815,43.5883943,43.5783797,43.5774967,43.5772726,43.5880929,43.5734826,43.56389,43.5656557,43.6085474,43.6256985,43.61205,43.6338044,43.5600487,43.595756,43.6093837,43.468523,43.6899475,43.6574399,43.6554753,43.6019602,43.6521854,43.645009,43.6379565,43.6339837,43.6265791,43.6164788,43.6011568,43.5807801,43.563206,43.6147656,43.6187073,43.6112937,43.5824429,43.613342,43.6213324,43.573703,43.5751881,43.6116233,43.611803,43.5290362,43.6519645,43.615314,43.5732785,43.557425,43.6046661,43.610827,43.6153342,43.618824,43.613564,43.6236296,43.6265626,43.6329444,43.5898161,43.6384932,43.6483863,43.681303,43.5992087,43.568633,43.544704,43.626365,43.594577,43.5903778,43.632641,43.5931564,43.551804,43.585974,43.60454,43.620747,43.5947431,43.6688466,43.6555526,43.645532,43.5624883,43.6491983,43.6123158,43.5711014,43.6406514,43.6803871,43.6015064,43.599288,43.6157222,43.6018468,43.639151,43.5834967,43.647575,43.5707023,43.615799,43.552877,43.5689565,43.648724,43.633893,43.6183551,43.5926761,43.590282,43.586311,43.648962,43.6058354,43.5732588,43.5942341,43.6176437,43.635982,43.6129405,43.5734437,43.6194423,43.6023878,43.6122779,43.625927,43.620931,43.6173997,43.615751,43.6171003,43.5526915,43.6920387,-116.2135745,-116.2919211,-116.284887,-116.3456794,-116.2082807,-116.1799021,-116.2960007,-116.2145508,-116.1534075,-116.3544153,-116.2102005,-116.230735,-116.2466671,-116.2284526,-116.194785,-116.215855,-116.2234691,-116.3160828,-116.3243743,-116.268053,-116.1964928,-116.218515,-116.1940438,-116.2226005,-116.199126,-116.191985,-116.2201504,-116.2188586,-116.200583,-116.1898411,-116.208625,-116.2016517,-116.1729855,-116.203086,-116.2147125,-116.2123541,-116.1833698,-116.185561,-116.2149029,-116.321398,-116.337034,-116.2621912,-116.2387254,-116.1858868,-116.1633768,-116.2187273,-116.1777398,-116.184313,-116.198734,-116.2941272,-116.3312438,-116.248724,-116.1735301,-116.1571147,-116.2943564,-116.214027,-116.1910508,-116.2216564,-116.32195,-116.1540997,-116.2610448,-116.2078795,-116.171538,-116.202894,-116.1322349,-116.3140766,-116.2610432,-116.069723,-116.3020825,-116.2330146,-116.3063828,-116.1743447,-116.3007286,-116.305672,-116.27027,-116.2692501,-116.2830959,-116.3192311,-116.1680331,-116.1857617,-116.153317,-116.1786617,-116.2137274,-116.1943893,-116.1696052,-116.2841691,-116.2102647,-116.159217,-116.140329,-116.1827547,-116.207153,-116.1564325,-116.236936,-116.222081,-116.1406764,-116.125789,-116.2333794,-116.228565,-116.314295,-116.223728,-116.189305,-116.1780806,-116.2077292,-116.208244,-116.2443622,-116.2372639,-116.3219028,-116.2134882,-116.1425104,-116.274251,-116.284287,-116.2287023,-116.18477,-116.2741747,-116.180993,-116.205531,-116.132874,-116.172557,-116.2123044,-116.195633,-116.2285497,-116.2217642,-116.2633144,-116.238387,-116.3472997,-116.1629067,-116.3268437,-116.1704825,-116.1633,-116.2344009,-116.2684177,-116.2130446,-116.293971,-116.3050215,-116.245916,-116.2743595,-116.1573813,-116.203326,-116.1335834,-116.22412,-116.098622,-116.1210522,-116.222835,-116.326042,-116.2309316,-116.2504264,-116.2709188,-116.183356,-116.247889,-116.1931448,-116.193697,-116.213678,-116.2536306,-116.033712,-116.2297304,-116.192158,-116.3342868,-116.1884035,-116.2085864,-116.191698,-116.2142557,-116.1982766,-116.203924,-116.2036778,-116.0986275,-116.2376974
182,Boise,Idaho,151131,362,Vista interchange row,Row,Open,Developed,,,ACHD,0.7460664,GIS,,No,,0.0059208740000000004,3.36e-07,,ROW,Vista Interchange ROW,43.6610652,43.6828866,43.679896,43.6605954,43.6104879,,43.6130114,43.6532929,43.6146316,43.5475988,43.6503693,43.617887,43.626294,43.6449789,43.6436012,43.638452,43.636504,43.6351477,43.6319851,43.6303104,43.626552,43.6248542,43.622819,43.6181311,43.6175837,43.616731,43.615077,43.616591,43.6144756,43.613066,43.6103798,43.610273,43.615726,43.6092033,43.614215,43.6151446,43.6144897,43.6052277,43.603333,43.6019085,43.604337,43.601044,43.5973645,43.5953347,43.6147002,43.5944027,43.5960863,43.5933122,43.590637,43.587635,43.5908829,43.5856801,43.5815,43.5883943,43.5783797,43.5774967,43.5772726,43.5880929,43.5734826,43.56389,43.5656557,43.6085474,43.6256985,43.61205,43.6338044,43.5600487,43.595756,43.6093837,43.468523,43.6899475,43.6574399,43.6554753,43.6019602,43.6521854,43.645009,43.6379565,43.6339837,43.6265791,43.6164788,43.6011568,43.5807801,43.563206,43.6147656,43.6187073,43.6112937,43.5824429,43.613342,43.6213324,43.573703,43.5751881,43.6116233,43.611803,43.5290362,43.6519645,43.615314,43.5732785,43.557425,43.6046661,43.610827,43.6153342,43.618824,43.613564,43.6236296,43.6265626,43.6329444,43.5898161,43.6384932,43.6483863,43.681303,43.5992087,43.568633,43.544704,43.626365,43.594577,43.5903778,43.632641,43.5931564,43.551804,43.585974,43.60454,43.620747,43.5947431,43.6688466,43.6555526,43.645532,43.5624883,43.6491983,43.6123158,43.5711014,43.6406514,43.6803871,43.6015064,43.599288,43.6157222,43.6018468,43.639151,43.5834967,43.647575,43.5707023,43.615799,43.552877,43.5689565,43.648724,43.633893,43.6183551,43.5926761,43.590282,43.586311,43.648962,43.6058354,43.5732588,43.5942341,43.6176437,43.635982,43.6129405,43.5734437,43.6194423,43.6023878,43.6122779,43.625927,43.620931,43.6173997,43.615751,43.6171003,43.5526915,43.6920387,-116.2135745,-116.2919211,-116.284887,-116.3456794,-116.2082807,-116.1799021,-116.2960007,-116.2145508,-116.1534075,-116.3544153,-116.2102005,-116.230735,-116.2466671,-116.2284526,-116.194785,-116.215855,-116.2234691,-116.3160828,-116.3243743,-116.268053,-116.1964928,-116.218515,-116.1940438,-116.2226005,-116.199126,-116.191985,-116.2201504,-116.2188586,-116.200583,-116.1898411,-116.208625,-116.2016517,-116.1729855,-116.203086,-116.2147125,-116.2123541,-116.1833698,-116.185561,-116.2149029,-116.321398,-116.337034,-116.2621912,-116.2387254,-116.1858868,-116.1633768,-116.2187273,-116.1777398,-116.184313,-116.198734,-116.2941272,-116.3312438,-116.248724,-116.1735301,-116.1571147,-116.2943564,-116.214027,-116.1910508,-116.2216564,-116.32195,-116.1540997,-116.2610448,-116.2078795,-116.171538,-116.202894,-116.1322349,-116.3140766,-116.2610432,-116.069723,-116.3020825,-116.2330146,-116.3063828,-116.1743447,-116.3007286,-116.305672,-116.27027,-116.2692501,-116.2830959,-116.3192311,-116.1680331,-116.1857617,-116.153317,-116.1786617,-116.2137274,-116.1943893,-116.1696052,-116.2841691,-116.2102647,-116.159217,-116.140329,-116.1827547,-116.207153,-116.1564325,-116.236936,-116.222081,-116.1406764,-116.125789,-116.2333794,-116.228565,-116.314295,-116.223728,-116.189305,-116.1780806,-116.2077292,-116.208244,-116.2443622,-116.2372639,-116.3219028,-116.2134882,-116.1425104,-116.274251,-116.284287,-116.2287023,-116.18477,-116.2741747,-116.180993,-116.205531,-116.132874,-116.172557,-116.2123044,-116.195633,-116.2285497,-116.2217642,-116.2633144,-116.238387,-116.3472997,-116.1629067,-116.3268437,-116.1704825,-116.1633,-116.2344009,-116.2684177,-116.2130446,-116.293971,-116.3050215,-116.245916,-116.2743595,-116.1573813,-116.203326,-116.1335834,-116.22412,-116.098622,-116.1210522,-116.222835,-116.326042,-116.2309316,-116.2504264,-116.2709188,-116.183356,-116.247889,-116.1931448,-116.193697,-116.213678,-116.2536306,-116.033712,-116.2297304,-116.192158,-116.3342868,-116.1884035,-116.2085864,-116.191698,-116.2142557,-116.1982766,-116.203924,-116.2036778,-116.0986275,-116.2376974
183,Boise,Idaho,151135,358,Broadway ave and warm springs ave row,Row,Open,Developed,,,ACHD,0.01217835,GIS,,No,,0.00032020299999999997,5.489999999999999e-09,,ROW,Broadway Ave and Warm Springs Ave ROW,43.6610652,43.6828866,43.679896,43.6605954,43.6104879,,43.6130114,43.6532929,43.6146316,43.5475988,43.6503693,43.617887,43.626294,43.6449789,43.6436012,43.638452,43.636504,43.6351477,43.6319851,43.6303104,43.626552,43.6248542,43.622819,43.6181311,43.6175837,43.616731,43.615077,43.616591,43.6144756,43.613066,43.6103798,43.610273,43.615726,43.6092033,43.614215,43.6151446,43.6144897,43.6052277,43.603333,43.6019085,43.604337,43.601044,43.5973645,43.5953347,43.6147002,43.5944027,43.5960863,43.5933122,43.590637,43.587635,43.5908829,43.5856801,43.5815,43.5883943,43.5783797,43.5774967,43.5772726,43.5880929,43.5734826,43.56389,43.5656557,43.6085474,43.6256985,43.61205,43.6338044,43.5600487,43.595756,43.6093837,43.468523,43.6899475,43.6574399,43.6554753,43.6019602,43.6521854,43.645009,43.6379565,43.6339837,43.6265791,43.6164788,43.6011568,43.5807801,43.563206,43.6147656,43.6187073,43.6112937,43.5824429,43.613342,43.6213324,43.573703,43.5751881,43.6116233,43.611803,43.5290362,43.6519645,43.615314,43.5732785,43.557425,43.6046661,43.610827,43.6153342,43.618824,43.613564,43.6236296,43.6265626,43.6329444,43.5898161,43.6384932,43.6483863,43.681303,43.5992087,43.568633,43.544704,43.626365,43.594577,43.5903778,43.632641,43.5931564,43.551804,43.585974,43.60454,43.620747,43.5947431,43.6688466,43.6555526,43.645532,43.5624883,43.6491983,43.6123158,43.5711014,43.6406514,43.6803871,43.6015064,43.599288,43.6157222,43.6018468,43.639151,43.5834967,43.647575,43.5707023,43.615799,43.552877,43.5689565,43.648724,43.633893,43.6183551,43.5926761,43.590282,43.586311,43.648962,43.6058354,43.5732588,43.5942341,43.6176437,43.635982,43.6129405,43.5734437,43.6194423,43.6023878,43.6122779,43.625927,43.620931,43.6173997,43.615751,43.6171003,43.5526915,43.6920387,-116.2135745,-116.2919211,-116.284887,-116.3456794,-116.2082807,-116.1799021,-116.2960007,-116.2145508,-116.1534075,-116.3544153,-116.2102005,-116.230735,-116.2466671,-116.2284526,-116.194785,-116.215855,-116.2234691,-116.3160828,-116.3243743,-116.268053,-116.1964928,-116.218515,-116.1940438,-116.2226005,-116.199126,-116.191985,-116.2201504,-116.2188586,-116.200583,-116.1898411,-116.208625,-116.2016517,-116.1729855,-116.203086,-116.2147125,-116.2123541,-116.1833698,-116.185561,-116.2149029,-116.321398,-116.337034,-116.2621912,-116.2387254,-116.1858868,-116.1633768,-116.2187273,-116.1777398,-116.184313,-116.198734,-116.2941272,-116.3312438,-116.248724,-116.1735301,-116.1571147,-116.2943564,-116.214027,-116.1910508,-116.2216564,-116.32195,-116.1540997,-116.2610448,-116.2078795,-116.171538,-116.202894,-116.1322349,-116.3140766,-116.2610432,-116.069723,-116.3020825,-116.2330146,-116.3063828,-116.1743447,-116.3007286,-116.305672,-116.27027,-116.2692501,-116.2830959,-116.3192311,-116.1680331,-116.1857617,-116.153317,-116.1786617,-116.2137274,-116.1943893,-116.1696052,-116.2841691,-116.2102647,-116.159217,-116.140329,-116.1827547,-116.207153,-116.1564325,-116.236936,-116.222081,-116.1406764,-116.125789,-116.2333794,-116.228565,-116.314295,-116.223728,-116.189305,-116.1780806,-116.2077292,-116.208244,-116.2443622,-116.2372639,-116.3219028,-116.2134882,-116.1425104,-116.274251,-116.284287,-116.2287023,-116.18477,-116.2741747,-116.180993,-116.205531,-116.132874,-116.172557,-116.2123044,-116.195633,-116.2285497,-116.2217642,-116.2633144,-116.238387,-116.3472997,-116.1629067,-116.3268437,-116.1704825,-116.1633,-116.2344009,-116.2684177,-116.2130446,-116.293971,-116.3050215,-116.245916,-116.2743595,-116.1573813,-116.203326,-116.1335834,-116.22412,-116.098622,-116.1210522,-116.222835,-116.326042,-116.2309316,-116.2504264,-116.2709188,-116.183356,-116.247889,-116.1931448,-116.193697,-116.213678,-116.2536306,-116.033712,-116.2297304,-116.192158,-116.3342868,-116.1884035,-116.2085864,-116.191698,-116.2142557,-116.1982766,-116.203924,-116.2036778,-116.0986275,-116.2376974
184,Boise,Idaho,151156,363,N whitewater park blvd row,Row,Open,Developed,,,ACHD,1.22829594,GIS,,No,,0.032830474,5.54e-07,,ROW,N Whitewater Park Blvd ROW,43.6610652,43.6828866,43.679896,43.6605954,43.6104879,,43.6130114,43.6532929,43.6146316,43.5475988,43.6503693,43.617887,43.626294,43.6449789,43.6436012,43.638452,43.636504,43.6351477,43.6319851,43.6303104,43.626552,43.6248542,43.622819,43.6181311,43.6175837,43.616731,43.615077,43.616591,43.6144756,43.613066,43.6103798,43.610273,43.615726,43.6092033,43.614215,43.6151446,43.6144897,43.6052277,43.603333,43.6019085,43.604337,43.601044,43.5973645,43.5953347,43.6147002,43.5944027,43.5960863,43.5933122,43.590637,43.587635,43.5908829,43.5856801,43.5815,43.5883943,43.5783797,43.5774967,43.5772726,43.5880929,43.5734826,43.56389,43.5656557,43.6085474,43.6256985,43.61205,43.6338044,43.5600487,43.595756,43.6093837,43.468523,43.6899475,43.6574399,43.6554753,43.6019602,43.6521854,43.645009,43.6379565,43.6339837,43.6265791,43.6164788,43.6011568,43.5807801,43.563206,43.6147656,43.6187073,43.6112937,43.5824429,43.613342,43.6213324,43.573703,43.5751881,43.6116233,43.611803,43.5290362,43.6519645,43.615314,43.5732785,43.557425,43.6046661,43.610827,43.6153342,43.618824,43.613564,43.6236296,43.6265626,43.6329444,43.5898161,43.6384932,43.6483863,43.681303,43.5992087,43.568633,43.544704,43.626365,43.594577,43.5903778,43.632641,43.5931564,43.551804,43.585974,43.60454,43.620747,43.5947431,43.6688466,43.6555526,43.645532,43.5624883,43.6491983,43.6123158,43.5711014,43.6406514,43.6803871,43.6015064,43.599288,43.6157222,43.6018468,43.639151,43.5834967,43.647575,43.5707023,43.615799,43.552877,43.5689565,43.648724,43.633893,43.6183551,43.5926761,43.590282,43.586311,43.648962,43.6058354,43.5732588,43.5942341,43.6176437,43.635982,43.6129405,43.5734437,43.6194423,43.6023878,43.6122779,43.625927,43.620931,43.6173997,43.615751,43.6171003,43.5526915,43.6920387,-116.2135745,-116.2919211,-116.284887,-116.3456794,-116.2082807,-116.1799021,-116.2960007,-116.2145508,-116.1534075,-116.3544153,-116.2102005,-116.230735,-116.2466671,-116.2284526,-116.194785,-116.215855,-116.2234691,-116.3160828,-116.3243743,-116.268053,-116.1964928,-116.218515,-116.1940438,-116.2226005,-116.199126,-116.191985,-116.2201504,-116.2188586,-116.200583,-116.1898411,-116.208625,-116.2016517,-116.1729855,-116.203086,-116.2147125,-116.2123541,-116.1833698,-116.185561,-116.2149029,-116.321398,-116.337034,-116.2621912,-116.2387254,-116.1858868,-116.1633768,-116.2187273,-116.1777398,-116.184313,-116.198734,-116.2941272,-116.3312438,-116.248724,-116.1735301,-116.1571147,-116.2943564,-116.214027,-116.1910508,-116.2216564,-116.32195,-116.1540997,-116.2610448,-116.2078795,-116.171538,-116.202894,-116.1322349,-116.3140766,-116.2610432,-116.069723,-116.3020825,-116.2330146,-116.3063828,-116.1743447,-116.3007286,-116.305672,-116.27027,-116.2692501,-116.2830959,-116.3192311,-116.1680331,-116.1857617,-116.153317,-116.1786617,-116.2137274,-116.1943893,-116.1696052,-116.2841691,-116.2102647,-116.159217,-116.140329,-116.1827547,-116.207153,-116.1564325,-116.236936,-116.222081,-116.1406764,-116.125789,-116.2333794,-116.228565,-116.314295,-116.223728,-116.189305,-116.1780806,-116.2077292,-116.208244,-116.2443622,-116.2372639,-116.3219028,-116.2134882,-116.1425104,-116.274251,-116.284287,-116.2287023,-116.18477,-116.2741747,-116.180993,-116.205531,-116.132874,-116.172557,-116.2123044,-116.195633,-116.2285497,-116.2217642,-116.2633144,-116.238387,-116.3472997,-116.1629067,-116.3268437,-116.1704825,-116.1633,-116.2344009,-116.2684177,-116.2130446,-116.293971,-116.3050215,-116.245916,-116.2743595,-116.1573813,-116.203326,-116.1335834,-116.22412,-116.098622,-116.1210522,-116.222835,-116.326042,-116.2309316,-116.2504264,-116.2709188,-116.183356,-116.247889,-116.1931448,-116.193697,-116.213678,-116.2536306,-116.033712,-116.2297304,-116.192158,-116.3342868,-116.1884035,-116.2085864,-116.191698,-116.2142557,-116.1982766,-116.203924,-116.2036778,-116.0986275,-116.2376974
185,Boise,Idaho,151158,359,S whitewater park blvd row,Row,Open,Developed,,,ACHD,0.10177271,GIS,,No,,0.0037677879999999998,4.59e-08,,ROW,S Whitewater Park Blvd ROW,43.6610652,43.6828866,43.679896,43.6605954,43.6104879,,43.6130114,43.6532929,43.6146316,43.5475988,43.6503693,43.617887,43.626294,43.6449789,43.6436012,43.638452,43.636504,43.6351477,43.6319851,43.6303104,43.626552,43.6248542,43.622819,43.6181311,43.6175837,43.616731,43.615077,43.616591,43.6144756,43.613066,43.6103798,43.610273,43.615726,43.6092033,43.614215,43.6151446,43.6144897,43.6052277,43.603333,43.6019085,43.604337,43.601044,43.5973645,43.5953347,43.6147002,43.5944027,43.5960863,43.5933122,43.590637,43.587635,43.5908829,43.5856801,43.5815,43.5883943,43.5783797,43.5774967,43.5772726,43.5880929,43.5734826,43.56389,43.5656557,43.6085474,43.6256985,43.61205,43.6338044,43.5600487,43.595756,43.6093837,43.468523,43.6899475,43.6574399,43.6554753,43.6019602,43.6521854,43.645009,43.6379565,43.6339837,43.6265791,43.6164788,43.6011568,43.5807801,43.563206,43.6147656,43.6187073,43.6112937,43.5824429,43.613342,43.6213324,43.573703,43.5751881,43.6116233,43.611803,43.5290362,43.6519645,43.615314,43.5732785,43.557425,43.6046661,43.610827,43.6153342,43.618824,43.613564,43.6236296,43.6265626,43.6329444,43.5898161,43.6384932,43.6483863,43.681303,43.5992087,43.568633,43.544704,43.626365,43.594577,43.5903778,43.632641,43.5931564,43.551804,43.585974,43.60454,43.620747,43.5947431,43.6688466,43.6555526,43.645532,43.5624883,43.6491983,43.6123158,43.5711014,43.6406514,43.6803871,43.6015064,43.599288,43.6157222,43.6018468,43.639151,43.5834967,43.647575,43.5707023,43.615799,43.552877,43.5689565,43.648724,43.633893,43.6183551,43.5926761,43.590282,43.586311,43.648962,43.6058354,43.5732588,43.5942341,43.6176437,43.635982,43.6129405,43.5734437,43.6194423,43.6023878,43.6122779,43.625927,43.620931,43.6173997,43.615751,43.6171003,43.5526915,43.6920387,-116.2135745,-116.2919211,-116.284887,-116.3456794,-116.2082807,-116.1799021,-116.2960007,-116.2145508,-116.1534075,-116.3544153,-116.2102005,-116.230735,-116.2466671,-116.2284526,-116.194785,-116.215855,-116.2234691,-116.3160828,-116.3243743,-116.268053,-116.1964928,-116.218515,-116.1940438,-116.2226005,-116.199126,-116.191985,-116.2201504,-116.2188586,-116.200583,-116.1898411,-116.208625,-116.2016517,-116.1729855,-116.203086,-116.2147125,-116.2123541,-116.1833698,-116.185561,-116.2149029,-116.321398,-116.337034,-116.2621912,-116.2387254,-116.1858868,-116.1633768,-116.2187273,-116.1777398,-116.184313,-116.198734,-116.2941272,-116.3312438,-116.248724,-116.1735301,-116.1571147,-116.2943564,-116.214027,-116.1910508,-116.2216564,-116.32195,-116.1540997,-116.2610448,-116.2078795,-116.171538,-116.202894,-116.1322349,-116.3140766,-116.2610432,-116.069723,-116.3020825,-116.2330146,-116.3063828,-116.1743447,-116.3007286,-116.305672,-116.27027,-116.2692501,-116.2830959,-116.3192311,-116.1680331,-116.1857617,-116.153317,-116.1786617,-116.2137274,-116.1943893,-116.1696052,-116.2841691,-116.2102647,-116.159217,-116.140329,-116.1827547,-116.207153,-116.1564325,-116.236936,-116.222081,-116.1406764,-116.125789,-116.2333794,-116.228565,-116.314295,-116.223728,-116.189305,-116.1780806,-116.2077292,-116.208244,-116.2443622,-116.2372639,-116.3219028,-116.2134882,-116.1425104,-116.274251,-116.284287,-116.2287023,-116.18477,-116.2741747,-116.180993,-116.205531,-116.132874,-116.172557,-116.2123044,-116.195633,-116.2285497,-116.2217642,-116.2633144,-116.238387,-116.3472997,-116.1629067,-116.3268437,-116.1704825,-116.1633,-116.2344009,-116.2684177,-116.2130446,-116.293971,-116.3050215,-116.245916,-116.2743595,-116.1573813,-116.203326,-116.1335834,-116.22412,-116.098622,-116.1210522,-116.222835,-116.326042,-116.2309316,-116.2504264,-116.2709188,-116.183356,-116.247889,-116.1931448,-116.193697,-116.213678,-116.2536306,-116.033712,-116.2297304,-116.192158,-116.3342868,-116.1884035,-116.2085864,-116.191698,-116.2142557,-116.1982766,-116.203924,-116.2036778,-116.0986275,-116.2376974
186,Boise,Idaho,151159,342,Rose park circle,Row,Open,ROW,North River,Passive Park,ACHD,0.03713212,GIS,1302 N 4th St,Not Classic,,0.00050147,1.6799999999999998e-08,1302 N 4TH ST,ROW,Rose Park Circle,43.6610652,43.6828866,43.679896,43.6605954,43.6104879,,43.6130114,43.6532929,43.6146316,43.5475988,43.6503693,43.617887,43.626294,43.6449789,43.6436012,43.638452,43.636504,43.6351477,43.6319851,43.6303104,43.626552,43.6248542,43.622819,43.6181311,43.6175837,43.616731,43.615077,43.616591,43.6144756,43.613066,43.6103798,43.610273,43.615726,43.6092033,43.614215,43.6151446,43.6144897,43.6052277,43.603333,43.6019085,43.604337,43.601044,43.5973645,43.5953347,43.6147002,43.5944027,43.5960863,43.5933122,43.590637,43.587635,43.5908829,43.5856801,43.5815,43.5883943,43.5783797,43.5774967,43.5772726,43.5880929,43.5734826,43.56389,43.5656557,43.6085474,43.6256985,43.61205,43.6338044,43.5600487,43.595756,43.6093837,43.468523,43.6899475,43.6574399,43.6554753,43.6019602,43.6521854,43.645009,43.6379565,43.6339837,43.6265791,43.6164788,43.6011568,43.5807801,43.563206,43.6147656,43.6187073,43.6112937,43.5824429,43.613342,43.6213324,43.573703,43.5751881,43.6116233,43.611803,43.5290362,43.6519645,43.615314,43.5732785,43.557425,43.6046661,43.610827,43.6153342,43.618824,43.613564,43.6236296,43.6265626,43.6329444,43.5898161,43.6384932,43.6483863,43.681303,43.5992087,43.568633,43.544704,43.626365,43.594577,43.5903778,43.632641,43.5931564,43.551804,43.585974,43.60454,43.620747,43.5947431,43.6688466,43.6555526,43.645532,43.5624883,43.6491983,43.6123158,43.5711014,43.6406514,43.6803871,43.6015064,43.599288,43.6157222,43.6018468,43.639151,43.5834967,43.647575,43.5707023,43.615799,43.552877,43.5689565,43.648724,43.633893,43.6183551,43.5926761,43.590282,43.586311,43.648962,43.6058354,43.5732588,43.5942341,43.6176437,43.635982,43.6129405,43.5734437,43.6194423,43.6023878,43.6122779,43.625927,43.620931,43.6173997,43.615751,43.6171003,43.5526915,43.6920387,-116.2135745,-116.2919211,-116.284887,-116.3456794,-116.2082807,-116.1799021,-116.2960007,-116.2145508,-116.1534075,-116.3544153,-116.2102005,-116.230735,-116.2466671,-116.2284526,-116.194785,-116.215855,-116.2234691,-116.3160828,-116.3243743,-116.268053,-116.1964928,-116.218515,-116.1940438,-116.2226005,-116.199126,-116.191985,-116.2201504,-116.2188586,-116.200583,-116.1898411,-116.208625,-116.2016517,-116.1729855,-116.203086,-116.2147125,-116.2123541,-116.1833698,-116.185561,-116.2149029,-116.321398,-116.337034,-116.2621912,-116.2387254,-116.1858868,-116.1633768,-116.2187273,-116.1777398,-116.184313,-116.198734,-116.2941272,-116.3312438,-116.248724,-116.1735301,-116.1571147,-116.2943564,-116.214027,-116.1910508,-116.2216564,-116.32195,-116.1540997,-116.2610448,-116.2078795,-116.171538,-116.202894,-116.1322349,-116.3140766,-116.2610432,-116.069723,-116.3020825,-116.2330146,-116.3063828,-116.1743447,-116.3007286,-116.305672,-116.27027,-116.2692501,-116.2830959,-116.3192311,-116.1680331,-116.1857617,-116.153317,-116.1786617,-116.2137274,-116.1943893,-116.1696052,-116.2841691,-116.2102647,-116.159217,-116.140329,-116.1827547,-116.207153,-116.1564325,-116.236936,-116.222081,-116.1406764,-116.125789,-116.2333794,-116.228565,-116.314295,-116.223728,-116.189305,-116.1780806,-116.2077292,-116.208244,-116.2443622,-116.2372639,-116.3219028,-116.2134882,-116.1425104,-116.274251,-116.284287,-116.2287023,-116.18477,-116.2741747,-116.180993,-116.205531,-116.132874,-116.172557,-116.2123044,-116.195633,-116.2285497,-116.2217642,-116.2633144,-116.238387,-116.3472997,-116.1629067,-116.3268437,-116.1704825,-116.1633,-116.2344009,-116.2684177,-116.2130446,-116.293971,-116.3050215,-116.245916,-116.2743595,-116.1573813,-116.203326,-116.1335834,-116.22412,-116.098622,-116.1210522,-116.222835,-116.326042,-116.2309316,-116.2504264,-116.2709188,-116.183356,-116.247889,-116.1931448,-116.193697,-116.213678,-116.2536306,-116.033712,-116.2297304,-116.192158,-116.3342868,-116.1884035,-116.2085864,-116.191698,-116.2142557,-116.1982766,-116.203924,-116.2036778,-116.0986275,-116.2376974
187,Boise,Idaho,151160,301,17th street row (couplet island),Row,Open,ROW,North River,Corridor,ACHD,0.13857516,GIS,105 S 17th St,Not Classic,,0.001147125,6.25e-08,105 S 17TH ST,ROW,17th Street ROW (Couplet Island),43.6610652,43.6828866,43.679896,43.6605954,43.6104879,,43.6130114,43.6532929,43.6146316,43.5475988,43.6503693,43.617887,43.626294,43.6449789,43.6436012,43.638452,43.636504,43.6351477,43.6319851,43.6303104,43.626552,43.6248542,43.622819,43.6181311,43.6175837,43.616731,43.615077,43.616591,43.6144756,43.613066,43.6103798,43.610273,43.615726,43.6092033,43.614215,43.6151446,43.6144897,43.6052277,43.603333,43.6019085,43.604337,43.601044,43.5973645,43.5953347,43.6147002,43.5944027,43.5960863,43.5933122,43.590637,43.587635,43.5908829,43.5856801,43.5815,43.5883943,43.5783797,43.5774967,43.5772726,43.5880929,43.5734826,43.56389,43.5656557,43.6085474,43.6256985,43.61205,43.6338044,43.5600487,43.595756,43.6093837,43.468523,43.6899475,43.6574399,43.6554753,43.6019602,43.6521854,43.645009,43.6379565,43.6339837,43.6265791,43.6164788,43.6011568,43.5807801,43.563206,43.6147656,43.6187073,43.6112937,43.5824429,43.613342,43.6213324,43.573703,43.5751881,43.6116233,43.611803,43.5290362,43.6519645,43.615314,43.5732785,43.557425,43.6046661,43.610827,43.6153342,43.618824,43.613564,43.6236296,43.6265626,43.6329444,43.5898161,43.6384932,43.6483863,43.681303,43.5992087,43.568633,43.544704,43.626365,43.594577,43.5903778,43.632641,43.5931564,43.551804,43.585974,43.60454,43.620747,43.5947431,43.6688466,43.6555526,43.645532,43.5624883,43.6491983,43.6123158,43.5711014,43.6406514,43.6803871,43.6015064,43.599288,43.6157222,43.6018468,43.639151,43.5834967,43.647575,43.5707023,43.615799,43.552877,43.5689565,43.648724,43.633893,43.6183551,43.5926761,43.590282,43.586311,43.648962,43.6058354,43.5732588,43.5942341,43.6176437,43.635982,43.6129405,43.5734437,43.6194423,43.6023878,43.6122779,43.625927,43.620931,43.6173997,43.615751,43.6171003,43.5526915,43.6920387,-116.2135745,-116.2919211,-116.284887,-116.3456794,-116.2082807,-116.1799021,-116.2960007,-116.2145508,-116.1534075,-116.3544153,-116.2102005,-116.230735,-116.2466671,-116.2284526,-116.194785,-116.215855,-116.2234691,-116.3160828,-116.3243743,-116.268053,-116.1964928,-116.218515,-116.1940438,-116.2226005,-116.199126,-116.191985,-116.2201504,-116.2188586,-116.200583,-116.1898411,-116.208625,-116.2016517,-116.1729855,-116.203086,-116.2147125,-116.2123541,-116.1833698,-116.185561,-116.2149029,-116.321398,-116.337034,-116.2621912,-116.2387254,-116.1858868,-116.1633768,-116.2187273,-116.1777398,-116.184313,-116.198734,-116.2941272,-116.3312438,-116.248724,-116.1735301,-116.1571147,-116.2943564,-116.214027,-116.1910508,-116.2216564,-116.32195,-116.1540997,-116.2610448,-116.2078795,-116.171538,-116.202894,-116.1322349,-116.3140766,-116.2610432,-116.069723,-116.3020825,-116.2330146,-116.3063828,-116.1743447,-116.3007286,-116.305672,-116.27027,-116.2692501,-116.2830959,-116.3192311,-116.1680331,-116.1857617,-116.153317,-116.1786617,-116.2137274,-116.1943893,-116.1696052,-116.2841691,-116.2102647,-116.159217,-116.140329,-116.1827547,-116.207153,-116.1564325,-116.236936,-116.222081,-116.1406764,-116.125789,-116.2333794,-116.228565,-116.314295,-116.223728,-116.189305,-116.1780806,-116.2077292,-116.208244,-116.2443622,-116.2372639,-116.3219028,-116.2134882,-116.1425104,-116.274251,-116.284287,-116.2287023,-116.18477,-116.2741747,-116.180993,-116.205531,-116.132874,-116.172557,-116.2123044,-116.195633,-116.2285497,-116.2217642,-116.2633144,-116.238387,-116.3472997,-116.1629067,-116.3268437,-116.1704825,-116.1633,-116.2344009,-116.2684177,-116.2130446,-116.293971,-116.3050215,-116.245916,-116.2743595,-116.1573813,-116.203326,-116.1335834,-116.22412,-116.098622,-116.1210522,-116.222835,-116.326042,-116.2309316,-116.2504264,-116.2709188,-116.183356,-116.247889,-116.1931448,-116.193697,-116.213678,-116.2536306,-116.033712,-116.2297304,-116.192158,-116.3342868,-116.1884035,-116.2085864,-116.191698,-116.2142557,-116.1982766,-116.203924,-116.2036778,-116.0986275,-116.2376974
188,Boise,Idaho,151506,717,North end native plant preserve,Open space,Open,Reserve,North River,Natural Area,BOISE CITY,0.27987286,GIS,N 6th St,Reserve,,0.001451939,1.26e-07,N 6th St,Open Space,North End Native Plant Preserve,43.6610652,43.6828866,43.679896,43.6605954,43.6104879,,43.6130114,43.6532929,43.6146316,43.5475988,43.6503693,43.617887,43.626294,43.6449789,43.6436012,43.638452,43.636504,43.6351477,43.6319851,43.6303104,43.626552,43.6248542,43.622819,43.6181311,43.6175837,43.616731,43.615077,43.616591,43.6144756,43.613066,43.6103798,43.610273,43.615726,43.6092033,43.614215,43.6151446,43.6144897,43.6052277,43.603333,43.6019085,43.604337,43.601044,43.5973645,43.5953347,43.6147002,43.5944027,43.5960863,43.5933122,43.590637,43.587635,43.5908829,43.5856801,43.5815,43.5883943,43.5783797,43.5774967,43.5772726,43.5880929,43.5734826,43.56389,43.5656557,43.6085474,43.6256985,43.61205,43.6338044,43.5600487,43.595756,43.6093837,43.468523,43.6899475,43.6574399,43.6554753,43.6019602,43.6521854,43.645009,43.6379565,43.6339837,43.6265791,43.6164788,43.6011568,43.5807801,43.563206,43.6147656,43.6187073,43.6112937,43.5824429,43.613342,43.6213324,43.573703,43.5751881,43.6116233,43.611803,43.5290362,43.6519645,43.615314,43.5732785,43.557425,43.6046661,43.610827,43.6153342,43.618824,43.613564,43.6236296,43.6265626,43.6329444,43.5898161,43.6384932,43.6483863,43.681303,43.5992087,43.568633,43.544704,43.626365,43.594577,43.5903778,43.632641,43.5931564,43.551804,43.585974,43.60454,43.620747,43.5947431,43.6688466,43.6555526,43.645532,43.5624883,43.6491983,43.6123158,43.5711014,43.6406514,43.6803871,43.6015064,43.599288,43.6157222,43.6018468,43.639151,43.5834967,43.647575,43.5707023,43.615799,43.552877,43.5689565,43.648724,43.633893,43.6183551,43.5926761,43.590282,43.586311,43.648962,43.6058354,43.5732588,43.5942341,43.6176437,43.635982,43.6129405,43.5734437,43.6194423,43.6023878,43.6122779,43.625927,43.620931,43.6173997,43.615751,43.6171003,43.5526915,43.6920387,-116.2135745,-116.2919211,-116.284887,-116.3456794,-116.2082807,-116.1799021,-116.2960007,-116.2145508,-116.1534075,-116.3544153,-116.2102005,-116.230735,-116.2466671,-116.2284526,-116.194785,-116.215855,-116.2234691,-116.3160828,-116.3243743,-116.268053,-116.1964928,-116.218515,-116.1940438,-116.2226005,-116.199126,-116.191985,-116.2201504,-116.2188586,-116.200583,-116.1898411,-116.208625,-116.2016517,-116.1729855,-116.203086,-116.2147125,-116.2123541,-116.1833698,-116.185561,-116.2149029,-116.321398,-116.337034,-116.2621912,-116.2387254,-116.1858868,-116.1633768,-116.2187273,-116.1777398,-116.184313,-116.198734,-116.2941272,-116.3312438,-116.248724,-116.1735301,-116.1571147,-116.2943564,-116.214027,-116.1910508,-116.2216564,-116.32195,-116.1540997,-116.2610448,-116.2078795,-116.171538,-116.202894,-116.1322349,-116.3140766,-116.2610432,-116.069723,-116.3020825,-116.2330146,-116.3063828,-116.1743447,-116.3007286,-116.305672,-116.27027,-116.2692501,-116.2830959,-116.3192311,-116.1680331,-116.1857617,-116.153317,-116.1786617,-116.2137274,-116.1943893,-116.1696052,-116.2841691,-116.2102647,-116.159217,-116.140329,-116.1827547,-116.207153,-116.1564325,-116.236936,-116.222081,-116.1406764,-116.125789,-116.2333794,-116.228565,-116.314295,-116.223728,-116.189305,-116.1780806,-116.2077292,-116.208244,-116.2443622,-116.2372639,-116.3219028,-116.2134882,-116.1425104,-116.274251,-116.284287,-116.2287023,-116.18477,-116.2741747,-116.180993,-116.205531,-116.132874,-116.172557,-116.2123044,-116.195633,-116.2285497,-116.2217642,-116.2633144,-116.238387,-116.3472997,-116.1629067,-116.3268437,-116.1704825,-116.1633,-116.2344009,-116.2684177,-116.2130446,-116.293971,-116.3050215,-116.245916,-116.2743595,-116.1573813,-116.203326,-116.1335834,-116.22412,-116.098622,-116.1210522,-116.222835,-116.326042,-116.2309316,-116.2504264,-116.2709188,-116.183356,-116.247889,-116.1931448,-116.193697,-116.213678,-116.2536306,-116.033712,-116.2297304,-116.192158,-116.3342868,-116.1884035,-116.2085864,-116.191698,-116.2142557,-116.1982766,-116.203924,-116.2036778,-116.0986275,-116.2376974
189,Boise,Idaho,151906,294,Grove plaza,Special use,Open,Developed,Downtown,Special Use Area,BOISE CITY,1.27103084,GIS,827 W Main St,Not Classic,,0.006347831,5.73e-07,827 W MAIN ST,Special Use,Grove Plaza,43.6610652,43.6828866,43.679896,43.6605954,43.6104879,,43.6130114,43.6532929,43.6146316,43.5475988,43.6503693,43.617887,43.626294,43.6449789,43.6436012,43.638452,43.636504,43.6351477,43.6319851,43.6303104,43.626552,43.6248542,43.622819,43.6181311,43.6175837,43.616731,43.615077,43.616591,43.6144756,43.613066,43.6103798,43.610273,43.615726,43.6092033,43.614215,43.6151446,43.6144897,43.6052277,43.603333,43.6019085,43.604337,43.601044,43.5973645,43.5953347,43.6147002,43.5944027,43.5960863,43.5933122,43.590637,43.587635,43.5908829,43.5856801,43.5815,43.5883943,43.5783797,43.5774967,43.5772726,43.5880929,43.5734826,43.56389,43.5656557,43.6085474,43.6256985,43.61205,43.6338044,43.5600487,43.595756,43.6093837,43.468523,43.6899475,43.6574399,43.6554753,43.6019602,43.6521854,43.645009,43.6379565,43.6339837,43.6265791,43.6164788,43.6011568,43.5807801,43.563206,43.6147656,43.6187073,43.6112937,43.5824429,43.613342,43.6213324,43.573703,43.5751881,43.6116233,43.611803,43.5290362,43.6519645,43.615314,43.5732785,43.557425,43.6046661,43.610827,43.6153342,43.618824,43.613564,43.6236296,43.6265626,43.6329444,43.5898161,43.6384932,43.6483863,43.681303,43.5992087,43.568633,43.544704,43.626365,43.594577,43.5903778,43.632641,43.5931564,43.551804,43.585974,43.60454,43.620747,43.5947431,43.6688466,43.6555526,43.645532,43.5624883,43.6491983,43.6123158,43.5711014,43.6406514,43.6803871,43.6015064,43.599288,43.6157222,43.6018468,43.639151,43.5834967,43.647575,43.5707023,43.615799,43.552877,43.5689565,43.648724,43.633893,43.6183551,43.5926761,43.590282,43.586311,43.648962,43.6058354,43.5732588,43.5942341,43.6176437,43.635982,43.6129405,43.5734437,43.6194423,43.6023878,43.6122779,43.625927,43.620931,43.6173997,43.615751,43.6171003,43.5526915,43.6920387,-116.2135745,-116.2919211,-116.284887,-116.3456794,-116.2082807,-116.1799021,-116.2960007,-116.2145508,-116.1534075,-116.3544153,-116.2102005,-116.230735,-116.2466671,-116.2284526,-116.194785,-116.215855,-116.2234691,-116.3160828,-116.3243743,-116.268053,-116.1964928,-116.218515,-116.1940438,-116.2226005,-116.199126,-116.191985,-116.2201504,-116.2188586,-116.200583,-116.1898411,-116.208625,-116.2016517,-116.1729855,-116.203086,-116.2147125,-116.2123541,-116.1833698,-116.185561,-116.2149029,-116.321398,-116.337034,-116.2621912,-116.2387254,-116.1858868,-116.1633768,-116.2187273,-116.1777398,-116.184313,-116.198734,-116.2941272,-116.3312438,-116.248724,-116.1735301,-116.1571147,-116.2943564,-116.214027,-116.1910508,-116.2216564,-116.32195,-116.1540997,-116.2610448,-116.2078795,-116.171538,-116.202894,-116.1322349,-116.3140766,-116.2610432,-116.069723,-116.3020825,-116.2330146,-116.3063828,-116.1743447,-116.3007286,-116.305672,-116.27027,-116.2692501,-116.2830959,-116.3192311,-116.1680331,-116.1857617,-116.153317,-116.1786617,-116.2137274,-116.1943893,-116.1696052,-116.2841691,-116.2102647,-116.159217,-116.140329,-116.1827547,-116.207153,-116.1564325,-116.236936,-116.222081,-116.1406764,-116.125789,-116.2333794,-116.228565,-116.314295,-116.223728,-116.189305,-116.1780806,-116.2077292,-116.208244,-116.2443622,-116.2372639,-116.3219028,-116.2134882,-116.1425104,-116.274251,-116.284287,-116.2287023,-116.18477,-116.2741747,-116.180993,-116.205531,-116.132874,-116.172557,-116.2123044,-116.195633,-116.2285497,-116.2217642,-116.2633144,-116.238387,-116.3472997,-116.1629067,-116.3268437,-116.1704825,-116.1633,-116.2344009,-116.2684177,-116.2130446,-116.293971,-116.3050215,-116.245916,-116.2743595,-116.1573813,-116.203326,-116.1335834,-116.22412,-116.098622,-116.1210522,-116.222835,-116.326042,-116.2309316,-116.2504264,-116.2709188,-116.183356,-116.247889,-116.1931448,-116.193697,-116.213678,-116.2536306,-116.033712,-116.2297304,-116.192158,-116.3342868,-116.1884035,-116.2085864,-116.191698,-116.2142557,-116.1982766,-116.203924,-116.2036778,-116.0986275,-116.2376974
190,Boise,Idaho,151907,364,Freak alley,Row,Open,Developed,Downtown,Corridor,ACHD,0.1101244,GIS,210 N 9th St,Not Classic,,0.0021828760000000003,4.9699999999999995e-08,210 N 9th St,ROW,Freak Alley,43.6610652,43.6828866,43.679896,43.6605954,43.6104879,,43.6130114,43.6532929,43.6146316,43.5475988,43.6503693,43.617887,43.626294,43.6449789,43.6436012,43.638452,43.636504,43.6351477,43.6319851,43.6303104,43.626552,43.6248542,43.622819,43.6181311,43.6175837,43.616731,43.615077,43.616591,43.6144756,43.613066,43.6103798,43.610273,43.615726,43.6092033,43.614215,43.6151446,43.6144897,43.6052277,43.603333,43.6019085,43.604337,43.601044,43.5973645,43.5953347,43.6147002,43.5944027,43.5960863,43.5933122,43.590637,43.587635,43.5908829,43.5856801,43.5815,43.5883943,43.5783797,43.5774967,43.5772726,43.5880929,43.5734826,43.56389,43.5656557,43.6085474,43.6256985,43.61205,43.6338044,43.5600487,43.595756,43.6093837,43.468523,43.6899475,43.6574399,43.6554753,43.6019602,43.6521854,43.645009,43.6379565,43.6339837,43.6265791,43.6164788,43.6011568,43.5807801,43.563206,43.6147656,43.6187073,43.6112937,43.5824429,43.613342,43.6213324,43.573703,43.5751881,43.6116233,43.611803,43.5290362,43.6519645,43.615314,43.5732785,43.557425,43.6046661,43.610827,43.6153342,43.618824,43.613564,43.6236296,43.6265626,43.6329444,43.5898161,43.6384932,43.6483863,43.681303,43.5992087,43.568633,43.544704,43.626365,43.594577,43.5903778,43.632641,43.5931564,43.551804,43.585974,43.60454,43.620747,43.5947431,43.6688466,43.6555526,43.645532,43.5624883,43.6491983,43.6123158,43.5711014,43.6406514,43.6803871,43.6015064,43.599288,43.6157222,43.6018468,43.639151,43.5834967,43.647575,43.5707023,43.615799,43.552877,43.5689565,43.648724,43.633893,43.6183551,43.5926761,43.590282,43.586311,43.648962,43.6058354,43.5732588,43.5942341,43.6176437,43.635982,43.6129405,43.5734437,43.6194423,43.6023878,43.6122779,43.625927,43.620931,43.6173997,43.615751,43.6171003,43.5526915,43.6920387,-116.2135745,-116.2919211,-116.284887,-116.3456794,-116.2082807,-116.1799021,-116.2960007,-116.2145508,-116.1534075,-116.3544153,-116.2102005,-116.230735,-116.2466671,-116.2284526,-116.194785,-116.215855,-116.2234691,-116.3160828,-116.3243743,-116.268053,-116.1964928,-116.218515,-116.1940438,-116.2226005,-116.199126,-116.191985,-116.2201504,-116.2188586,-116.200583,-116.1898411,-116.208625,-116.2016517,-116.1729855,-116.203086,-116.2147125,-116.2123541,-116.1833698,-116.185561,-116.2149029,-116.321398,-116.337034,-116.2621912,-116.2387254,-116.1858868,-116.1633768,-116.2187273,-116.1777398,-116.184313,-116.198734,-116.2941272,-116.3312438,-116.248724,-116.1735301,-116.1571147,-116.2943564,-116.214027,-116.1910508,-116.2216564,-116.32195,-116.1540997,-116.2610448,-116.2078795,-116.171538,-116.202894,-116.1322349,-116.3140766,-116.2610432,-116.069723,-116.3020825,-116.2330146,-116.3063828,-116.1743447,-116.3007286,-116.305672,-116.27027,-116.2692501,-116.2830959,-116.3192311,-116.1680331,-116.1857617,-116.153317,-116.1786617,-116.2137274,-116.1943893,-116.1696052,-116.2841691,-116.2102647,-116.159217,-116.140329,-116.1827547,-116.207153,-116.1564325,-116.236936,-116.222081,-116.1406764,-116.125789,-116.2333794,-116.228565,-116.314295,-116.223728,-116.189305,-116.1780806,-116.2077292,-116.208244,-116.2443622,-116.2372639,-116.3219028,-116.2134882,-116.1425104,-116.274251,-116.284287,-116.2287023,-116.18477,-116.2741747,-116.180993,-116.205531,-116.132874,-116.172557,-116.2123044,-116.195633,-116.2285497,-116.2217642,-116.2633144,-116.238387,-116.3472997,-116.1629067,-116.3268437,-116.1704825,-116.1633,-116.2344009,-116.2684177,-116.2130446,-116.293971,-116.3050215,-116.245916,-116.2743595,-116.1573813,-116.203326,-116.1335834,-116.22412,-116.098622,-116.1210522,-116.222835,-116.326042,-116.2309316,-116.2504264,-116.2709188,-116.183356,-116.247889,-116.1931448,-116.193697,-116.213678,-116.2536306,-116.033712,-116.2297304,-116.192158,-116.3342868,-116.1884035,-116.2085864,-116.191698,-116.2142557,-116.1982766,-116.203924,-116.2036778,-116.0986275,-116.2376974
191,Boise,Idaho,151908,365,Union block alley,Row,Open,Developed,Downtown,Corridor,ACHD,0.11075288,GIS,,Not Classic,,0.0021827070000000003,5e-08,,ROW,Union Block Alley,43.6610652,43.6828866,43.679896,43.6605954,43.6104879,,43.6130114,43.6532929,43.6146316,43.5475988,43.6503693,43.617887,43.626294,43.6449789,43.6436012,43.638452,43.636504,43.6351477,43.6319851,43.6303104,43.626552,43.6248542,43.622819,43.6181311,43.6175837,43.616731,43.615077,43.616591,43.6144756,43.613066,43.6103798,43.610273,43.615726,43.6092033,43.614215,43.6151446,43.6144897,43.6052277,43.603333,43.6019085,43.604337,43.601044,43.5973645,43.5953347,43.6147002,43.5944027,43.5960863,43.5933122,43.590637,43.587635,43.5908829,43.5856801,43.5815,43.5883943,43.5783797,43.5774967,43.5772726,43.5880929,43.5734826,43.56389,43.5656557,43.6085474,43.6256985,43.61205,43.6338044,43.5600487,43.595756,43.6093837,43.468523,43.6899475,43.6574399,43.6554753,43.6019602,43.6521854,43.645009,43.6379565,43.6339837,43.6265791,43.6164788,43.6011568,43.5807801,43.563206,43.6147656,43.6187073,43.6112937,43.5824429,43.613342,43.6213324,43.573703,43.5751881,43.6116233,43.611803,43.5290362,43.6519645,43.615314,43.5732785,43.557425,43.6046661,43.610827,43.6153342,43.618824,43.613564,43.6236296,43.6265626,43.6329444,43.5898161,43.6384932,43.6483863,43.681303,43.5992087,43.568633,43.544704,43.626365,43.594577,43.5903778,43.632641,43.5931564,43.551804,43.585974,43.60454,43.620747,43.5947431,43.6688466,43.6555526,43.645532,43.5624883,43.6491983,43.6123158,43.5711014,43.6406514,43.6803871,43.6015064,43.599288,43.6157222,43.6018468,43.639151,43.5834967,43.647575,43.5707023,43.615799,43.552877,43.5689565,43.648724,43.633893,43.6183551,43.5926761,43.590282,43.586311,43.648962,43.6058354,43.5732588,43.5942341,43.6176437,43.635982,43.6129405,43.5734437,43.6194423,43.6023878,43.6122779,43.625927,43.620931,43.6173997,43.615751,43.6171003,43.5526915,43.6920387,-116.2135745,-116.2919211,-116.284887,-116.3456794,-116.2082807,-116.1799021,-116.2960007,-116.2145508,-116.1534075,-116.3544153,-116.2102005,-116.230735,-116.2466671,-116.2284526,-116.194785,-116.215855,-116.2234691,-116.3160828,-116.3243743,-116.268053,-116.1964928,-116.218515,-116.1940438,-116.2226005,-116.199126,-116.191985,-116.2201504,-116.2188586,-116.200583,-116.1898411,-116.208625,-116.2016517,-116.1729855,-116.203086,-116.2147125,-116.2123541,-116.1833698,-116.185561,-116.2149029,-116.321398,-116.337034,-116.2621912,-116.2387254,-116.1858868,-116.1633768,-116.2187273,-116.1777398,-116.184313,-116.198734,-116.2941272,-116.3312438,-116.248724,-116.1735301,-116.1571147,-116.2943564,-116.214027,-116.1910508,-116.2216564,-116.32195,-116.1540997,-116.2610448,-116.2078795,-116.171538,-116.202894,-116.1322349,-116.3140766,-116.2610432,-116.069723,-116.3020825,-116.2330146,-116.3063828,-116.1743447,-116.3007286,-116.305672,-116.27027,-116.2692501,-116.2830959,-116.3192311,-116.1680331,-116.1857617,-116.153317,-116.1786617,-116.2137274,-116.1943893,-116.1696052,-116.2841691,-116.2102647,-116.159217,-116.140329,-116.1827547,-116.207153,-116.1564325,-116.236936,-116.222081,-116.1406764,-116.125789,-116.2333794,-116.228565,-116.314295,-116.223728,-116.189305,-116.1780806,-116.2077292,-116.208244,-116.2443622,-116.2372639,-116.3219028,-116.2134882,-116.1425104,-116.274251,-116.284287,-116.2287023,-116.18477,-116.2741747,-116.180993,-116.205531,-116.132874,-116.172557,-116.2123044,-116.195633,-116.2285497,-116.2217642,-116.2633144,-116.238387,-116.3472997,-116.1629067,-116.3268437,-116.1704825,-116.1633,-116.2344009,-116.2684177,-116.2130446,-116.293971,-116.3050215,-116.245916,-116.2743595,-116.1573813,-116.203326,-116.1335834,-116.22412,-116.098622,-116.1210522,-116.222835,-116.326042,-116.2309316,-116.2504264,-116.2709188,-116.183356,-116.247889,-116.1931448,-116.193697,-116.213678,-116.2536306,-116.033712,-116.2297304,-116.192158,-116.3342868,-116.1884035,-116.2085864,-116.191698,-116.2142557,-116.1982766,-116.203924,-116.2036778,-116.0986275,-116.2376974
192,Boise,Idaho,151909,366,8th street corridor,Special use,Open,ROW,Downtown,Corridor,BOISE CITY,0.84985652,GIS,,Not Classic,,0.004285835,3.83e-07,,Special Use,8th Street Corridor,43.6610652,43.6828866,43.679896,43.6605954,43.6104879,,43.6130114,43.6532929,43.6146316,43.5475988,43.6503693,43.617887,43.626294,43.6449789,43.6436012,43.638452,43.636504,43.6351477,43.6319851,43.6303104,43.626552,43.6248542,43.622819,43.6181311,43.6175837,43.616731,43.615077,43.616591,43.6144756,43.613066,43.6103798,43.610273,43.615726,43.6092033,43.614215,43.6151446,43.6144897,43.6052277,43.603333,43.6019085,43.604337,43.601044,43.5973645,43.5953347,43.6147002,43.5944027,43.5960863,43.5933122,43.590637,43.587635,43.5908829,43.5856801,43.5815,43.5883943,43.5783797,43.5774967,43.5772726,43.5880929,43.5734826,43.56389,43.5656557,43.6085474,43.6256985,43.61205,43.6338044,43.5600487,43.595756,43.6093837,43.468523,43.6899475,43.6574399,43.6554753,43.6019602,43.6521854,43.645009,43.6379565,43.6339837,43.6265791,43.6164788,43.6011568,43.5807801,43.563206,43.6147656,43.6187073,43.6112937,43.5824429,43.613342,43.6213324,43.573703,43.5751881,43.6116233,43.611803,43.5290362,43.6519645,43.615314,43.5732785,43.557425,43.6046661,43.610827,43.6153342,43.618824,43.613564,43.6236296,43.6265626,43.6329444,43.5898161,43.6384932,43.6483863,43.681303,43.5992087,43.568633,43.544704,43.626365,43.594577,43.5903778,43.632641,43.5931564,43.551804,43.585974,43.60454,43.620747,43.5947431,43.6688466,43.6555526,43.645532,43.5624883,43.6491983,43.6123158,43.5711014,43.6406514,43.6803871,43.6015064,43.599288,43.6157222,43.6018468,43.639151,43.5834967,43.647575,43.5707023,43.615799,43.552877,43.5689565,43.648724,43.633893,43.6183551,43.5926761,43.590282,43.586311,43.648962,43.6058354,43.5732588,43.5942341,43.6176437,43.635982,43.6129405,43.5734437,43.6194423,43.6023878,43.6122779,43.625927,43.620931,43.6173997,43.615751,43.6171003,43.5526915,43.6920387,-116.2135745,-116.2919211,-116.284887,-116.3456794,-116.2082807,-116.1799021,-116.2960007,-116.2145508,-116.1534075,-116.3544153,-116.2102005,-116.230735,-116.2466671,-116.2284526,-116.194785,-116.215855,-116.2234691,-116.3160828,-116.3243743,-116.268053,-116.1964928,-116.218515,-116.1940438,-116.2226005,-116.199126,-116.191985,-116.2201504,-116.2188586,-116.200583,-116.1898411,-116.208625,-116.2016517,-116.1729855,-116.203086,-116.2147125,-116.2123541,-116.1833698,-116.185561,-116.2149029,-116.321398,-116.337034,-116.2621912,-116.2387254,-116.1858868,-116.1633768,-116.2187273,-116.1777398,-116.184313,-116.198734,-116.2941272,-116.3312438,-116.248724,-116.1735301,-116.1571147,-116.2943564,-116.214027,-116.1910508,-116.2216564,-116.32195,-116.1540997,-116.2610448,-116.2078795,-116.171538,-116.202894,-116.1322349,-116.3140766,-116.2610432,-116.069723,-116.3020825,-116.2330146,-116.3063828,-116.1743447,-116.3007286,-116.305672,-116.27027,-116.2692501,-116.2830959,-116.3192311,-116.1680331,-116.1857617,-116.153317,-116.1786617,-116.2137274,-116.1943893,-116.1696052,-116.2841691,-116.2102647,-116.159217,-116.140329,-116.1827547,-116.207153,-116.1564325,-116.236936,-116.222081,-116.1406764,-116.125789,-116.2333794,-116.228565,-116.314295,-116.223728,-116.189305,-116.1780806,-116.2077292,-116.208244,-116.2443622,-116.2372639,-116.3219028,-116.2134882,-116.1425104,-116.274251,-116.284287,-116.2287023,-116.18477,-116.2741747,-116.180993,-116.205531,-116.132874,-116.172557,-116.2123044,-116.195633,-116.2285497,-116.2217642,-116.2633144,-116.238387,-116.3472997,-116.1629067,-116.3268437,-116.1704825,-116.1633,-116.2344009,-116.2684177,-116.2130446,-116.293971,-116.3050215,-116.245916,-116.2743595,-116.1573813,-116.203326,-116.1335834,-116.22412,-116.098622,-116.1210522,-116.222835,-116.326042,-116.2309316,-116.2504264,-116.2709188,-116.183356,-116.247889,-116.1931448,-116.193697,-116.213678,-116.2536306,-116.033712,-116.2297304,-116.192158,-116.3342868,-116.1884035,-116.2085864,-116.191698,-116.2142557,-116.1982766,-116.203924,-116.2036778,-116.0986275,-116.2376974
193,Boise,Idaho,151910,935,East valley parking lot,Special use,Open,Developed,Southeast,Special Use Area,BOISE CITY,0.20687434,GIS,6879 E Warm Springs Ave,Not Classic,,0.001228339,9.32e-08,6879 E WARM SPRINGS AVE,Special Use,East Valley Parking Lot,43.6610652,43.6828866,43.679896,43.6605954,43.6104879,,43.6130114,43.6532929,43.6146316,43.5475988,43.6503693,43.617887,43.626294,43.6449789,43.6436012,43.638452,43.636504,43.6351477,43.6319851,43.6303104,43.626552,43.6248542,43.622819,43.6181311,43.6175837,43.616731,43.615077,43.616591,43.6144756,43.613066,43.6103798,43.610273,43.615726,43.6092033,43.614215,43.6151446,43.6144897,43.6052277,43.603333,43.6019085,43.604337,43.601044,43.5973645,43.5953347,43.6147002,43.5944027,43.5960863,43.5933122,43.590637,43.587635,43.5908829,43.5856801,43.5815,43.5883943,43.5783797,43.5774967,43.5772726,43.5880929,43.5734826,43.56389,43.5656557,43.6085474,43.6256985,43.61205,43.6338044,43.5600487,43.595756,43.6093837,43.468523,43.6899475,43.6574399,43.6554753,43.6019602,43.6521854,43.645009,43.6379565,43.6339837,43.6265791,43.6164788,43.6011568,43.5807801,43.563206,43.6147656,43.6187073,43.6112937,43.5824429,43.613342,43.6213324,43.573703,43.5751881,43.6116233,43.611803,43.5290362,43.6519645,43.615314,43.5732785,43.557425,43.6046661,43.610827,43.6153342,43.618824,43.613564,43.6236296,43.6265626,43.6329444,43.5898161,43.6384932,43.6483863,43.681303,43.5992087,43.568633,43.544704,43.626365,43.594577,43.5903778,43.632641,43.5931564,43.551804,43.585974,43.60454,43.620747,43.5947431,43.6688466,43.6555526,43.645532,43.5624883,43.6491983,43.6123158,43.5711014,43.6406514,43.6803871,43.6015064,43.599288,43.6157222,43.6018468,43.639151,43.5834967,43.647575,43.5707023,43.615799,43.552877,43.5689565,43.648724,43.633893,43.6183551,43.5926761,43.590282,43.586311,43.648962,43.6058354,43.5732588,43.5942341,43.6176437,43.635982,43.6129405,43.5734437,43.6194423,43.6023878,43.6122779,43.625927,43.620931,43.6173997,43.615751,43.6171003,43.5526915,43.6920387,-116.2135745,-116.2919211,-116.284887,-116.3456794,-116.2082807,-116.1799021,-116.2960007,-116.2145508,-116.1534075,-116.3544153,-116.2102005,-116.230735,-116.2466671,-116.2284526,-116.194785,-116.215855,-116.2234691,-116.3160828,-116.3243743,-116.268053,-116.1964928,-116.218515,-116.1940438,-116.2226005,-116.199126,-116.191985,-116.2201504,-116.2188586,-116.200583,-116.1898411,-116.208625,-116.2016517,-116.1729855,-116.203086,-116.2147125,-116.2123541,-116.1833698,-116.185561,-116.2149029,-116.321398,-116.337034,-116.2621912,-116.2387254,-116.1858868,-116.1633768,-116.2187273,-116.1777398,-116.184313,-116.198734,-116.2941272,-116.3312438,-116.248724,-116.1735301,-116.1571147,-116.2943564,-116.214027,-116.1910508,-116.2216564,-116.32195,-116.1540997,-116.2610448,-116.2078795,-116.171538,-116.202894,-116.1322349,-116.3140766,-116.2610432,-116.069723,-116.3020825,-116.2330146,-116.3063828,-116.1743447,-116.3007286,-116.305672,-116.27027,-116.2692501,-116.2830959,-116.3192311,-116.1680331,-116.1857617,-116.153317,-116.1786617,-116.2137274,-116.1943893,-116.1696052,-116.2841691,-116.2102647,-116.159217,-116.140329,-116.1827547,-116.207153,-116.1564325,-116.236936,-116.222081,-116.1406764,-116.125789,-116.2333794,-116.228565,-116.314295,-116.223728,-116.189305,-116.1780806,-116.2077292,-116.208244,-116.2443622,-116.2372639,-116.3219028,-116.2134882,-116.1425104,-116.274251,-116.284287,-116.2287023,-116.18477,-116.2741747,-116.180993,-116.205531,-116.132874,-116.172557,-116.2123044,-116.195633,-116.2285497,-116.2217642,-116.2633144,-116.238387,-116.3472997,-116.1629067,-116.3268437,-116.1704825,-116.1633,-116.2344009,-116.2684177,-116.2130446,-116.293971,-116.3050215,-116.245916,-116.2743595,-116.1573813,-116.203326,-116.1335834,-116.22412,-116.098622,-116.1210522,-116.222835,-116.326042,-116.2309316,-116.2504264,-116.2709188,-116.183356,-116.247889,-116.1931448,-116.193697,-116.213678,-116.2536306,-116.033712,-116.2297304,-116.192158,-116.3342868,-116.1884035,-116.2085864,-116.191698,-116.2142557,-116.1982766,-116.203924,-116.2036778,-116.0986275,-116.2376974
194,Boise,Idaho,151911,718,Pierce gulch farms,Open space,Open_Restricted,Reserve,North River,Natural Area,BOISE CITY,75.0984888,GIS,9298 N Pierce Park Ln,Reserve,,0.040463151,3.39e-05,9298 N PIERCE PARK LN,Open Space,Pierce Gulch Farms,43.6610652,43.6828866,43.679896,43.6605954,43.6104879,,43.6130114,43.6532929,43.6146316,43.5475988,43.6503693,43.617887,43.626294,43.6449789,43.6436012,43.638452,43.636504,43.6351477,43.6319851,43.6303104,43.626552,43.6248542,43.622819,43.6181311,43.6175837,43.616731,43.615077,43.616591,43.6144756,43.613066,43.6103798,43.610273,43.615726,43.6092033,43.614215,43.6151446,43.6144897,43.6052277,43.603333,43.6019085,43.604337,43.601044,43.5973645,43.5953347,43.6147002,43.5944027,43.5960863,43.5933122,43.590637,43.587635,43.5908829,43.5856801,43.5815,43.5883943,43.5783797,43.5774967,43.5772726,43.5880929,43.5734826,43.56389,43.5656557,43.6085474,43.6256985,43.61205,43.6338044,43.5600487,43.595756,43.6093837,43.468523,43.6899475,43.6574399,43.6554753,43.6019602,43.6521854,43.645009,43.6379565,43.6339837,43.6265791,43.6164788,43.6011568,43.5807801,43.563206,43.6147656,43.6187073,43.6112937,43.5824429,43.613342,43.6213324,43.573703,43.5751881,43.6116233,43.611803,43.5290362,43.6519645,43.615314,43.5732785,43.557425,43.6046661,43.610827,43.6153342,43.618824,43.613564,43.6236296,43.6265626,43.6329444,43.5898161,43.6384932,43.6483863,43.681303,43.5992087,43.568633,43.544704,43.626365,43.594577,43.5903778,43.632641,43.5931564,43.551804,43.585974,43.60454,43.620747,43.5947431,43.6688466,43.6555526,43.645532,43.5624883,43.6491983,43.6123158,43.5711014,43.6406514,43.6803871,43.6015064,43.599288,43.6157222,43.6018468,43.639151,43.5834967,43.647575,43.5707023,43.615799,43.552877,43.5689565,43.648724,43.633893,43.6183551,43.5926761,43.590282,43.586311,43.648962,43.6058354,43.5732588,43.5942341,43.6176437,43.635982,43.6129405,43.5734437,43.6194423,43.6023878,43.6122779,43.625927,43.620931,43.6173997,43.615751,43.6171003,43.5526915,43.6920387,-116.2135745,-116.2919211,-116.284887,-116.3456794,-116.2082807,-116.1799021,-116.2960007,-116.2145508,-116.1534075,-116.3544153,-116.2102005,-116.230735,-116.2466671,-116.2284526,-116.194785,-116.215855,-116.2234691,-116.3160828,-116.3243743,-116.268053,-116.1964928,-116.218515,-116.1940438,-116.2226005,-116.199126,-116.191985,-116.2201504,-116.2188586,-116.200583,-116.1898411,-116.208625,-116.2016517,-116.1729855,-116.203086,-116.2147125,-116.2123541,-116.1833698,-116.185561,-116.2149029,-116.321398,-116.337034,-116.2621912,-116.2387254,-116.1858868,-116.1633768,-116.2187273,-116.1777398,-116.184313,-116.198734,-116.2941272,-116.3312438,-116.248724,-116.1735301,-116.1571147,-116.2943564,-116.214027,-116.1910508,-116.2216564,-116.32195,-116.1540997,-116.2610448,-116.2078795,-116.171538,-116.202894,-116.1322349,-116.3140766,-116.2610432,-116.069723,-116.3020825,-116.2330146,-116.3063828,-116.1743447,-116.3007286,-116.305672,-116.27027,-116.2692501,-116.2830959,-116.3192311,-116.1680331,-116.1857617,-116.153317,-116.1786617,-116.2137274,-116.1943893,-116.1696052,-116.2841691,-116.2102647,-116.159217,-116.140329,-116.1827547,-116.207153,-116.1564325,-116.236936,-116.222081,-116.1406764,-116.125789,-116.2333794,-116.228565,-116.314295,-116.223728,-116.189305,-116.1780806,-116.2077292,-116.208244,-116.2443622,-116.2372639,-116.3219028,-116.2134882,-116.1425104,-116.274251,-116.284287,-116.2287023,-116.18477,-116.2741747,-116.180993,-116.205531,-116.132874,-116.172557,-116.2123044,-116.195633,-116.2285497,-116.2217642,-116.2633144,-116.238387,-116.3472997,-116.1629067,-116.3268437,-116.1704825,-116.1633,-116.2344009,-116.2684177,-116.2130446,-116.293971,-116.3050215,-116.245916,-116.2743595,-116.1573813,-116.203326,-116.1335834,-116.22412,-116.098622,-116.1210522,-116.222835,-116.326042,-116.2309316,-116.2504264,-116.2709188,-116.183356,-116.247889,-116.1931448,-116.193697,-116.213678,-116.2536306,-116.033712,-116.2297304,-116.192158,-116.3342868,-116.1884035,-116.2085864,-116.191698,-116.2142557,-116.1982766,-116.203924,-116.2036778,-116.0986275,-116.2376974
195,Boise,Idaho,151912,719,Hill road parkway,Open space,Open_Restricted,Reserve,North River,Natural Area,BOISE CITY,2.65622476,GIS,N Duncan LnÃƒâ€šÃ‚Â  Ãƒâ€šÃ‚Â  Ãƒâ€šÃ‚Â  Ãƒâ€šÃ‚Â  Ãƒâ€šÃ‚Â  Ãƒâ€šÃ‚Â  Ãƒâ€šÃ‚Â  Ãƒâ€šÃ‚Â  Ãƒâ€šÃ‚Â  Ãƒâ€šÃ‚Â  Ãƒâ€šÃ‚Â  Ãƒâ€šÃ‚Â  Ãƒâ€šÃ‚Â  Ãƒâ€šÃ‚Â  Ãƒâ€šÃ‚Â  Ãƒâ€šÃ‚Â  Ãƒâ€šÃ‚Â  Ãƒâ€šÃ‚Â  Ãƒâ€šÃ‚Â  Ãƒâ€šÃ‚Â  Ãƒâ€šÃ‚Â  Ãƒâ€šÃ‚Â  Ãƒâ€šÃ‚Â  Ãƒâ€šÃ‚Â  Ãƒâ€šÃ‚Â ,Reserve,,0.005654415,1.2e-06,N DUNCAN LNÃƒâ€šÃ‚Â  Ãƒâ€šÃ‚Â  Ãƒâ€šÃ‚Â  Ãƒâ€šÃ‚Â  Ãƒâ€šÃ‚Â  Ãƒâ€šÃ‚Â  Ãƒâ€šÃ‚Â  Ãƒâ€šÃ‚Â  Ãƒâ€šÃ‚Â  Ãƒâ€šÃ‚Â  Ãƒâ€šÃ‚Â  Ãƒâ€šÃ‚Â  Ãƒâ€šÃ‚Â  Ãƒâ€šÃ‚Â  Ãƒâ€šÃ‚Â  Ãƒâ€šÃ‚Â  Ãƒâ€šÃ‚Â  Ãƒâ€šÃ‚Â  Ãƒâ€šÃ‚Â  Ãƒâ€šÃ‚Â  Ãƒâ€šÃ‚Â  Ãƒâ€šÃ‚Â  Ãƒâ€šÃ‚Â  Ãƒâ€šÃ‚Â  Ãƒâ€šÃ‚Â ,Open Space,Hill Road Parkway,43.6610652,43.6828866,43.679896,43.6605954,43.6104879,,43.6130114,43.6532929,43.6146316,43.5475988,43.6503693,43.617887,43.626294,43.6449789,43.6436012,43.638452,43.636504,43.6351477,43.6319851,43.6303104,43.626552,43.6248542,43.622819,43.6181311,43.6175837,43.616731,43.615077,43.616591,43.6144756,43.613066,43.6103798,43.610273,43.615726,43.6092033,43.614215,43.6151446,43.6144897,43.6052277,43.603333,43.6019085,43.604337,43.601044,43.5973645,43.5953347,43.6147002,43.5944027,43.5960863,43.5933122,43.590637,43.587635,43.5908829,43.5856801,43.5815,43.5883943,43.5783797,43.5774967,43.5772726,43.5880929,43.5734826,43.56389,43.5656557,43.6085474,43.6256985,43.61205,43.6338044,43.5600487,43.595756,43.6093837,43.468523,43.6899475,43.6574399,43.6554753,43.6019602,43.6521854,43.645009,43.6379565,43.6339837,43.6265791,43.6164788,43.6011568,43.5807801,43.563206,43.6147656,43.6187073,43.6112937,43.5824429,43.613342,43.6213324,43.573703,43.5751881,43.6116233,43.611803,43.5290362,43.6519645,43.615314,43.5732785,43.557425,43.6046661,43.610827,43.6153342,43.618824,43.613564,43.6236296,43.6265626,43.6329444,43.5898161,43.6384932,43.6483863,43.681303,43.5992087,43.568633,43.544704,43.626365,43.594577,43.5903778,43.632641,43.5931564,43.551804,43.585974,43.60454,43.620747,43.5947431,43.6688466,43.6555526,43.645532,43.5624883,43.6491983,43.6123158,43.5711014,43.6406514,43.6803871,43.6015064,43.599288,43.6157222,43.6018468,43.639151,43.5834967,43.647575,43.5707023,43.615799,43.552877,43.5689565,43.648724,43.633893,43.6183551,43.5926761,43.590282,43.586311,43.648962,43.6058354,43.5732588,43.5942341,43.6176437,43.635982,43.6129405,43.5734437,43.6194423,43.6023878,43.6122779,43.625927,43.620931,43.6173997,43.615751,43.6171003,43.5526915,43.6920387,-116.2135745,-116.2919211,-116.284887,-116.3456794,-116.2082807,-116.1799021,-116.2960007,-116.2145508,-116.1534075,-116.3544153,-116.2102005,-116.230735,-116.2466671,-116.2284526,-116.194785,-116.215855,-116.2234691,-116.3160828,-116.3243743,-116.268053,-116.1964928,-116.218515,-116.1940438,-116.2226005,-116.199126,-116.191985,-116.2201504,-116.2188586,-116.200583,-116.1898411,-116.208625,-116.2016517,-116.1729855,-116.203086,-116.2147125,-116.2123541,-116.1833698,-116.185561,-116.2149029,-116.321398,-116.337034,-116.2621912,-116.2387254,-116.1858868,-116.1633768,-116.2187273,-116.1777398,-116.184313,-116.198734,-116.2941272,-116.3312438,-116.248724,-116.1735301,-116.1571147,-116.2943564,-116.214027,-116.1910508,-116.2216564,-116.32195,-116.1540997,-116.2610448,-116.2078795,-116.171538,-116.202894,-116.1322349,-116.3140766,-116.2610432,-116.069723,-116.3020825,-116.2330146,-116.3063828,-116.1743447,-116.3007286,-116.305672,-116.27027,-116.2692501,-116.2830959,-116.3192311,-116.1680331,-116.1857617,-116.153317,-116.1786617,-116.2137274,-116.1943893,-116.1696052,-116.2841691,-116.2102647,-116.159217,-116.140329,-116.1827547,-116.207153,-116.1564325,-116.236936,-116.222081,-116.1406764,-116.125789,-116.2333794,-116.228565,-116.314295,-116.223728,-116.189305,-116.1780806,-116.2077292,-116.208244,-116.2443622,-116.2372639,-116.3219028,-116.2134882,-116.1425104,-116.274251,-116.284287,-116.2287023,-116.18477,-116.2741747,-116.180993,-116.205531,-116.132874,-116.172557,-116.2123044,-116.195633,-116.2285497,-116.2217642,-116.2633144,-116.238387,-116.3472997,-116.1629067,-116.3268437,-116.1704825,-116.1633,-116.2344009,-116.2684177,-116.2130446,-116.293971,-116.3050215,-116.245916,-116.2743595,-116.1573813,-116.203326,-116.1335834,-116.22412,-116.098622,-116.1210522,-116.222835,-116.326042,-116.2309316,-116.2504264,-116.2709188,-116.183356,-116.247889,-116.1931448,-116.193697,-116.213678,-116.2536306,-116.033712,-116.2297304,-116.192158,-116.3342868,-116.1884035,-116.2085864,-116.191698,-116.2142557,-116.1982766,-116.203924,-116.2036778,-116.0986275,-116.2376974
